30000 872
1001 17001
17017 24009
3003 17002
6006 12004
27027 10014
27027 24014
23023 25012
20020 25011
4004 4003
22022 10012
10010 27006
15015 26008
11011 18006
5005 5003
7007 7004
11011 26006
13013 17007
3003 16002
18018 15010
11011 4006
5005 18003
12012 21007
21021 6011
1001 14001
27027 20014
0 12001
17017 25009
16016 4009
2002 12002
17017 8009
6006 22004
1001 9001
8008 23005
5005 26003
15015 15008
27027 23014
9009 1005
29029 16015
10010 15006
4004 15003
2002 15002
24024 6013
3003 5002
13013 28007
20020 10011
10010 5006
2002 28002
16016 16009
5005 19003
12012 4007
5005 20003
10010 25006
8008 26005
16016 19009
11011 8006
15015 23008
13013 5007
10010 9006
11011 14006
21021 1011
1001 12001
28028 18015
7007 11004
3003 23002
9009 7005
8008 28005
3003 10002
10010 2006
7007 2004
21021 18011
3003 26002
29029 9015
15015 8008
0 5001
25025 6013
14014 23008
8008 3005
10010 12006
13013 20007
21021 14011
6006 9004
8008 13005
18018 14010
2002 8002
6006 5004
16016 17009
26026 23014
12012 13007
12512 28007
11011 3006
10010 23006
14014 26008
17017 6009
14014 9008
21021 26011
7007 28004
19019 15010
6006 19004
0 13001
1001 19001
9009 14005
21021 22011
14014 24008
8008 12005
7007 8004
28028 27015
18018 25010
12012 18007
13013 2007
22022 15012
19019 7010
3003 3002
7007 14004
14014 7008
12012 1007
28028 7015
22022 24012
5005 4003
4004 17003
2002 11002
17017 17009
3003 6002
7007 6004
4004 22003
11011 20006
18018 13010
17017 1009
23023 17012
20020 14011
27027 9014
10010 3006
11011 6006
5005 9003
23023 28012
25025 12013
14014 8008
3003 20002
16016 13009
29029 19015
29029 3015
1001 11001
2002 18002
16016 6009
16016 5009
28028 17015
3003 13002
10010 4006
18018 22010
2002 7002
6006 28004
12012 6007
13013 9007
28028 16015
12012 3007
12012 9007
3003 14002
23023 20012
16016 9009
13013 10007
25025 19013
27027 17014
9009 2005
4004 28003
16016 14009
23023 21012
21021 11011
4004 25003
14014 17008
12012 16007
28028 25015
29029 12015
0 3001
28028 3015
6006 15004
3003 27002
7007 9004
20020 16011
9009 11005
19019 17010
19019 24010
24024 15013
26026 5014
14014 22008
1001 4001
22022 12012
22022 13012
22022 3012
1001 20001
12012 7007
13013 13007
24024 1013
17017 10009
24024 18013
20020 17011
17017 28009
5005 3003
22022 9012
15015 11008
15015 22008
23023 2012
1001 6001
24024 24013
28528 28015
24024 3013
1001 22001
16016 8009
12012 20007
16016 1009
10510 28006
29029 7015
19019 10010
15015 18008
16016 15009
16016 21009
13013 11007
20020 23011
27027 25014
5005 23003
20020 28011
15015 5008
7007 22004
17017 13009
0 22001
13013 14007
26026 17014
17017 3009
21021 10011
11011 27006
25025 13013
5005 24003
3003 2002
13013 3007
18018 2010
16016 28009
0 9001
19019 23010
11011 1006
3003 19002
11011 21006
17017 19009
8008 27005
14014 18008
21021 20011
14014 20008
25025 1013
20020 13011
0 1
12012 2007
15015 19008
0 19001
9009 27005
29029 21015
27027 22014
14014 27008
1001 1001
25025 10013
27027 27014
13013 1007
20520 28011
500 28001
7007 20004
4004 11003
21021 21011
0 20001
4004 3003
9009 3005
8008 24005
17017 18009
2002 19002
22022 5012
25025 21013
22022 28012
27027 26014
14014 5008
5005 28003
21021 24011
27027 12014
3003 11002
3003 25002
24524 28013
29029 10015
1001 8001
6006 27004
4004 21003
1001 23001
1001 18001
5005 22003
2002 4002
16016 27009
0 18001
2002 9002
4004 23003
2002 23002
25525 1001
2002 1002
12012 27007
3003 18002
6006 23004
24024 13013
8008 14005
21521 1001
7007 4004
22022 1012
1001 2001
22022 14012
12012 17007
5005 8003
20020 4011
19019 9010
18018 11010
24024 17013
15015 25008
15015 13008
9009 13005
0 8001
29029 13015
17517 1001
28028 8015
23023 13012
21021 19011
26026 26014
3003 7002
28028 20015
6006 11004
8008 6005
6006 25004
1001 21001
19519 1001
19019 13010
26026 1014
26026 3014
24024 27013
1001 10001
23023 11012
10010 28006
15015 20008
5005 7003
17017 23009
3003 1002
9009 5005
29029 28015
14014 13008
7007 13004
27027 28014
17017 15009
13013 4007
14014 15008
16016 24009
0 7001
10010 8006
27027 4014
14014 2008
19019 12010
28028 4015
15015 17008
6006 10004
11011 16006
14014 19008
4004 2003
25025 9013
24024 8013
25025 26013
7007 12004
23023 26012
6006 21004
11011 19006
14014 3008
25025 28013
6006 6004
15015 2008
8008 1005
18018 17010
26026 7014
2502 28002
7007 1004
11011 23006
8008 7005
14514 28008
11011 10006
12012 28007
4004 12003
16516 28009
28028 14015
9009 15005
11011 25006
7007 25004
10010 26006
23523 1001
19019 14010
21021 2011
15015 12008
18018 7010
26026 12014
21021 13011
23023 18012
26026 6014
19019 22010
16016 12009
7007 27004
14014 10008
5005 10003
27527 1001
29029 26015
23023 12012
3003 15002
26026 28014
25025 20013
0 11001
28028 6015
29029 6015
2002 24002
17017 14009
11011 28006
17017 16009
0 14001
1001 7001
7007 26004
2002 27002
9009 4005
19019 21010
4004 13003
19019 28010
17017 26009
20020 6011
1001 5001
6006 2004
13013 15007
16016 18009
18018 26010
11011 12006
7007 5004
19019 4010
18018 27010
17017 20009
15015 7008
24024 20013
3003 8002
12012 5007
17017 5009
16016 10009
15015 1008
3003 21002
18018 12010
8008 11005
22022 7012
16016 22009
21021 7011
29029 14015
27027 14014
1001 3001
20020 21011
4004 6003
18018 20010
21021 25011
6006 20004
23023 6012
12012 25007
11011 7006
3003 24002
1001 25001
20020 1011
11011 22006
29029 2015
21021 9011
17017 4009
23023 4012
0 26001
16016 20009
25025 27013
5005 15003
18018 10010
28028 28015
6006 7004
12012 24007
28028 1015
13013 12007
6006 16004
27027 13014
26026 25014
27027 6014
21021 17011
23023 16012
17017 21009
19019 8010
22022 6012
12012 12007
13013 16007
9009 17005
6006 4004
18018 28010
8008 20005
20020 27011
13013 22007
22022 21012
28028 10015
0 21001
7007 18004
2002 26002
26026 19014
3003 12002
21021 8011
4004 10003
13013 21007
17017 27009
19019 11010
22022 4012
0 15001
20020 20011
24024 26013
11011 9006
3503 1001
10010 6006
24024 21013
22022 2012
26026 9014
5005 16003
2002 20002
14014 12008
19019 19010
24024 2013
20020 24011
23023 14012
25025 25013
25025 4013
2002 14002
5005 11003
11511 1001
8008 5005
20020 15011
8008 2005
8508 28005
17017 7009
1001 16001
4004 8003
5005 14003
8008 17005
23023 15012
18018 6010
19019 18010
27027 3014
24024 12013
9009 20005
7007 21004
5005 27003
11011 11006
9009 21005
22022 23012
4004 16003
25025 2013
20020 18011
22022 19012
16016 23009
27027 1014
22022 11012
28028 9015
13513 1001
26026 11014
14014 11008
26026 16014
6006 24004
6006 8004
20020 9011
0 27001
21021 3011
26026 24014
22522 28012
29029 25015
13013 26007
26026 13014
26026 21014
15015 9008
13013 24007
27027 15014
24024 19013
23023 22012
22022 22012
0 4001
2002 2002
9009 10005
24024 14013
14014 4008
16016 26009
16016 2009
14014 28008
8008 18005
8008 21005
20020 22011
28028 2015
25025 3013
5005 21003
26026 27014
7007 23004
26026 10014
21021 16011
25025 24013
2002 3002
21021 12011
10010 20006
7007 17004
27027 21014
17017 9009
3003 9002
11011 13006
26026 2014
10010 17006
10010 24006
24024 11013
20020 5011
0 6001
18518 28010
4004 5003
2002 10002
11011 5006
16016 11009
28529 29001
10010 1006
16016 7009
6006 26004
0 10001
14014 25008
14014 6008
26526 28014
10010 11006
11011 24006
19019 20010
9009 19005
1001 13001
6006 17004
8008 10005
15015 14008
14014 1008
15015 16008
26026 15014
13013 6007
10010 21006
18018 18010
7007 16004
25025 11013
26026 22014
12012 19007
14014 16008
26026 8014
28028 23015
20020 3011
27027 7014
27027 5014
8008 4005
24024 7013
4004 9003
12012 14007
2002 22002
29029 15015
5505 1001
23023 8012
19019 6010
24024 22013
2002 21002
29029 23015
22022 8012
10010 14006
13013 18007
4504 28003
29029 8015
6006 1004
12012 11007
28028 22015
7007 15004
4004 19003
0 2001
25025 15013
29029 22015
28028 11015
10010 13006
16016 3009
27027 11014
18018 23010
8008 9005
28028 19015
6506 28004
2002 25002
3003 28002
17017 11009
18018 24010
25025 22013
15015 28008
20020 7011
20020 8011
17017 12009
29029 11015
22022 27012
7007 10004
29029 1015
2002 17002
13013 8007
12012 22007
1501 1001
19019 27010
4004 20003
4004 7003
29029 4015
13013 19007
13013 23007
0 25001
19019 5010
24024 9013
18018 5010
28028 24015
11011 15006
9009 25005
10010 18006
19019 1010
28028 26015
6006 18004
21021 28011
9009 6005
23023 10012
9009 24005
24024 23013
5005 25003
29029 20015
4004 14003
10010 7006
29029 27015
20020 12011
6006 14004
27027 19014
0 23001
23023 19012
18018 4010
9009 26005
26026 4014
9009 18005
18018 16010
9009 16005
1001 27001
18018 19010
25025 14013
27027 8014
7007 24004
7507 1001
9009 22005
24024 25013
2002 13002
19019 26010
18018 8010
5005 6003
21021 23011
0 16001
18018 21010
27027 16014
22022 26012
9009 23005
15015 10008
6006 3004
9009 8005
29029 24015
24024 5013
4004 1003
15015 24008
15015 6008
4004 18003
14014 14008
8008 19005
17017 2009
4004 24003
3003 22002
17017 22009
13013 27007
18018 9010
21021 15011
28028 21015
18018 3010
0 17001
5005 17003
22022 18012
8008 8005
11011 2006
23023 7012
20020 11011
23023 9012
10010 16006
7007 19004
21021 27011
23023 5012
12012 23007
15015 3008
21021 4011
2002 16002
5005 1003
9009 12005
29529 1001
2002 6002
16016 25009
1001 15001
25025 5013
5005 2003
6006 13004
12012 26007
19019 2010
24024 16013
23023 23012
0 1001
25025 16013
15015 21008
4004 27003
10010 19006
21021 5011
3003 4002
23023 27012
9009 28005
2002 5002
10010 22006
20020 2011
26026 14014
15015 27008
1001 24001
19019 3010
25025 18013
1001 28001
24024 4013
29029 5015
29029 18015
14014 21008
29029 17015
8008 16005
12012 10007
5005 12003
23023 3012
8008 15005
22022 16012
15515 1001
20020 19011
8008 22005
0 24001
22022 17012
28028 15015
19019 16010
28028 5015
13013 7007
9509 1001
8008 25005
10010 10006
27027 2014
23023 1012
25025 17013
23023 24012
28028 13015
18018 1010
24024 10013
5005 13003
19019 25010
25025 23013
7007 3004
0 28001
12012 15007
12012 8007
27027 18014
20020 26011
25025 7013
26026 18014
22022 20012
11011 17006
9009 9005
13013 25007
28028 12015
15015 4008
25025 8013
4004 26003
26026 20014
1001 26001
24024 28013
22022 25012
