30000 756
7007 12004
20020 20011
2002 27002
9009 19005
8008 27005
23023 15012
21021 19011
3003 18002
21021 28011
15015 23008
13013 14007
4004 2003
14014 9008
6006 7004
25025 11013
23023 4012
1001 20001
2002 20002
24024 28013
13013 2007
0 11001
24024 1013
3003 11002
0 13001
16016 8009
7007 27004
8008 23005
18018 17010
23023 9012
12012 20007
11011 3006
5005 9003
18018 16010
11011 9006
21021 23011
24024 22013
1001 21001
21021 17011
24024 10013
13013 25007
6006 6004
14014 6008
17017 10009
3003 12002
10010 21006
8008 26005
17017 15009
22022 5012
13013 26007
22022 12012
14014 14008
10010 18006
4004 3003
0 1
3003 2002
19019 11010
16016 15009
21021 20011
4004 8003
11011 21006
15015 8008
14014 20008
14014 18008
19019 26010
12012 28007
18018 7010
2002 3002
11011 25006
15015 13008
13013 22007
9009 28005
25525 1001
11011 6006
7007 21004
4004 26003
4004 5003
1001 19001
2502 28002
2002 17002
11011 19006
17017 20009
11011 7006
12012 26007
12012 2007
4004 4003
7007 20004
22022 20012
3003 7002
25025 1013
1001 16001
2002 23002
16016 27009
11011 14006
1001 24001
10010 10006
1001 11001
3003 22002
0 1001
22022 9012
3003 3002
9009 2005
0 19001
18018 24010
6006 19004
14014 23008
1001 17001
16016 5009
17017 24009
5005 6003
17017 7009
2002 28002
20020 10011
3003 17002
5005 5003
6006 15004
10010 17006
1001 26001
14014 12008
12012 17007
1001 25001
24024 3013
9009 8005
16016 11009
19019 12010
15015 24008
13513 1001
25025 22013
18018 4010
12012 16007
11511 1001
1001 13001
12012 15007
16016 19009
13013 15007
20020 18011
19019 27010
18018 11010
8008 6005
15015 28008
12512 28007
1001 28001
0 27001
23023 25012
2002 7002
21021 21011
14014 24008
5005 25003
22022 10012
4004 17003
19019 20010
25025 25013
0 21001
4004 6003
11011 8006
8008 1005
12012 19007
24024 27013
11011 26006
4004 28003
2002 26002
2002 5002
24024 21013
24024 26013
17017 5009
11011 28006
24524 28013
12012 7007
14014 27008
14514 28008
16016 13009
15015 3008
20020 15011
0 26001
3003 8002
19019 19010
21021 15011
11011 12006
17017 19009
24525 29001
0 14001
1001 2001
13013 23007
5005 2003
1001 4001
14014 26008
5005 27003
9009 25005
12012 13007
9009 24005
7007 26004
21021 26011
17017 25009
4004 7003
14014 22008
19019 5010
17017 9009
25025 18013
2002 21002
13013 12007
23023 21012
16016 16009
15015 25008
6006 11004
13013 27007
5005 28003
23023 12012
24024 5013
9009 27005
12012 6007
4004 14003
24024 9013
24024 12013
24024 23013
8008 2005
10010 19006
4004 21003
0 7001
11011 20006
8008 25005
24024 2013
15015 7008
19019 23010
10510 28006
9009 12005
2002 11002
10010 13006
10010 1006
13013 10007
23023 10012
15015 22008
21021 18011
20020 9011
23023 1012
9509 1001
1501 1001
16016 25009
2002 24002
16016 9009
24024 24013
22022 13012
8008 16005
3003 9002
12012 8007
15015 27008
15015 19008
22022 28012
21021 14011
4004 22003
13013 13007
24024 17013
6006 27004
9009 18005
9009 16005
0 25001
1001 15001
13013 11007
6006 3004
16016 6009
4004 16003
1001 9001
8008 8005
11011 4006
12012 14007
4004 25003
8008 19005
10010 7006
4004 23003
20020 28011
4004 27003
8008 12005
18018 2010
2002 19002
13013 20007
15015 18008
21021 10011
20020 23011
7007 24004
18018 15010
6006 23004
17517 1001
3003 28002
13013 16007
19019 13010
6006 5004
18018 12010
9009 9005
10010 2006
8008 13005
13013 17007
3003 5002
6006 2004
22022 1012
15015 11008
3003 21002
4004 19003
25025 6013
11011 27006
15015 6008
17017 12009
2002 4002
9009 10005
25025 9013
7007 13004
3003 25002
13013 9007
0 18001
4004 20003
5005 19003
24024 8013
3003 16002
3003 24002
3003 26002
22022 8012
14014 28008
12012 18007
5505 1001
13013 7007
8008 22005
1001 23001
18518 28010
3003 1002
9009 4005
13013 8007
6006 9004
6006 1004
21021 4011
12012 3007
17017 6009
21021 22011
25025 14013
24024 20013
20020 27011
24024 11013
19019 18010
0 6001
22022 11012
14014 3008
25025 19013
19019 3010
3003 23002
12012 9007
2002 14002
6006 10004
4004 15003
25025 4013
13013 3007
23023 5012
4504 28003
16016 23009
4004 13003
12012 11007
13013 24007
20020 13011
9009 14005
1001 14001
19519 1001
14014 11008
16016 4009
8008 17005
12012 10007
4004 24003
11011 22006
0 20001
4004 10003
7007 10004
8008 11005
14014 2008
18018 8010
15015 5008
12012 1007
0 15001
12012 27007
6006 26004
25025 10013
0 8001
14014 1008
9009 15005
11011 2006
17017 17009
14014 13008
15015 10008
21021 1011
3003 27002
19019 25010
12012 4007
8008 21005
1001 5001
25025 21013
23023 13012
3003 10002
21021 24011
14014 16008
22522 28012
9009 17005
19019 4010
6006 13004
9009 21005
7507 1001
1001 6001
11011 23006
5005 10003
2002 15002
17017 1009
10010 25006
15015 12008
5005 26003
25025 27013
19019 8010
9009 6005
16016 20009
21021 5011
10010 11006
13013 4007
18018 19010
6006 12004
3003 13002
20520 28011
18018 21010
21021 7011
0 10001
11011 16006
9009 3005
2002 16002
21021 9011
18018 1010
17017 3009
16516 28009
5005 12003
20020 14011
16016 21009
14014 4008
19019 28010
11011 24006
25025 28013
18018 9010
16016 3009
8008 3005
13013 6007
15015 26008
14014 8008
1001 3001
5005 8003
23023 22012
23023 8012
24024 4013
14014 17008
23023 14012
18018 14010
10010 4006
21021 6011
18018 28010
3003 6002
22022 25012
6006 28004
13013 5007
15015 4008
10010 14006
16016 14009
7007 17004
10010 12006
7007 8004
8008 15005
18018 20010
18018 26010
9009 5005
24024 15013
16016 22009
21021 8011
5005 3003
21521 1001
7007 9004
23023 19012
12012 5007
22022 7012
20020 26011
8008 10005
8008 18005
2002 8002
8008 20005
16016 28009
22022 19012
18018 22010
25025 26013
5005 13003
4004 1003
12012 21007
12012 25007
23023 24012
17017 2009
15015 15008
0 24001
13013 1007
9009 22005
0 9001
15015 9008
17017 28009
20020 3011
20020 1011
16016 2009
10010 5006
15515 1001
4004 9003
22022 4012
5005 4003
2002 13002
5005 15003
18018 5010
10010 3006
20020 22011
1001 1001
20020 4011
4004 11003
1001 22001
17017 23009
17017 26009
22022 17012
20020 25011
20020 17011
21021 11011
1001 18001
16016 7009
25025 16013
22022 3012
10010 9006
12012 22007
18018 25010
6006 25004
12012 24007
16016 24009
16016 18009
13013 21007
2002 12002
8008 14005
19019 22010
10010 20006
0 23001
6006 17004
18018 23010
19019 15010
12012 23007
5005 23003
24024 25013
11011 10006
6006 22004
7007 16004
22022 22012
23023 17012
4004 18003
3003 20002
23023 27012
3003 4002
19019 21010
22022 6012
8508 28005
17017 27009
5005 1003
6006 14004
14014 25008
5005 7003
9009 20005
23023 2012
14014 5008
17017 13009
14014 15008
6006 4004
22022 2012
11011 11006
22022 21012
7007 1004
21021 27011
5005 22003
6006 18004
7007 4004
1001 12001
500 28001
13013 19007
23023 6012
22022 14012
2002 22002
17017 18009
0 12001
22022 26012
21021 12011
9009 11005
23523 1001
17017 14009
7007 22004
20020 6011
10010 27006
4004 12003
20020 16011
21021 13011
2002 18002
11011 13006
19019 1010
1001 10001
19019 6010
2002 1002
10010 8006
7007 3004
20020 7011
10010 26006
24024 7013
10010 15006
19019 9010
12012 12007
0 3001
5005 21003
16016 1009
7007 15004
24024 14013
19019 24010
3003 19002
6006 8004
10010 23006
14014 7008
24024 19013
15015 21008
16016 10009
1001 8001
20020 11011
8008 7005
25025 13013
10010 28006
15015 2008
18018 3010
16016 12009
8008 4005
22022 18012
23023 18012
1001 7001
22022 15012
9009 1005
3003 14002
7007 11004
23023 3012
7007 18004
19019 17010
9009 13005
17017 16009
11011 5006
22022 27012
8008 9005
18018 13010
9009 23005
23023 23012
2002 6002
9009 26005
20020 2011
7007 7004
19019 7010
17017 4009
21021 16011
0 2001
3503 1001
0 4001
15015 20008
19019 10010
19019 14010
15015 14008
8008 5005
6006 24004
25025 24013
25025 5013
17017 21009
0 17001
23023 11012
14014 19008
7007 6004
21021 25011
13013 18007
20020 19011
6006 21004
25025 20013
25025 8013
13013 28007
17017 11009
20020 12011
19019 2010
23023 26012
5005 17003
15015 17008
10010 22006
24024 16013
7007 23004
7007 25004
14014 10008
10010 6006
20020 5011
2002 25002
0 28001
20020 21011
11011 15006
23023 20012
0 22001
18018 10010
2002 2002
6506 28004
20020 8011
2002 9002
25025 12013
24024 18013
0 16001
7007 14004
22022 24012
5005 11003
1001 27001
11011 1006
16016 26009
25025 7013
20020 24011
17017 8009
5005 16003
23023 28012
7007 2004
23023 7012
10010 16006
14014 21008
25025 17013
5005 14003
25025 3013
6006 20004
0 5001
3003 15002
23023 16012
25025 2013
11011 18006
8008 24005
15015 16008
25025 23013
7007 19004
24024 6013
8008 28005
15015 1008
6006 16004
5005 24003
9009 7005
18018 18010
22022 16012
5005 18003
7007 5004
19019 16010
11011 17006
21021 3011
2002 10002
5005 20003
16016 17009
22022 23012
10010 24006
17017 22009
18018 6010
24024 13013
7007 28004
18018 27010
25025 15013
21021 2011
