20000 1000
7578 14467
6421 8522
129 3192
4607 560
7804 14367
4177 12079
4858 19586
7013 16418
4043 17649
7959 18583
362 10065
1443 4515
143 2492
6995 7835
1910 6092
3800 6685
5078 7629
6068 7339
4929 9221
3445 9249
554 3385
7202 7832
6733 4229
2971 4363
1680 12382
5375 2255
125 16505
5873 903
6470 6826
3008 2138
265 14172
5915 11434
2752 276
6486 983
5510 14052
508 18308
5694 719
5865 2579
4906 11871
3889 6668
203 3194
6301 18953
7312 4583
981 5782
6416 12275
461 1616
3489 10286
1094 1630
5496 17557
6027 14228
3504 7020
6833 6074
785 8690
6178 7863
1339 18794
3585 5508
7129 8658
4501 2561
3288 19721
788 3483
7789 10714
2722 15647
6461 13745
5287 13588
2865 13619
6291 19206
5218 6134
2986 15028
3122 10945
4573 7669
6991 536
7666 5147
2617 13245
142 8388
3153 4682
5349 9759
6461 2015
5462 8179
1830 15632
6231 8387
5457 16924
7178 5891
5774 13262
6062 19441
7051 12555
7846 14627
1153 3642
1373 12531
3598 12319
2703 11777
553 11068
4235 15181
4681 16409
2943 7142
2413 2170
4593 13263
4231 15120
7775 4419
1769 638
1781 16598
5759 6920
5724 19970
6095 13835
679 4709
3349 3062
809 6852
4071 11321
1232 4967
4674 17404
5895 12691
7710 488
6454 17556
1348 19831
7567 3313
3098 8127
3626 10220
6471 8874
2357 10221
4246 3145
7523 14092
5985 18343
4831 17595
3407 14797
549 16619
308 15365
4565 6102
3506 12879
1798 13295
695 5579
5016 10115
2947 11049
425 16885
722 1674
5273 10106
1384 18984
3626 11470
7520 13163
576 3555
5732 9326
1714 13256
1277 16760
562 1778
704 3445
5748 12569
6537 11235
2247 16138
5646 18315
6400 716
5326 15098
2258 17980
5597 12713
2577 15734
4933 10315
1478 5123
6422 18328
3562 2923
4054 9080
3854 6808
7707 1232
6637 12528
5549 1296
874 2048
5134 9862
627 4873
3284 7697
2844 12318
4195 18393
4309 2304
803 12736
7631 16225
7373 8974
7992 5332
5872 8342
3991 4084
2400 17755
2613 7571
7403 10086
2403 2166
5272 2125
2036 27
4927 6166
5770 15496
4579 17649
1271 17017
2413 16465
7872 2483
999 13437
4671 12395
6046 23
851 6397
4924 8554
5843 1782
5879 18196
7988 147
3249 584
2405 9764
6999 14452
3647 16652
1362 9711
3781 15565
1668 9061
1955 12185
1384 4977
3705 7427
156 16865
5450 17559
1086 8923
1399 1581
1106 2564
38 3788
7810 14997
2094 4653
1358 12447
5722 1701
5772 15075
3990 4243
4166 14846
521 5142
1520 9182
5023 11937
3214 6635
2774 5777
2376 6669
5667 5934
6106 7831
5294 12048
1363 8791
4489 29
3361 10984
1612 14923
618 12011
4715 15578
6980 15897
4691 16449
2856 5641
853 19472
1019 12
2645 17609
809 6019
6882 5995
177 7889
5918 15743
5925 11772
593 10272
3484 10129
6360 2067
450 7890
6936 14388
3027 1425
1181 1380
5539 2444
1608 13293
4949 12159
4934 18270
7946 4867
3293 13678
3768 15484
5008 6689
2399 4757
443 6982
5914 14921
1058 18217
6024 12194
552 10953
1654 1348
1275 8259
589 18942
5856 19
5048 5596
1819 1968
7552 6283
6823 18388
348 10569
6533 18709
3477 1013
6910 13902
1344 15750
618 1963
5431 11093
3009 15982
6039 438
4379 17223
4265 15258
1671 1980
4723 18958
1002 12866
4724 5149
222 9597
7964 1494
4850 11831
4008 509
4577 1723
1184 7455
7842 11232
2750 14317
3346 12108
3808 13623
3189 12819
2677 5373
4015 4868
4806 7283
1483 3885
4843 16833
79 18717
6965 15014
6254 3300
7424 17255
7300 18500
3923 8759
1050 5141
4345 16180
3 2667
4590 4616
1808 6570
4137 14908
4039 5839
4227 4217
2895 10897
3840 741
4034 19555
6520 14588
4390 17672
4072 2313
1682 11788
1500 6824
2859 11956
6458 8759
7023 11526
3059 8384
7638 9242
5030 15389
1903 14588
3644 11457
3498 5552
473 6266
2470 16971
795 17416
3417 9056
7803 2901
5845 331
4082 4110
550 8939
2217 10883
6901 13755
792 4896
6099 2961
912 10554
6259 4390
725 11849
88 3395
7098 11994
100 1397
5710 7030
6663 14765
5738 14758
2124 5382
7484 17834
7308 8821
2192 18324
6222 7269
6623 2887
3732 12599
1266 203
2156 19960
3027 7198
1215 19873
2732 16573
5223 13005
1846 12289
6910 8250
2376 1160
7578 19113
4050 17026
5553 6862
1215 19520
1125 8393
788 17194
5223 17956
302 11818
3104 2523
722 3639
1498 12191
2370 14334
7192 10019
3893 7605
7613 421
7914 11413
37 2530
6474 4485
6842 18547
5610 10774
6127 11571
2125 18007
2305 4455
4445 10492
4993 1149
4413 17676
7640 2109
3132 9311
636 19356
5631 7225
7021 3582
6058 254
4125 1806
6524 4102
3892 3061
3584 16170
7624 2651
4687 7909
2854 15362
5595 8528
4621 14270
6751 8956
494 15662
1015 3499
7587 15214
5902 262
1714 10815
1696 9765
5840 8518
5549 13441
3487 13086
4691 9890
2848 18979
124 12722
2699 12806
7364 9602
3439 17854
4479 15492
2469 7247
2071 14654
1348 377
4371 2011
2638 17776
6266 9665
7504 875
4219 19818
950 8315
3762 11429
7079 13432
5560 18740
4712 14531
3940 7247
849 14765
2324 17690
5503 8456
3028 7746
3488 2401
1922 17887
2810 11350
2643 17348
1401 16755
3141 1699
1419 5657
5970 14385
7581 12019
3733 1829
2596 216
6454 9455
7634 18097
6620 3489
596 15485
4368 2070
6471 8878
1323 17280
1931 17318
5155 1976
4052 5417
6651 11392
6920 15169
2435 10320
7537 7460
5928 11350
547 9267
312 9750
1944 4676
5424 15758
6065 11334
3430 18948
5571 6820
5339 13664
3871 7930
6508 4260
6411 17895
6723 4718
4974 4075
2940 12458
1549 11065
4740 13323
1817 17905
368 929
5089 13860
3253 16879
3716 8115
5456 2379
1756 18258
3976 5106
2950 1039
3913 479
7398 13917
3771 10932
6914 3612
7750 9240
3666 14581
2688 16766
349 17670
6815 19155
2105 19780
1170 14133
6230 13638
4129 4174
4873 4124
793 11240
5928 3992
1382 3361
4815 12934
1989 6906
7985 19205
1501 6035
1400 11153
1710 15250
3553 12509
3759 9929
4577 7212
7978 385
4996 1336
5420 2586
5401 3151
3950 10693
3320 16941
618 2567
364 17575
7720 518
603 5516
1717 2356
5357 5645
1413 15917
5448 3497
7758 10658
2434 19191
4441 10670
4245 11989
823 10581
944 11839
6368 1018
7889 823
7555 8862
5446 4325
7759 11337
2025 13728
225 19446
7133 19205
2336 8026
6008 14056
6482 11538
4850 2125
1914 10332
4087 8193
197 12358
1626 14489
5936 509
4301 4245
5610 19694
2507 7036
5471 5708
1502 18885
5686 10906
7900 10843
2966 16694
2500 6966
5874 13230
2246 5664
4786 17992
3400 13615
1263 8785
5610 8452
2293 1546
7987 18143
2575 17070
946 5684
6661 4638
3034 10827
1273 3389
310 18507
5626 13870
3276 6802
248 6274
6464 2841
176 14410
6328 14575
6767 1365
5429 19945
3356 14149
1900 19800
3171 691
3997 7249
2644 9321
4166 19017
2379 17755
371 1436
4477 3038
2146 1684
123 5387
4221 844
9 15267
3755 4638
6617 5611
7897 19303
5617 12868
6258 229
1399 15671
5775 784
2923 3633
4211 7270
2443 16986
7723 3174
6488 4332
1342 14716
1205 15703
2850 11374
7239 19837
4988 8835
1259 5406
6578 3008
6557 5510
4720 18856
5588 19029
4511 16895
7847 9048
4870 19547
1380 7698
1454 9601
3403 11468
6187 15291
7997 7948
7651 7550
6115 16172
6319 2483
886 8600
4800 10654
3057 6357
2917 19054
4667 3681
4148 17421
884 14646
2172 18742
1748 2133
2751 18161
2902 3304
7769 18290
4956 8391
6240 12093
5514 10180
7546 7441
5807 3840
6923 8324
5897 13974
3805 13391
3561 12584
361 16321
5552 7781
2839 797
4641 6227
3280 6437
1976 6804
5223 8594
348 5849
1607 17023
1291 12829
5747 15006
5196 2261
5205 9045
1874 7850
3545 8342
7872 10025
611 10225
2069 6926
3700 11064
747 18612
7259 680
4027 7819
5674 13479
1925 18077
7559 6234
6792 2233
4741 13251
5131 12316
1019 6752
2492 16889
6261 13218
6595 6745
7187 9974
6704 8470
2505 166
6112 13114
4588 10212
1497 15866
2503 11993
1835 4253
3231 1003
3495 4001
4069 19570
5373 5189
6789 19727
5348 5169
1866 19187
4350 5248
3148 7224
3815 9703
2197 2809
938 12822
2139 6402
5567 14723
3941 13019
143 17023
158 1797
2299 8746
6884 14164
472 5771
4992 7795
7415 1467
5085 4953
3797 14439
3184 4663
810 1380
7488 2081
4833 18470
4836 9920
1999 4865
379 1558
4292 11998
1048 8202
5690 5251
853 12612
7317 8918
1005 14529
4417 3945
907 11462
2591 17992
5155 9427
7159 11860
1507 10944
1117 7628
7902 460
340 7934
6296 8902
1085 1936
4692 15133
7275 13727
7816 17185
267 18509
7835 11911
7647 10963
6564 13612
7006 2732
2181 5214
834 19373
606 18720
1239 4266
25 17106
3618 9072
4924 2637
5150 15321
5791 10973
7244 7823
811 3987
537 17836
3924 5086
1114 700
4747 14858
1647 10979
5284 12167
2541 10499
981 2420
2097 9827
7612 4590
880 19890
1699 13411
7539 13688
1988 13718
4361 11560
402 18815
327 1033
3399 15575
6863 7164
7661 9558
339 18965
1759 2599
2935 11939
6070 201
7328 13836
5489 19673
3021 1858
935 4877
2979 14479
1714 5227
5406 8520
5460 9374
4822 2305
147 11299
7220 18870
1277 7441
5164 3520
4763 17037
3654 12432
7208 9735
2655 8783
4965 8507
7751 9550
3038 2026
7641 5084
7652 4809
470 6685
6197 13344
548 12927
4974 5126
203 14051
2881 4922
3017 4916
3341 8271
4138 17420
5326 17206
6621 10610
24 16897
2167 5164
3126 5861
7407 8639
3659 17126
7834 8823
2682 14783
7511 12661
2509 12482
6196 15187
533 2246
3535 308
1977 13012
482 3470
2773 13395
6033 2923
6873 5359
5705 18700
3727 3130
1389 19129
3608 17815
6230 7830
7688 17733
3751 3965
1832 8264
2857 9923
2523 8348
619 13576
6925 5463
6710 8037
2509 8698
4248 14001
434 13367
3306 4712
7499 8762
2482 13060
3208 12899
2639 18998
3787 14177
17 19157
3253 12704
2295 12336
3329 15547
5346 13864
4226 8973
356 19943
3471 13012
1736 13522
6729 19375
1659 1645
691 2570
2292 14278
3452 4728
5708 759
1960 11874
3341 15006
4456 9281
4562 11452
923 8499
3128 2527
476 16667
5339 10453
5285 14272
77 10685
5206 4452
6169 15294
4231 10322
1319 5287
300 13785
1976 3928
2456 11983
3390 6287
2018 5402
3027 4382
2706 1682
3843 1361
5080 3635
7823 11047
4035 79
187 906
2974 17556
2682 2688
4938 5990
5211 2366
3196 10016
2982 8177
1850 15124
5706 8360
6292 10310
7709 4587
6675 7098
6576 11885
5762 880
5635 3792
250 13955
1749 17860
7935 7078
1083 14130
5601 12313
5701 8448
3069 3929
7264 16551
7415 13003
6264 16174
2329 4643
7129 18912
1057 3794
3336 18248
7710 4235
6145 10863
3063 18940
6709 10208
5852 14892
1465 11291
4800 14
6391 634
7330 911
6756 6816
7698 6506
7951 4947
7725 11691
5377 14622
2903 16639
1391 2915
5009 6803
882 8621
163 5535
4638 11122
2136 18945
4733 18590
1848 19986
1943 2582
6022 11934
365 2565
5121 16497
453 14017
7514 18088
3623 1032
5337 877
313 3652
7135 15157
5837 167
4428 4482
2528 12120
7872 17618
6271 9561
2410 16969
1794 19924
3800 8011
5123 17026
1292 15811
6973 11178
3602 17943
4295 4971
2139 10017
4484 19210
6670 18058
6309 17577
2936 3267
2564 3036
7444 16093
2724 1513
7245 5164
6405 5760
6826 9944
2513 7103
3650 15800
2388 3123
5341 11324
6707 13400
2352 7164
3400 15805
1589 17973
1465 8070
147 391
537 13724
1694 17346
