30000 582
9009 28005
8008 25005
13013 11007
0 8001
1001 1001
19019 25010
12012 10007
19019 13010
3003 4002
2002 5002
3003 11002
2002 14002
5005 22003
0 24001
7007 3004
3003 24002
9509 1001
11011 1006
2002 11002
1001 17001
11011 3006
11011 19006
11011 23006
1001 6001
19519 1001
5005 24003
15015 26008
5005 13003
13013 4007
4004 17003
10010 28006
5005 17003
11011 11006
2002 13002
7007 1004
3003 18002
6006 6004
12012 25007
0 21001
8008 21005
16016 26009
9009 13005
0 6001
3003 27002
16016 25009
1001 7001
13013 25007
9009 19005
15015 1008
18018 3010
6006 24004
19019 21010
7007 9004
5005 25003
14014 23008
10010 15006
0 26001
4004 19003
18018 16010
1001 12001
0 18001
3003 23002
7007 16004
6006 14004
17017 20009
0 17001
19019 28010
14014 27008
11011 21006
8008 27005
8008 1005
8008 14005
15015 5008
14014 16008
16016 17009
12012 9007
3003 20002
16016 13009
18018 14010
7007 27004
7007 14004
17017 5009
2002 15002
15015 9008
8008 5005
11011 12006
16016 7009
13013 3007
5005 9003
5005 11003
17017 14009
8008 10005
3003 19002
4004 11003
14014 11008
2002 1002
4004 16003
5005 8003
2002 17002
17017 19009
4004 4003
8008 23005
16016 1009
8008 15005
15515 1001
11011 17006
17017 28009
1001 23001
1001 3001
12012 12007
7007 12004
13013 13007
16016 23009
8008 19005
5005 20003
8008 6005
12012 5007
3003 9002
3003 17002
6006 9004
14014 1008
7507 1001
5005 19003
4004 18003
18018 23010
1001 14001
7007 10004
7007 20004
12012 18007
16016 6009
18018 17010
0 2001
0 4001
12012 11007
6506 28004
1001 21001
0 1
17017 4009
7007 2004
16516 28009
3003 6002
7007 11004
7007 13004
16016 24009
10010 8006
13013 27007
18018 21010
11011 5006
8008 26005
14014 5008
17017 16009
13013 5007
17017 21009
9009 22005
0 12001
19019 8010
2002 23002
18018 18010
14014 3008
3003 5002
10010 26006
19019 11010
15015 13008
7007 8004
6006 17004
9009 21005
15015 19008
3003 2002
12012 19007
15015 23008
6006 5004
12012 27007
9009 5005
12012 8007
14514 28008
11011 6006
12012 2007
9009 20005
9009 4005
15015 24008
7007 28004
10010 4006
1001 11001
8008 4005
9009 25005
2502 28002
19019 20010
18018 2010
6006 15004
12012 24007
16016 19009
0 19001
18018 22010
5005 15003
2002 3002
10010 5006
18018 25010
10010 24006
17017 22009
13013 12007
9009 16005
2002 4002
14014 9008
2002 2002
16016 16009
2002 10002
17017 15009
6006 23004
2002 7002
13013 20007
8008 22005
6006 25004
14014 8008
16016 20009
18018 20010
6006 19004
6006 16004
13013 14007
5505 1001
11011 24006
17017 3009
16016 22009
16016 3009
18018 6010
7007 23004
2002 18002
19019 24010
2002 12002
7007 4004
15015 22008
10010 17006
11011 2006
5005 10003
3003 22002
11011 7006
19019 14010
9009 12005
2002 28002
4004 28003
4004 3003
15015 10008
9009 14005
1001 25001
19019 22010
0 23001
14014 20008
8008 13005
4004 5003
12012 21007
3003 14002
0 5001
7007 25004
5005 26003
6006 3004
7007 6004
18018 19010
19019 3010
11011 8006
4004 20003
14014 6008
1001 20001
6006 7004
3003 3002
0 11001
18018 5010
18018 27010
5005 7003
3003 8002
4004 25003
13013 19007
15015 4008
5005 27003
1001 28001
17017 27009
16016 11009
18018 7010
15015 2008
17017 26009
6006 28004
10010 23006
18018 11010
2002 25002
1001 4001
19019 26010
8008 28005
0 20001
8008 11005
1001 26001
11511 1001
0 16001
19019 5010
13013 18007
10010 27006
10010 11006
1001 13001
7007 17004
13013 22007
15015 8008
16016 27009
4004 21003
10010 9006
10010 14006
14014 15008
3003 28002
16016 28009
14014 17008
13013 16007
6006 11004
0 9001
1001 5001
10010 10006
15015 14008
17017 25009
12012 22007
13513 1001
12012 7007
3003 10002
12012 14007
15015 25008
13013 15007
5005 1003
0 25001
8008 12005
500 28001
5005 12003
17017 7009
12012 15007
5005 2003
17017 2009
6006 27004
2002 21002
8008 24005
13013 6007
4004 24003
12012 4007
0 10001
5005 6003
3003 13002
4004 14003
11011 26006
18018 24010
10010 21006
18018 26010
14014 14008
7007 18004
3003 12002
13013 23007
19019 6010
11011 28006
1001 2001
19019 1010
14014 10008
4004 27003
14014 13008
15015 6008
13013 10007
16016 9009
17017 18009
14014 18008
19019 10010
12012 6007
19019 23010
2002 20002
6006 22004
2002 9002
19019 17010
13013 17007
8508 28005
1501 1001
16016 4009
9009 10005
9009 18005
0 13001
18018 10010
11011 22006
3003 26002
11011 4006
9009 2005
6006 13004
9009 8005
18018 8010
7007 21004
8008 16005
11011 14006
18018 28010
0 14001
14014 26008
12512 28007
14014 25008
5005 23003
8008 17005
5005 3003
10010 3006
10010 1006
6006 4004
14014 28008
0 3001
15015 27008
18018 15010
17017 9009
13013 21007
5005 18003
14014 7008
4004 1003
4004 12003
16016 2009
15015 21008
18018 1010
18018 4010
4004 6003
10010 18006
9009 27005
11011 16006
15015 16008
4004 9003
11011 10006
12012 1007
5005 4003
16016 18009
6006 1004
9009 7005
16016 12009
2002 26002
13013 2007
2002 19002
7007 26004
13013 28007
15015 28008
5005 21003
1001 19001
16016 8009
15015 3008
10010 7006
12012 26007
18519 29001
17017 24009
12012 17007
2002 16002
17017 23009
15015 15008
14014 4008
3003 1002
8008 18005
19019 18010
0 15001
8008 9005
17517 1001
0 1001
17017 6009
0 27001
8008 8005
9009 26005
13013 26007
16016 10009
2002 6002
13013 9007
2002 27002
19019 7010
4004 15003
8008 2005
15015 20008
5005 28003
6006 10004
6006 26004
4004 22003
12012 23007
5005 5003
7007 22004
14014 19008
12012 13007
19019 15010
9009 17005
17017 1009
9009 6005
10010 16006
10510 28006
10010 13006
5005 14003
15015 11008
15015 7008
18518 28010
14014 2008
3003 15002
9009 15005
1001 24001
16016 5009
9009 11005
1001 22001
1001 8001
15015 18008
9009 24005
13013 24007
1001 18001
9009 3005
6006 20004
7007 7004
11011 13006
10010 19006
3003 7002
17017 8009
10010 25006
18018 9010
4004 2003
2002 22002
11011 18006
10010 20006
14014 22008
3503 1001
1001 10001
6006 21004
3003 21002
19019 19010
9009 9005
6006 12004
16016 14009
15015 17008
10010 6006
13013 7007
4504 28003
14014 24008
17017 13009
3003 16002
2002 8002
1001 27001
6006 2004
12012 20007
6006 18004
4004 23003
4004 13003
16016 21009
17017 12009
7007 5004
1001 16001
18018 13010
6006 8004
15015 12008
19019 4010
7007 19004
19019 27010
3003 25002
13013 8007
11011 20006
1001 15001
19019 12010
14014 21008
8008 3005
8008 7005
10010 22006
0 22001
12012 16007
0 7001
16016 15009
11011 27006
7007 15004
10010 2006
17017 10009
1001 9001
10010 12006
4004 8003
8008 20005
0 28001
5005 16003
17017 17009
7007 24004
19019 16010
11011 25006
11011 9006
11011 15006
19019 9010
12012 3007
4004 7003
14014 12008
13013 1007
2002 24002
9009 23005
9009 1005
12012 28007
19019 2010
4004 10003
17017 11009
4004 26003
18018 12010
