5000 2000
590891
184382
561280
246992
448765
348025
640433
878476
296330
140052
855127
174380
623063
635495
242452
850204
638838
662849
381809
694515
850798
444874
235010
75547
680994
997465
367926
22527
723244
183170
790212
830486
367551
867844
77478
332668
732220
717910
727495
544901
374313
582622
719281
997375
218116
961732
363930
373305
140933
745739
67819
508082
706964
302829
583628
387958
300293
467905
926836
23537
651074
233399
370374
534977
101242
447851
383996
833462
165760
111490
378362
540073
694111
613994
53799
912227
575726
417729
285531
233010
163467
869702
741091
386782
172530
841071
291091
472822
825327
217926
12710
476401
451325
383084
527729
68918
347286
911724
418731
29398
23213
313445
85822
233676
927438
139620
662254
503163
557348
464136
252524
237166
333837
509967
623948
506366
867389
915038
495540
692715
132964
24601
685467
100640
407684
213195
169557
754970
641270
588288
300719
180835
901732
386540
414510
829169
526159
76763
848684
83507
540898
617559
837024
391087
127525
460971
897452
994913
892361
909343
203980
541676
933944
889446
642315
857979
618993
328223
129300
260262
916510
430018
441096
334593
816557
371957
163762
342716
965071
528797
942574
22321
146355
295949
413407
790232
273272
827210
301496
165632
736553
505475
223659
186848
394921
382325
44826
13913
710547
174126
790526
143409
604143
747974
478001
937052
119930
158114
796119
85001
686910
738692
623673
349617
550992
37079
656200
824263
380640
957695
989894
117192
463170
213552
304039
374442
595876
865217
388354
822775
39342
695231
966183
159836
443204
444183
96887
563134
118649
893005
164486
321910
148048
788158
187878
699040
341588
844077
523302
722227
801772
29548
355771
781293
759451
176161
155734
871679
41377
60439
694453
597070
755669
176987
273258
198873
137521
370144
278358
256169
779501
959195
578079
443900
263704
765956
659291
605291
126385
698945
843869
928156
244844
715991
225800
4294
892152
381533
875972
449880
958323
86776
46950
713991
263762
320207
429215
401283
206702
707572
173803
502554
183118
268233
462806
446821
550541
122096
568463
676925
337392
412332
605080
582235
128322
830879
586529
536825
728763
978852
986705
687085
581980
550006
917427
362093
386564
346642
279727
109617
570565
453530
128523
753683
721762
591328
716855
272302
229775
285318
465578
567167
697649
587009
149401
342322
934239
252281
395499
663001
747485
382203
866437
329464
448560
783864
207908
835123
646857
487635
461091
733773
941164
589613
3807
179277
697292
720662
967931
927067
5979
433508
10585
219979
20517
676337
78652
954755
928618
474150
134108
192454
856352
516896
521917
821263
300759
729824
172737
463967
733810
633828
197740
674973
739792
201546
370602
437084
438559
338532
364150
444537
288391
374734
180867
825259
51070
259519
296366
496039
733668
430473
688492
106372
947368
726760
443986
764479
972936
616723
744797
706745
250550
942536
898070
990341
660434
268671
943776
98992
123554
824277
59881
928296
199010
240747
753555
766432
16617
49920
778822
266637
996744
983666
373008
460463
710425
816993
741293
199712
950067
486090
906457
200616
944977
320878
707309
121762
105900
167436
220754
229453
991713
796986
157748
707074
554084
911302
473505
570701
477573
768679
353689
990668
752344
726696
451131
979120
60040
192423
695184
526459
194864
117992
727074
139841
438869
950734
261602
544768
118170
998707
774220
626234
312044
448319
333307
866128
875973
323164
953180
353545
91842
306868
344213
360537
549915
311695
856008
126306
20469
551191
652764
215333
669182
896190
871525
108050
363275
133126
652817
997796
648185
943388
624029
960228
908059
957336
342707
784031
280499
295886
653927
888692
119105
514491
249228
185371
826185
105235
311677
846654
656426
480792
578338
325607
376981
449862
950009
740256
99339
119177
738051
747523
62565
878432
224103
486975
835767
566809
271005
632617
379047
924931
521308
14503
955774
770535
199874
781958
392121
27902
144963
48546
508693
723300
890505
402026
689513
840513
142281
788852
959689
396683
52726
538605
275114
793180
25579
627232
876341
812935
259848
771739
254218
781155
786241
209991
68041
502466
991948
460162
530367
653263
25059
555412
892914
915563
957437
582427
272427
616069
887630
748468
12751
456707
287072
804217
249887
829003
947800
126227
641937
207648
897965
896154
505154
200557
106144
573195
703023
614444
549708
749741
784058
574766
305152
676971
6681
262588
775749
279107
878656
179730
27574
407759
636437
830998
728327
402675
660000
676126
528901
818288
400125
943217
714442
905279
143773
336937
994825
846795
467732
60884
112888
251789
152001
418039
445112
158681
680627
737212
954140
75634
916942
981713
483392
69730
329062
211718
472404
505413
887844
517656
323701
804320
460872
554494
225950
120996
891430
737126
484143
875514
798009
597030
643654
950010
15068
88765
625042
695694
342329
579181
771328
775622
77246
771071
845351
406307
982789
834106
911720
386984
351761
235420
191303
328984
306265
933605
449979
197694
670730
934121
589559
985091
531150
233213
451452
546218
321977
76493
758263
664305
655674
45942
956278
732919
333365
801628
655577
316153
152085
567296
219488
503845
319067
927142
349180
625331
860746
799159
339377
47828
249631
445287
32918
780781
678499
484369
843350
516828
77213
117964
697484
732886
680258
653762
982156
13622
455389
154085
846126
607474
237732
65613
627670
556799
509106
976850
698481
886204
292360
554209
934031
541990
999496
483300
839122
677994
967668
682471
711173
44880
316787
408657
294118
997044
62418
792625
10665
517806
946709
856790
641631
184441
438754
785653
257591
947859
278854
472423
350414
571213
26632
284444
629554
542479
284095
468676
736824
251762
667498
447997
812994
500636
856653
623463
497679
919070
416087
24695
953227
879148
881484
111210
63588
836589
896862
837530
300800
175715
309952
651213
263279
852935
452009
409184
911765
736103
394211
164941
504217
61709
612937
317210
78696
985941
457024
576375
421362
389462
601069
890940
268609
998905
2149
848548
835493
899010
202429
136292
591076
512381
303857
370706
881667
755865
779890
309784
491967
690452
474724
996183
268512
604012
829744
347208
589952
803119
923582
527665
192581
41002
418604
461189
39906
420753
826089
391751
836114
28517
528042
943542
57249
348250
830599
455268
104114
610488
765051
112433
817292
239774
108615
85803
360137
454711
433010
950088
257829
872943
477752
450409
913945
412707
427950
470202
833459
770390
861952
669573
798906
906346
129466
372507
254595
960064
827774
358709
86904
109176
471141
904195
348949
96107
989997
709085
67169
939359
175524
324998
812301
169627
291758
242597
582333
236059
712799
932144
6448
574750
118068
321706
481095
247533
210564
252042
207596
38337
610750
810851
147512
598242
715045
12812
210700
221394
238248
277869
160752
930123
602866
489404
616101
410975
732001
198433
647034
444799
646928
169833
19548
764995
7890
16995
12527
218453
269036
736475
773141
396137
547325
920652
510730
778722
449815
721429
115
204414
999297
677218
134536
118514
682973
750636
529489
414973
465421
692874
859771
112348
862706
395671
393695
386948
929017
922573
605400
198052
659047
378541
110540
722724
815544
621269
17797
781711
342697
534263
986124
858346
727832
637012
976859
410804
387647
22699
825777
369419
231924
201899
998119
610982
113921
391813
997929
42937
314385
603328
757340
489784
498220
867879
728859
313764
489147
746655
95474
348196
280917
597949
722893
8748
234960
216103
419551
138959
755154
761679
508377
987077
963578
506495
598058
77498
414659
112338
120435
729044
232018
394126
735179
730237
262005
464037
560352
267503
210691
172177
132050
7959
770126
854942
533058
5085
71045
952608
144043
826198
714287
168772
329626
194216
191618
444036
271713
606277
556373
908499
851672
788390
302625
586850
34979
80981
567238
595330
348483
777928
767507
996885
302238
537632
851826
835295
59068
439222
787902
719463
781771
18540
888234
111397
212755
79851
555432
820
686127
628156
909318
54150
416546
728294
640999
451524
809274
208236
563205
674109
502515
330711
670993
804752
384694
522818
640046
960114
478392
944300
679576
260162
479191
567809
887910
208298
647659
443341
725469
850138
71497
151138
904287
4394
879432
61638
455917
688705
786225
535473
879165
805092
866184
550157
609843
767229
589327
766241
727342
67718
226892
923269
327879
222434
491077
215789
430731
655088
175481
156199
21577
763329
307337
442215
767722
703120
20204
739990
908176
806429
275463
787341
127872
657998
337497
254066
941578
926823
536658
185272
994540
763549
108540
838771
985983
115969
570911
933065
771056
746391
605616
308984
26072
429304
751198
793793
132423
287754
533783
40598
610534
325597
827938
738405
983594
165435
992470
925171
608609
529128
110442
119501
809028
218982
474623
311362
334950
45533
244427
622357
308275
366394
931340
334346
795697
198889
128139
928119
486642
178273
968716
613527
503869
313006
351931
3814
994792
344401
928984
603400
389880
555778
239252
198907
774759
713874
510269
626060
759406
271047
764768
584033
637440
212459
434730
433136
411347
79220
877606
414341
257492
846321
27867
277712
159326
896150
281525
154117
756902
210509
273869
146781
766286
513120
862039
57396
226994
372307
199807
502751
159705
964574
603135
313496
177032
37865
746631
104730
117084
624236
35422
890928
986909
579641
168639
662586
475790
966516
333055
232691
693376
123275
895823
976013
636394
757861
33408
379739
646520
233214
398842
806224
714139
1976
119720
891170
39840
382702
512251
673276
523290
547673
564203
26550
127313
249193
689135
119454
215708
538541
352144
425435
661815
247966
401447
298209
5826
434854
194299
652345
184419
593140
974921
414909
595116
94640
822430
151307
993693
334681
824582
516982
882353
905136
543531
526017
670681
749018
645470
402740
287558
513965
828175
949373
761930
229621
763933
284107
180827
958231
452804
881597
551371
427724
296506
662838
38715
118935
814144
32407
969967
155078
65741
368671
576565
609271
894687
247245
874640
56508
649985
162198
570472
994511
627922
332401
224131
908206
132860
921309
866436
585663
802906
934158
13386
615763
113347
52100
251049
927491
600858
221016
598920
666598
589686
175484
792221
725
422729
666860
57232
589065
345409
627704
583575
489682
476456
324057
397887
609315
245366
780675
194977
48271
714832
724714
664033
828179
293165
431433
272021
894023
652448
387292
76972
242134
562775
869192
759210
501855
52404
816441
607271
914164
444144
707197
403846
436952
31254
318084
46266
276619
98758
757595
841241
329942
482308
21625
674472
775473
453057
462844
185847
105505
850135
262818
863990
412909
648362
139551
431116
217117
955991
38386
131280
916487
745583
51477
353438
293188
369561
916055
569806
984670
673649
927398
830963
672309
949022
505434
964133
918430
968277
149979
540286
334763
929148
920627
264024
577509
60177
695139
794625
16168
249876
442257
449006
511810
493733
802443
804997
379645
718497
891154
880667
908498
818551
711629
580806
283924
733415
544938
202354
218043
211268
742639
552806
140415
663266
816829
234276
723442
28319
545252
255961
794546
987508
704966
306356
997593
507408
111352
893589
742257
2506
290607
167106
337408
2236
264263
621332
252002
809200
823685
470044
536819
82675
539201
193585
745940
356029
427860
985734
900699
973112
241694
695245
476971
463012
1600
990915
970419
629303
400856
229027
148160
691462
912484
485568
693697
176746
623251
462050
502297
963287
932094
39115
45961
471294
232700
308253
343675
660559
810338
760725
150022
568383
455969
143345
31394
973920
134259
518165
119575
535114
263543
267734
742928
176027
269653
436624
352772
892903
415026
855069
372541
347119
894183
934854
334764
643234
759458
194790
820145
569795
955515
970166
654529
927835
629862
685923
901755
280473
204087
21329
815586
467629
805414
558513
643655
75067
511489
512779
484321
926514
367847
373214
789984
778381
308067
641099
421615
67524
835889
241759
153670
791403
728276
808198
719237
358138
494120
137343
638610
214558
675023
970547
198539
480437
45412
358545
555503
73252
871323
556175
516117
755521
929388
822452
533902
237454
463550
955516
821329
299438
713626
974998
607192
441901
299548
326429
316390
310019
980123
954999
524577
655146
441898
239467
135582
487309
598011
207436
76912
985686
279962
593028
741206
725702
415479
791459
963155
879028
263326
300836
694818
976951
792185
302009
935204
91732
144789
251593
401751
124912
722944
442679
296409
164841
682145
431990
168501
796507
155777
245412
298544
435738
354791
556102
161439
286621
347560
640946
165648
610886
458133
376817
104188
250317
678826
39391
858401
339966
807336
776503
464877
530279
219181
761285
211471
417677
709626
379971
730535
381754
141734
29079
333844
496524
585180
11634
299496
932739
652579
981495
59976
627063
358312
164164
393732
553489
203554
252132
893454
10889
28634
358331
57519
764166
635967
268989
181842
861945
165311
912376
243698
307044
457806
577541
319919
42985
589175
619414
492076
758105
600909
552051
901520
475572
716214
295251
29060
436120
547382
922513
963360
92367
797195
20879
372884
949514
806219
554725
811458
971530
983452
571507
794925
957610
665400
631196
594
254574
250609
9021
529030
367869
561072
430549
843440
793637
725799
872499
746108
789532
311364
709468
398250
108558
246698
771133
58071
52916
842209
385880
540797
342013
957387
335722
299622
139138
966917
816567
393711
733877
825588
439092
618098
386659
385993
977889
696647
628143
366740
442755
934027
678103
668574
332276
303012
915271
619761
877435
484538
461969
263314
541687
803981
737052
877408
619954
876189
360676
436521
786251
610904
262108
741695
229001
165118
127687
206890
861764
272181
573629
820870
206207
768083
489443
54835
71094
921065
674595
948528
405603
652915
728194
947289
973248
981597
341048
593201
374138
218075
29721
160388
828978
808180
418434
574331
489649
62472
781220
351413
334653
871200
688634
540859
155634
178077
595693
226727
99141
786639
691607
21095
439554
936152
484735
412801
917748
342134
522353
291885
560208
552074
968625
389186
876605
903410
479868
366254
965882
777439
234018
300534
164990
922651
357744
320623
617079
953437
63701
232572
256427
755307
253666
695980
207810
254753
108780
125558
596886
631133
933794
157094
699558
418770
62631
92514
322180
542498
975119
804413
836288
209136
104946
1277
648139
462689
321899
265217
932477
385599
497788
188904
657258
267806
401235
865067
522558
26367
506976
635795
173851
957122
309240
389760
375891
888222
482273
214422
430719
457392
535186
783358
182879
640131
784634
831017
619172
106532
612586
68000
8483
110373
773255
665740
894530
174490
530806
933439
717208
554134
569234
891058
511255
878473
280817
403497
766695
279441
134271
713765
736832
669456
497123
436063
825939
798108
267079
961462
904640
879664
545813
913122
506389
319068
95213
917270
9909
626018
850709
727116
696503
419942
134525
207757
814766
415341
127606
97812
694781
261876
327929
947965
931331
341403
900379
273621
139510
167457
235082
560501
563473
780895
989974
586213
616314
85186
503482
142574
227556
870542
869689
924058
290483
520565
131815
621601
935905
259420
235764
147037
37647
563692
611353
485329
421446
511731
758950
77308
195540
510383
637808
275364
291277
627782
861576
423942
712967
881409
566515
940522
751951
952555
864580
558785
473119
512746
696737
409023
288517
932501
72412
326163
496192
683764
327843
433990
711847
86792
511297
907386
113527
149104
182749
404803
293237
560676
345097
6204
958436
911611
463077
710386
864166
844008
785523
337284
873105
482259
262659
161621
414759
851422
4135
427303
51537
848330
377644
763383
935121
888940
187120
48647
554395
886220
969802
847632
446895
831250
370187
921683
742860
833263
148420
123377
193623
933942
977013
66727
932553
756023
744700
347311
607444
265186
290965
175332
113515
668608
938715
564988
557547
642186
129986
111942
528406
616139
475925
491652
447388
846111
413334
190248
195725
561754
829976
389347
495695
806988
972426
428247
79362
233477
291910
686805
15014
99226
862137
128529
767834
317203
209868
841732
959388
339853
470025
4145
955992
945949
495797
403379
308411
909130
109978
504136
470883
456306
409834
482930
779645
898611
911176
859007
648439
719437
545811
663453
818663
924299
308333
102848
757853
518200
944579
233593
374404
930956
237737
330395
393256
733533
250126
701667
642663
876455
722154
113545
332760
648339
596474
112405
63302
24002
971411
711740
259790
33573
891544
78452
474224
199876
181299
748428
234427
642230
982020
608831
89537
736109
455577
999144
469641
705702
217162
628655
98509
939315
742200
947620
104006
855025
60024
167307
395378
547786
395398
655168
97711
286942
249971
88286
486817
947622
353065
237596
106203
335085
846426
195739
587545
302002
711234
57185
7704
928396
685840
622564
867710
944391
570183
488067
315767
146559
655373
711145
210696
567123
882664
824758
854064
648986
429395
857232
596607
782460
94827
219161
633896
941252
931251
221440
243254
642485
278624
767309
570880
480815
906224
438589
425205
476406
443008
740972
622964
614732
968468
350012
181854
367483
174769
35917
16468
604164
409501
129427
386623
504327
348587
20518
961931
279838
241957
721536
922322
36932
5196
493201
517747
911419
448141
459303
904176
407500
716626
43492
22232
201445
393503
204085
568927
84623
240002
101747
688786
165854
747525
591760
670180
96111
128629
148462
892300
886937
869997
330973
923869
875192
340525
957967
302962
305018
417269
207138
712517
133895
250629
734748
335339
644131
938833
420618
728753
695186
38716
933891
861039
786240
525650
47570
398702
170631
196032
291002
57567
582380
621974
497787
973924
478851
455753
276885
783868
389374
484022
496384
523268
251002
231132
374958
895132
169964
795575
140237
381501
834290
590479
758891
136881
632480
806460
535583
803110
518843
826584
377029
101223
964909
874815
75146
960111
846920
868382
743978
236293
868756
240362
275912
119757
987845
650869
531241
157808
962796
671477
55660
313437
261955
814550
450318
894434
137361
502252
213896
656204
845187
590924
273778
810095
982090
348923
286558
829009
733656
30535
65301
602411
270896
857564
722168
258740
508433
769760
932899
987580
957588
504910
817368
219542
319459
267685
630327
456820
769936
360574
629375
131474
951497
903152
941569
933587
252074
744478
278947
502081
775012
860600
104492
562260
718163
343011
820999
742947
112770
270250
730526
70357
775159
547894
806250
610970
331930
952928
584141
618218
313502
213515
749691
781350
116666
207611
231288
885091
952088
510235
387171
243452
370834
491662
805711
605348
351024
626709
348295
463793
413310
595172
50501
704821
659417
373102
315790
507699
326030
899930
125916
155883
113444
391958
453584
746461
115921
684872
631551
584360
711458
18721
827811
598643
26735
633521
203990
377758
776582
552284
357903
189891
147456
924755
411063
323224
297857
726852
830922
140238
143133
956837
812472
772928
865147
266055
519388
981067
467278
667290
81778
178735
686011
909589
777377
229097
543109
497719
606854
836042
50002
481108
25933
713809
922215
953347
37033
736423
680199
867954
876660
339683
341143
205483
628963
206289
987889
664702
703707
455167
331992
785484
150253
534354
695072
443982
763450
754533
941700
886655
590574
508053
884115
132858
221862
806329
86205
775246
542751
282755
159551
935762
138789
500693
141244
767751
223333
645484
432453
443391
100650
280796
228875
767255
815149
440298
211236
578598
711182
669287
981604
818108
177339
865718
950965
915552
672046
553521
207149
731148
352627
366700
666909
491416
383744
324504
259166
607077
969988
207970
50467
586989
488765
795693
354243
820265
752343
81830
398862
463524
267468
896818
281631
961159
762535
748948
393062
950933
818820
600211
682080
171447
966910
865341
662862
350653
189844
438379
474081
676183
646349
40900
779524
651465
836592
650118
471730
105286
731948
386943
568810
515767
283760
366792
476925
562647
632091
869987
513579
450911
470197
195658
138709
953458
577350
801570
820462
767194
239948
810895
959728
402648
851794
739251
570465
204737
389369
42194
310023
637668
945488
395184
153434
229248
278327
146711
308246
426770
16697
821824
394032
3245
533833
532740
473054
111183
850661
809867
394728
606960
137113
354455
9608
988906
93706
580072
709995
999426
138617
536369
637093
84104
447904
306878
829703
726230
453588
654300
669351
986636
476123
63382
506232
9956
112473
495637
121138
963133
821856
32217
570093
958968
386671
96052
947874
996728
192475
174220
996153
331091
710588
149597
931546
158491
972827
277601
401072
426414
931900
586775
929402
924375
650156
951985
934330
278981
447622
571819
242113
269477
604035
328557
228444
507057
424608
692669
503785
133434
866888
16289
980876
93827
682238
912422
768669
655064
706374
169741
597829
154625
756515
43582
78999
923022
995567
529680
202002
959540
617850
960467
745368
738236
805375
973811
245293
746335
182832
265429
879768
566071
798069
860644
659898
480306
289417
428566
651721
512142
114658
249550
666766
387524
293131
262117
310546
288697
308148
28899
764588
442350
505717
509955
180585
827444
118
942229
573778
182949
724009
969897
265371
522078
830540
441620
518735
636308
870186
170456
148449
501195
936357
815215
888719
229487
593683
715616
34536
901830
260866
315475
860531
282935
825430
41116
110378
825547
499696
684155
524847
223705
654051
790217
262134
943
231837
297220
637250
618374
467675
785699
635920
920383
117265
524638
666222
710947
756605
217109
129128
17471
532583
989659
300405
358012
547126
927134
183558
563173
611288
224756
786877
781690
14973
565362
298984
763161
862582
936234
381534
846608
238284
17453
766991
355548
58443
433212
582846
815047
166672
228325
348869
699254
734335
165625
57266
797812
92758
757175
360985
220397
981931
664213
2087
513255
229575
817422
276415
608508
753655
174300
455115
508290
708104
738457
380189
282898
688020
479386
614297
854691
707711
479517
553945
958397
645142
127562
272561
737899
884736
633545
474648
383018
297757
476734
896272
43683
810507
689038
652190
80514
379689
623657
588803
604145
362113
968992
887042
50133
448377
501338
421175
672439
980855
975119
147188
142348
619032
419748
396598
503768
569644
871245
886785
867400
864330
299409
427435
674837
504798
79624
755350
884487
703280
860504
488631
581745
829495
892024
148229
794224
909714
569403
983014
406920
60874
130201
549267
679905
66300
945864
700024
635943
333461
103161
19695
197790
402569
447129
388978
907366
43104
144327
308204
262736
4831
313186
844480
350677
205210
509060
661252
114923
78462
644266
38194
655687
290818
587460
851944
357118
49675
551967
509412
899487
655127
45458
97277
57695
492586
486254
481413
52042
146933
305968
831129
151763
619154
191960
18791
340715
701019
680043
971989
295832
324308
10182
951519
131477
113993
319814
488594
163667
871780
514358
579506
526907
559815
676782
100953
568753
679387
98717
137146
826319
404685
968274
494433
540190
160233
513224
880904
377603
709618
852892
673434
33925
863073
141304
681753
977065
461117
170347
657083
849249
201056
236588
376155
760870
429721
993459
329622
109108
92176
466767
451778
13212
951392
946211
553401
111624
975786
434304
5578
685403
803547
679012
235679
182971
336667
917431
160035
797784
604129
333469
647032
805184
86409
539538
566054
32481
532996
412027
141588
141523
395146
109718
671086
862889
55928
224486
974513
548065
175141
496442
233467
495039
175453
469145
678009
512120
386575
354395
826255
990704
687864
989638
312239
290624
45527
394644
323104
94874
323023
981044
236397
718168
90761
423834
581056
663040
648320
71920
211104
339812
84714
444570
834851
260166
430066
29211
288637
332992
383606
631243
840047
587821
137232
152286
878444
182758
546929
717899
277632
869951
698942
30380
104470
789702
454213
201878
969093
618884
790149
180196
958696
874862
141117
309898
651380
87534
855460
456368
420526
239065
87611
260572
826885
224842
412857
221680
407600
476138
939579
201583
346088
638520
231962
966910
944574
686174
685139
913666
305058
475287
610214
780105
866501
267682
606354
517880
355216
461813
974247
775741
217230
578209
552664
560466
803051
481873
782146
727002
958010
721724
444936
820449
876595
676897
787358
337520
879422
988848
767538
184479
464135
894103
480935
846987
161784
603640
364866
33351
65453
855464
809091
282682
433673
878107
843147
753075
359979
141644
996428
317988
379719
441363
138436
256314
634611
442146
110185
514032
430993
877722
698511
411479
771824
695797
258465
933608
299437
139682
966958
881241
511498
292401
680274
945170
170507
39772
214596
46837
181416
727375
364824
561134
685089
19611
333799
319699
978108
443984
833730
409101
321705
48592
336931
609881
744389
111748
59840
560177
251429
543149
441417
762926
835549
121690
224447
522407
161461
955394
85595
859228
682768
450418
420362
367856
986381
754160
687554
964488
714495
37636
889940
552552
86227
226871
162432
346967
854970
222271
907143
106398
765419
348559
385676
117320
986600
126474
156078
664413
81868
241673
523640
280987
208442
944001
165195
194822
214513
852748
159310
445359
406735
49249
997910
492962
792471
160341
839928
647440
382611
263423
270190
664382
128333
172217
781701
114933
298690
454130
779345
896909
695802
819336
177896
904244
279689
343090
99065
10553
712189
774726
455911
118924
340327
453821
611885
132797
130513
968164
296589
29476
231586
566778
693857
876271
738994
991909
991203
554035
446038
286899
450944
141840
106234
628839
562435
902274
488280
177851
912826
200468
952577
368737
319391
809255
338909
447627
458403
469421
932143
754991
498896
680080
838120
709104
556350
93465
701012
63904
647500
663402
350802
614795
321593
973388
759985
884027
875661
248264
578229
788487
965083
47157
673575
284474
856411
12483
248452
314814
998255
696946
69804
13503
377026
424276
722606
933375
517740
939970
997279
681591
603371
864432
296385
924963
354171
56369
325341
229832
304632
903569
534670
269715
950726
724596
70540
807136
737078
835343
638301
251684
532289
224457
265186
909314
648732
987792
359040
166471
927761
872670
848062
47483
737102
660798
972445
91272
717167
297785
837455
538150
717705
372124
807864
668430
96719
394755
991918
350148
230098
146570
118184
278738
371026
383369
188051
19757
887512
63442
702580
331624
936112
66993
379106
189565
727790
867902
280836
444956
165686
634643
983106
883391
523118
307321
68172
136189
702076
60089
486336
448525
206659
120871
727262
94036
504240
431664
630145
391751
495105
332724
239727
947568
916068
618832
137132
643857
486734
934320
605165
168771
568962
104622
52161
92079
928294
636685
228267
146721
213125
230955
595245
936135
351825
838858
30171
372416
786873
660315
280519
281978
509390
520245
745897
425457
139076
883029
585665
142161
333700
190829
310932
902661
811802
879444
511091
740096
516128
255710
403168
729253
3016
514765
665387
871192
353622
695557
243608
140495
872223
524126
938824
381612
44370
201072
807068
699797
84100
392733
841958
934151
99913
152889
353163
428067
32332
864254
168162
548460
636315
87681
794064
155682
602445
459450
26873
472419
671359
786832
612913
543581
310957
68088
441545
871678
269159
248612
87827
869611
157696
929784
320113
773961
599024
673276
202027
631355
53881
886540
696166
690195
974220
6581
362228
576665
466031
389100
49083
653741
175932
178347
713673
3240
762786
155217
391270
548296
920181
479096
417906
77876
408879
738019
851836
524254
927646
53862
155608
981526
456753
368126
188072
430973
374706
550299
7637
357088
455750
573071
10828
631681
267769
240853
151273
30554
396069
542542
578849
316249
537989
513107
910477
463219
251125
278664
987472
695122
848878
659431
676647
305630
543908
864718
736602
918614
931368
260590
792053
387117
350012
319233
535150
617780
560085
686422
648333
472505
745315
227182
305106
799655
740288
215582
262873
507764
10597
766696
202885
859474
426126
395883
681456
970034
776952
934409
404999
708319
194999
713403
95435
61362
32635
146936
679142
592719
349709
843826
581576
611375
71007
886681
411029
327646
102262
190253
351761
629210
956948
70997
5036
899426
466879
686491
385811
243830
620899
790809
468500
332249
504211
80287
393611
53198
227222
589104
162268
93283
432929
743843
704657
20288
630523
632038
864285
249136
822290
216046
878346
295590
803394
883381
195015
786625
569871
580825
546806
707121
887985
15306
555722
392195
95592
949332
961744
839165
538435
124012
932447
487715
867854
637104
508002
498377
269141
372287
263864
607782
104684
142209
903371
424429
541941
98385
211053
628163
195561
757859
851636
83545
773164
407357
992092
385107
356688
953835
224271
411474
77846
673070
415540
945700
826525
923542
960428
612017
812180
740643
219798
433215
399204
123169
373995
941144
737905
585048
85659
933466
342906
937294
533362
632421
344650
525453
533879
217689
479288
758149
145514
557133
947570
561053
19184
774094
946
495963
386110
329477
236606
605908
762691
635809
245428
136686
93304
499684
238085
178962
949501
97342
632607
482863
246114
977256
8315
779992
711296
3954
54492
856809
561087
2062
417862
96622
776155
935159
592585
678617
264636
829190
800876
543678
981350
46303
196715
74653
62338
434799
769967
528191
48492
402573
11053
294605
896181
535719
74596
607476
539673
129088
980637
617111
131149
914850
713732
423655
850008
822668
102271
114643
651857
903146
174673
149558
465800
371387
224211
44490
322538
510529
572680
371029
913101
100084
665634
325633
635802
256581
933109
691826
385668
913745
825288
33168
828594
539020
456823
194953
361687
75445
825948
529896
978591
620
679453
444390
888358
420015
488879
210895
446895
577910
98276
359996
677993
280261
201980
830147
536841
135088
38324
438861
565184
863612
988380
910129
918983
445202
105082
280669
36999
931029
326916
15589
448000
522721
976330
336357
459087
981561
547252
905982
559470
161879
782329
753815
442139
984308
583961
495331
635748
622284
934191
717283
2247
922571
627412
921229
884124
248845
718250
921122
696225
45165
453062
144224
84237
945744
480580
543324
927304
544183
449305
3125
706061
231633
756939
664551
732292
857251
159882
368039
995887
610424
85322
998133
49346
229085
919362
933470
477929
637611
370943
690505
199127
340357
351080
283364
286100
831659
826687
213403
892194
792343
732879
114606
540327
489818
779157
272618
863420
455390
157009
859306
65813
758682
857439
115159
987766
776800
564980
982046
930762
452274
672550
129888
792630
23629
413251
78729
371639
756289
808483
780184
64983
541362
411142
605309
547531
706650
394279
410950
162039
67639
270256
744203
826320
127694
375713
814085
420845
940692
796130
351606
392966
985031
997845
701947
525011
927448
780676
413001
200088
589158
193185
265071
646871
120678
386731
194401
827327
781009
605351
989365
848647
875606
733567
674966
3299
109280
5402
940495
566323
317883
292100
475640
819265
806296
177587
344275
733743
474614
273628
933831
580123
983164
198901
226994
103841
585631
421394
931167
882992
543096
920531
247990
418701
170449
439308
938351
796080
444709
878845
362403
278944
687296
838042
98208
493592
531980
958835
743686
6593
232462
193868
586716
215625
392768
330061
319465
494751
267806
766983
894094
810902
687513
142083
229602
374313
581390
684305
170393
542451
79501
49147
821394
766797
403540
919601
776740
451872
878435
36777
458464
627248
230645
561531
842872
139764
891591
678688
150866
675749
445670
44959
486650
649534
703394
232603
540199
801135
916907
710591
343585
996408
276089
681330
279556
195980
600931
56295
647851
995717
609423
106315
622965
840067
184197
982188
979831
592140
177228
130696
267888
622897
692007
754537
788783
395400
987139
328981
712886
420398
555923
56471
416805
832011
737800
696360
27990
855082
269006
192193
367151
878428
814859
506467
234847
999055
5006
214677
591194
182233
861724
375433
321482
70082
646321
110264
981833
149812
439244
694719
570209
995166
267541
987013
343528
521692
199724
887869
893126
985081
80061
260276
863508
894919
283094
98354
893974
804451
829382
1519
986684
207458
893304
308165
793891
539624
934780
775724
205787
374023
470442
775995
885540
737982
279359
229067
259673
995434
633287
152798
980514
713348
929425
844022
608266
728870
458727
18591
533321
804461
536462
36356
528270
946117
860872
322160
485740
795651
614235
691527
686025
601028
983873
571564
339009
263232
316982
115034
775017
950268
784183
755531
179967
229960
115904
304585
958829
90982
839527
8501
895442
375988
44856
940063
322104
905727
778575
324196
701377
392809
532074
387401
993837
32298
475316
849197
811881
792297
480582
586898
258917
781117
342428
438883
11076
458331
743467
486256
549312
582994
494757
961106
475333
539612
417520
313789
961691
196094
637984
663067
105255
686409
566820
615443
718706
42135
980991
46939
834432
977925
633836
609700
759041
976263
48582
770116
950945
308401
256371
16608
891394
267479
977713
883078
323443
911585
196866
285133
624030
351201
948199
729284
553961
31370
861078
789019
73505
358421
835957
424288
336345
469792
33987
95385
962406
598920
381852
429702
907320
638222
446309
315065
422053
940374
198143
745495
851958
911360
30627
475987
262561
495177
721623
332873
526547
99052
121891
116403
457472
957847
540690
793816
943990
574676
889200
422747
689947
271051
852448
597267
425625
298757
428683
847677
239130
626825
109523
91087
54537
656501
83425
833449
151677
805047
166321
194575
904099
288212
310977
361570
762410
851666
671738
222752
942693
560937
645498
632640
348340
497946
746258
290316
796702
174940
654344
552183
318117
763866
159621
372653
420366
243045
206101
88394
48092
888773
799321
468542
176984
110297
346463
455746
478315
18200
678497
421007
95489
840346
569998
443828
338291
832607
734143
651344
7547
904838
719878
325663
668703
879498
214667
605420
122543
937119
210165
686986
825891
9485
671879
519227
119782
18341
974972
114448
552893
169820
51806
648381
10165
621804
608560
348456
970762
859054
516151
978308
763891
236029
820322
948945
115526
34988
554364
754420
972106
280880
957757
797997
290365
629635
317223
926498
164328
808546
40945
717220
978365
609102
365600
988529
747257
974159
853336
718019
349564
369487
696326
113454
121867
33000
62398
237392
67987
133113
508164
556445
413992
465920
870793
220708
95555
704367
147205
259882
29264
704501
493453
7628
313603
859052
512508
60859
349562
882196
778877
699125
251682
991555
328930
889900
24554
391327
127291
608892
40791
151806
681688
454782
617726
68832
191842
229632
289550
339046
5865
318813
559899
499317
842792
389853
874720
871652
450711
740633
753847
745940
956109
521880
253846
285038
411779
794751
192716
55421
919994
233506
207227
118034
204639
341304
186865
396480
87287
992767
251878
93151
311579
811776
108819
670723
201628
499890
542374
168690
240522
812572
430981
196630
334451
201178
481667
262581
995928
190734
318001
432274
424239
41579
550307
145229
382882
253523
541709
470168
246289
309938
79670
74220
121713
704840
261294
839692
204729
803667
524733
445250
132590
472066
