100 20 100
39 28
29 65
8 76
23 97
78 21
100 63
95 59
59 63
31 16
83 82
95 53
52 13
50 2
29 46
52 69
57 91
96 85
7 4
13 29
52 42
1 51
4 95
62 14
9 92
29 92
44 29
87 45
31 15
91 34
36 47
84 82
86 48
11 38
89 11
40 44
58 1
57 18
45 37
9 70
12 5
50 98
49 32
65 39
66 100
38 41
30 73
23 68
72 33
5 60
95 44
55 4
97 11
22 41
47 82
62 58
86 11
8 35
43 72
25 8
23 14
100 4
86 22
71 9
6 27
68 53
23 22
8 19
84 81
59 31
63 72
40 48
82 99
34 76
22 11
35 44
24 35
48 62
56 18
70 14
45 90
66 19
63 73
37 47
54 47
29 16
18 68
15 51
19 1
27 40
11 61
84 86
95 83
47 3
100 17
16 96
58 81
14 20
5 2
66 58
48 94
R R L L L L L L R L L L R R L L R L L L
