500 50 1000
308 171
115 440
166 2
202 52
111 430
470 467
289 254
87 79
486 167
335 452
346 435
249 459
34 10
497 299
139 123
162 446
293 276
385 458
130 439
361 92
368 183
410 156
436 496
235 274
163 421
225 8
355 473
318 389
482 314
187 121
436 201
418 81
328 155
38 457
93 251
400 460
433 310
468 220
305 54
493 319
474 217
326 328
42 143
216 23
308 255
495 244
307 413
324 134
419 213
443 11
315 194
322 99
3 141
319 160
194 311
478 167
380 156
347 421
298 414
443 106
20 290
201 326
202 376
460 472
440 254
482 107
447 155
205 302
296 23
313 489
334 290
8 213
297 354
485 447
119 279
52 139
68 104
464 121
331 275
92 270
28 425
376 327
80 81
128 375
455 440
215 288
81 222
352 378
427 188
176 46
467 227
184 34
182 499
7 364
274 98
133 153
23 361
479 102
293 458
328 99
397 42
239 330
116 90
59 42
278 234
439 96
312 474
129 345
473 135
208 98
85 192
250 107
404 229
60 48
186 387
147 435
280 385
116 395
326 26
289 103
259 79
50 422
53 179
266 377
165 473
474 101
164 223
59 420
303 118
467 341
356 113
127 488
497 242
234 323
267 22
277 377
453 327
298 5
357 63
233 373
387 206
474 402
428 384
321 83
354 288
423 209
400 49
48 249
142 282
71 408
155 199
136 107
377 433
111 233
347 343
458 233
400 431
486 180
166 307
262 19
94 184
80 345
84 127
445 225
408 15
484 63
66 119
169 442
51 132
27 397
326 484
481 78
414 466
257 79
124 18
450 217
53 29
414 136
155 358
212 415
225 195
329 290
313 349
83 215
480 109
463 158
92 295
87 357
260 343
288 384
212 237
452 264
265 217
251 271
75 314
185 151
8 13
292 172
362 374
238 193
335 200
494 288
135 105
482 422
340 193
10 144
308 274
212 58
396 138
371 81
288 230
445 431
253 158
305 490
203 491
41 404
268 386
44 402
491 25
323 182
70 332
177 377
457 389
287 353
26 9
285 314
91 229
244 343
239 400
333 441
242 225
344 10
111 239
411 453
116 86
134 185
269 311
413 226
51 199
430 76
60 66
241 150
146 337
492 384
88 176
324 330
401 20
339 11
258 101
463 373
186 448
409 307
110 322
32 160
372 313
88 431
378 328
80 23
16 72
259 104
99 82
433 499
453 123
361 211
75 323
435 113
271 196
419 232
17 302
392 388
466 479
319 343
158 250
217 174
321 475
277 272
409 61
270 361
35 131
423 461
305 210
73 427
257 491
159 125
144 402
12 109
232 182
303 389
284 372
62 104
346 190
227 106
102 497
319 136
479 241
97 135
302 21
62 58
364 72
182 7
473 46
468 204
79 270
444 362
141 6
318 339
47 44
296 149
392 114
136 370
207 84
357 360
105 418
418 468
341 451
326 165
348 293
368 427
415 163
140 407
168 309
245 67
353 393
215 244
6 350
466 212
434 174
424 390
91 341
357 283
143 34
447 491
179 166
269 93
328 260
499 348
69 96
414 273
488 480
368 345
329 333
409 114
6 332
3 448
24 211
82 18
97 28
360 275
45 128
367 373
240 217
220 160
164 485
432 3
464 299
348 144
484 108
110 341
439 464
141 314
175 222
331 123
102 191
397 146
170 115
18 409
183 89
68 347
73 499
201 388
150 400
32 133
7 141
473 297
104 113
110 130
335 441
252 436
131 500
81 300
114 451
61 149
391 480
495 464
479 47
203 480
447 234
112 453
226 84
102 182
49 211
163 383
3 267
170 133
266 102
285 232
404 197
380 295
176 226
110 6
272 312
485 70
398 96
375 475
32 476
156 80
186 171
314 41
437 335
173 54
288 309
285 192
5 16
486 181
241 447
38 365
258 23
434 7
470 308
482 1
135 489
432 321
11 97
213 447
431 385
353 219
46 489
262 402
5 99
434 97
45 472
313 154
494 247
13 315
406 494
168 41
334 99
213 345
48 425
143 330
161 347
400 58
336 161
460 192
111 393
140 155
364 453
161 209
51 173
376 456
18 43
348 203
493 412
47 40
336 42
370 349
388 269
406 75
282 217
266 392
110 406
399 325
358 59
386 260
83 261
215 100
155 415
154 147
326 201
39 14
94 260
214 481
28 471
56 161
188 173
53 149
78 451
473 287
361 210
46 443
470 113
394 476
379 399
123 56
99 13
69 44
272 134
377 151
105 432
312 292
456 216
440 34
18 264
172 378
474 70
172 295
182 417
271 412
315 245
467 266
R L R L R R L R L R L L L R R R R L L L R R L L R L R L L L R L R R R R L R L R R R L R L L R L L R
