500 50 100000
232 214
427 64
280 272
267 102
27 177
431 212
207 151
284 14
246 371
61 59
195 134
341 129
169 398
224 250
173 395
317 256
109 96
171 240
367 437
341 393
465 124
105 23
274 388
36 20
110 96
430 157
82 270
285 250
20 360
352 192
255 20
448 215
115 118
454 482
407 146
226 223
269 182
246 395
70 281
414 31
229 195
187 310
464 324
411 483
35 262
27 141
282 474
355 248
443 308
229 201
454 307
424 74
488 169
468 409
301 233
440 29
427 478
190 243
153 101
77 188
362 103
328 495
76 183
243 371
342 323
71 147
129 494
221 117
14 40
25 167
273 316
47 51
294 237
293 446
337 370
485 50
472 313
45 400
347 139
270 40
461 192
187 442
38 259
410 51
298 434
69 422
250 116
473 395
352 117
340 188
486 325
89 310
489 485
209 335
123 330
374 436
373 412
377 410
22 286
313 320
71 381
93 172
348 417
66 199
34 258
238 371
434 327
180 422
311 240
108 286
421 333
221 294
245 449
55 266
86 219
437 8
452 382
180 299
298 245
350 331
354 87
202 287
265 233
208 428
473 167
213 245
500 285
390 96
85 445
361 22
15 150
29 466
31 208
117 328
305 466
11 10
404 64
297 169
296 356
448 120
23 160
365 22
296 254
469 232
50 181
253 65
330 281
30 212
341 498
40 497
463 402
6 367
465 302
387 260
10 334
380 32
345 96
405 492
349 373
223 251
53 475
315 235
107 196
446 447
194 337
443 8
238 301
226 202
454 112
314 463
297 45
494 493
140 250
484 340
474 206
90 27
32 256
113 139
452 58
437 497
395 380
4 484
32 230
186 485
193 351
448 342
395 293
334 386
395 318
77 368
375 19
246 407
274 358
45 77
416 333
425 162
64 281
145 95
362 182
80 54
32 379
395 278
171 229
15 65
398 92
285 272
462 30
30 87
388 426
16 155
259 440
316 322
72 312
417 433
494 348
339 377
226 233
155 248
313 21
165 62
112 449
186 425
478 215
12 217
141 27
371 399
318 38
72 390
202 488
174 47
335 12
423 412
97 429
160 409
450 324
323 413
272 8
338 101
222 201
318 362
79 40
112 248
78 184
137 131
23 311
177 210
174 99
121 270
380 132
31 329
455 353
93 78
360 282
179 81
482 348
295 60
387 258
308 316
293 296
446 316
458 474
377 132
73 497
401 452
129 431
132 435
135 224
365 494
6 43
427 487
242 73
399 128
330 58
296 475
205 93
142 163
67 18
146 139
366 398
442 346
329 73
281 463
148 145
309 153
39 235
492 280
307 242
259 488
299 406
462 3
499 455
17 65
472 162
55 338
60 348
35 240
272 315
54 419
311 362
424 201
448 415
480 106
8 91
446 306
496 259
160 346
214 29
262 185
42 316
374 453
15 409
44 286
75 98
57 386
311 480
438 111
246 270
216 253
360 13
410 207
272 421
53 485
449 314
21 343
482 395
295 496
155 339
134 229
288 190
466 450
21 404
60 266
25 128
370 384
140 279
442 263
51 494
247 352
160 120
194 493
14 340
340 20
30 473
100 317
14 418
119 386
173 30
151 197
157 372
80 149
2 373
411 53
367 10
404 378
129 449
370 494
288 209
13 318
34 464
486 399
381 456
285 53
486 287
249 142
159 180
142 160
53 405
212 271
414 467
500 42
415 221
35 203
281 399
372 166
362 209
65 95
165 349
499 150
135 248
143 145
279 137
305 183
41 368
305 454
335 156
347 101
376 381
303 157
131 26
322 344
87 238
438 251
86 437
252 73
36 394
217 166
30 373
201 70
241 357
375 427
13 221
27 240
453 182
248 83
207 70
279 145
159 68
395 97
4 146
169 391
392 237
409 273
462 109
195 54
465 69
480 329
142 358
69 94
39 316
29 98
237 307
242 396
374 137
492 230
134 12
472 377
100 380
2 61
488 196
114 305
116 445
133 257
303 201
351 341
17 231
290 105
389 32
500 262
20 343
343 5
354 315
382 306
194 383
366 34
430 332
338 45
128 470
154 430
23 356
123 391
86 412
495 474
295 495
87 314
337 430
319 43
96 52
348 289
286 65
174 215
248 11
111 376
333 264
157 207
119 279
97 204
43 91
29 337
437 116
151 126
45 321
20 492
224 219
280 9
283 454
75 31
316 185
258 500
301 414
206 419
45 154
475 87
97 3
423 33
118 425
10 14
97 381
5 320
99 137
180 382
442 106
264 109
291 21
109 91
286 166
361 330
320 335
190 191
300 307
467 162
R L L R R R R R L L L R R L R R L L L R L R R R L L R L R L R R R L R R L L R R R R R R L R R L R R
