1000 50 9999999
254 68
223 790
92 307
449 109
757 626
770 110
500 640
499 995
418 127
60 988
702 267
568 740
837 423
996 176
895 955
505 148
22 727
289 466
34 90
574 142
715 695
252 567
687 102
561 456
229 972
444 282
238 11
373 74
785 369
601 680
323 457
179 696
184 820
513 569
909 438
710 975
133 313
541 819
415 453
626 995
776 69
628 13
80 1
438 216
721 391
247 395
847 426
442 382
245 955
302 505
392 364
479 876
28 372
46 794
824 672
788 952
740 768
316 171
120 754
387 840
496 633
586 694
410 27
428 6
981 81
510 725
444 341
600 472
712 998
265 887
21 405
838 760
524 154
283 643
259 669
834 106
653 419
151 415
445 578
420 778
11 282
502 454
622 453
277 685
802 894
923 822
298 113
934 173
266 216
815 876
236 1000
333 240
418 483
654 214
413 426
343 423
59 844
228 32
649 505
716 450
750 990
272 399
102 557
571 719
772 385
594 359
736 278
598 505
761 604
718 525
29 413
947 87
256 526
118 256
382 185
706 131
174 329
529 628
885 99
346 8
835 292
366 570
569 963
426 681
918 496
205 946
908 503
384 515
29 853
771 762
389 476
893 915
156 773
542 392
872 239
399 58
530 764
980 451
78 405
131 996
900 688
293 159
190 29
674 570
233 444
332 622
271 576
536 426
348 429
817 571
667 567
981 549
330 960
999 759
716 481
754 968
520 399
126 62
427 799
631 659
242 314
280 864
241 167
289 941
947 457
511 614
23 843
162 704
802 512
463 518
344 216
485 864
966 610
925 392
761 907
403 2
573 34
866 813
201 506
753 147
315 616
112 689
458 625
393 612
136 855
481 480
422 965
343 388
926 619
131 686
525 533
40 97
567 257
910 119
114 14
617 428
981 729
117 791
705 861
402 841
67 882
672 840
198 366
579 123
984 710
161 860
594 552
957 512
160 218
982 273
583 599
53 564
679 521
354 383
381 755
575 447
988 598
638 185
963 217
659 298
278 171
158 871
722 114
735 881
331 716
506 265
314 558
828 344
78 533
79 458
287 653
256 626
251 245
810 565
461 821
863 738
991 20
961 65
133 695
297 815
410 802
79 76
359 259
419 436
791 849
245 430
502 852
55 104
97 217
668 909
389 882
647 379
901 607
795 385
301 92
551 62
893 982
137 604
240 908
39 382
756 636
811 609
839 218
64 935
786 732
844 174
965 842
904 866
448 699
602 100
790 153
161 34
134 650
637 725
557 676
458 664
663 621
273 501
838 336
788 975
419 983
148 384
824 51
601 623
749 202
722 890
706 234
924 191
883 560
915 791
587 373
455 249
993 727
102 182
62 889
156 833
871 655
216 694
57 816
316 158
369 389
47 75
622 322
265 857
882 180
647 820
904 101
421 248
827 522
781 241
762 288
425 984
294 640
677 350
807 344
507 175
84 906
249 57
227 514
913 108
45 560
928 300
12 348
899 191
221 31
783 982
318 207
965 611
846 993
960 4
688 819
178 771
724 427
179 950
292 92
410 688
987 366
36 237
556 256
267 338
589 584
544 905
546 741
897 857
744 584
675 922
706 750
700 236
700 343
679 109
30 681
797 368
399 184
604 954
791 870
292 379
805 187
283 350
928 531
558 23
466 233
944 523
982 995
758 33
337 437
469 289
85 867
824 688
173 614
557 816
344 361
2 978
62 281
508 620
304 325
204 599
847 537
594 957
570 282
393 62
1000 213
703 84
432 526
772 604
492 680
419 835
393 772
165 454
53 672
425 356
997 980
954 195
517 899
151 438
181 895
499 532
460 553
615 891
431 386
846 922
418 616
108 810
387 272
615 439
296 392
146 292
371 452
838 887
702 989
324 234
883 175
765 342
79 380
584 509
117 781
430 534
396 890
695 783
161 310
573 456
701 71
99 71
522 937
310 575
277 985
809 159
159 573
853 238
304 788
98 421
569 528
306 964
769 353
98 929
662 671
737 714
741 835
136 614
123 445
188 399
430 996
910 940
921 114
529 224
901 627
996 821
506 654
137 274
6 234
554 19
256 290
732 348
477 867
961 599
664 501
998 445
496 259
736 768
372 265
992 624
243 987
797 748
992 933
373 997
518 926
15 774
216 98
121 692
317 434
642 980
934 639
776 781
249 511
549 620
127 540
596 369
878 392
116 870
676 488
218 193
766 585
966 981
682 439
24 998
872 665
329 157
656 104
937 904
967 837
524 93
728 471
462 958
862 929
179 537
769 396
729 534
980 47
866 14
837 889
11 60
553 340
216 208
795 504
112 761
341 987
206 420
457 19
377 670
299 555
206 419
303 286
952 634
684 169
647 520
57 658
579 962
349 794
169 495
650 632
608 342
970 165
761 426
183 138
95 481
44 652
252 346
290 203
332 973
372 978
493 780
987 71
741 687
217 262
182 866
245 141
207 215
305 967
992 487
456 439
319 852
90 570
549 379
125 880
704 848
858 196
979 196
618 720
883 834
333 416
699 577
556 257
143 212
576 135
50 383
573 720
234 662
290 783
393 766
662 96
965 519
643 943
67 260
14 949
94 346
716 144
275 623
753 417
834 328
551 883
710 123
602 944
137 243
78 881
8 739
328 324
610 322
267 676
581 280
976 26
978 691
522 604
313 274
20 498
953 923
380 14
45 333
309 533
576 386
765 935
125 92
259 734
413 877
761 346
508 736
371 485
778 244
440 442
517 460
939 821
382 318
835 778
650 143
663 577
529 427
512 5
871 122
90 635
350 850
980 857
937 703
694 66
298 133
507 167
592 445
987 325
762 821
455 763
316 117
340 196
543 203
200 765
676 641
400 25
842 731
881 130
785 926
195 83
59 701
249 2
145 235
327 258
408 781
372 75
249 63
270 143
265 821
908 292
813 659
316 654
389 549
783 174
474 977
256 884
29 856
886 525
90 564
782 849
696 153
923 944
216 544
86 832
716 345
476 528
3 143
181 392
43 315
917 517
643 524
752 671
379 637
195 468
200 328
669 895
833 943
190 400
487 276
231 202
620 58
82 623
201 262
366 243
929 282
111 571
805 863
242 183
851 788
2 403
116 670
297 948
965 487
347 451
114 929
4 733
339 85
707 539
699 72
133 627
705 244
549 509
458 790
43 308
930 45
710 45
66 359
344 30
197 42
832 310
322 188
394 660
624 453
550 674
876 683
652 581
278 201
441 87
990 484
746 919
880 456
315 297
166 10
679 714
403 510
375 77
49 768
88 673
572 638
698 448
672 350
380 949
550 820
387 539
655 132
810 886
939 476
183 104
838 861
817 592
722 543
668 123
311 756
795 234
745 844
33 416
193 412
716 742
584 454
633 590
585 794
476 524
621 10
979 458
870 148
402 943
690 69
65 352
176 211
586 920
55 618
687 247
382 754
989 317
207 973
906 792
766 733
667 386
742 645
196 963
792 597
906 482
17 970
185 545
181 770
816 587
740 855
833 473
608 173
789 167
145 46
310 262
779 976
1000 872
972 547
835 116
495 740
597 511
61 133
407 593
903 223
179 994
77 12
466 36
536 606
202 33
651 863
294 781
190 293
5 162
191 839
277 685
930 225
548 990
357 954
583 611
176 113
956 604
476 421
640 12
378 193
44 381
56 689
513 597
334 517
110 524
355 386
209 636
962 756
978 671
709 912
633 237
24 589
840 500
9 831
863 739
24 258
119 431
946 631
27 631
148 137
155 854
874 715
490 188
858 882
378 490
118 753
430 310
252 791
140 466
529 163
723 647
945 21
277 324
651 776
812 157
982 37
223 471
224 44
289 433
926 18
275 395
770 704
704 374
494 196
839 22
710 914
20 655
934 649
330 936
424 141
445 405
177 667
227 753
63 867
185 988
884 811
734 6
867 790
731 712
985 921
734 46
834 105
700 119
753 29
407 529
521 851
933 698
869 512
802 931
378 338
270 614
149 4
971 367
793 701
78 129
621 811
174 807
268 226
277 20
606 683
548 127
885 833
176 754
696 329
684 425
666 306
38 166
309 360
532 453
60 610
581 33
420 106
839 39
331 115
59 289
150 958
415 34
142 942
139 837
270 175
262 287
480 651
453 788
363 984
240 422
593 172
806 365
277 996
403 960
463 813
248 612
771 14
997 264
307 136
101 928
310 714
214 789
716 666
928 78
650 519
852 242
690 9
606 318
5 361
629 467
173 228
430 943
593 426
559 251
561 659
178 222
724 744
362 791
409 289
221 410
159 424
652 848
432 609
518 436
321 498
902 494
78 331
788 670
109 346
921 21
356 450
243 79
193 956
222 954
245 442
363 403
865 366
603 296
327 472
84 647
321 337
140 398
20 928
420 128
273 692
148 981
141 742
59 334
698 632
287 294
73 1
48 289
367 2
585 693
473 20
339 794
356 479
543 375
758 962
502 382
653 2
362 146
95 773
479 792
404 117
85 477
117 485
765 835
486 701
527 959
720 866
104 428
696 998
802 453
312 656
186 964
657 548
109 751
320 939
895 723
407 331
551 876
815 316
710 301
368 589
611 440
806 66
R R R L R L R L L R R L L L R L R R L R L R L L R L L R R R L R R L L R L R L R R R L L L L R L R R
