1000 500 1
2 501
3 502
4 503
5 504
6 505
7 506
8 507
9 508
10 509
11 510
12 511
13 512
14 513
15 514
16 515
17 516
18 517
19 518
20 519
21 520
22 521
23 522
24 523
25 524
26 525
27 526
28 527
29 528
30 529
31 530
32 531
33 532
34 533
35 534
36 535
37 536
38 537
39 538
40 539
41 540
42 541
43 542
44 543
45 544
46 545
47 546
48 547
49 548
50 549
51 550
52 551
53 552
54 553
55 554
56 555
57 556
58 557
59 558
60 559
61 560
62 561
63 562
64 563
65 564
66 565
67 566
68 567
69 568
70 569
71 570
72 571
73 572
74 573
75 574
76 575
77 576
78 577
79 578
80 579
81 580
82 581
83 582
84 583
85 584
86 585
87 586
88 587
89 588
90 589
91 590
92 591
93 592
94 593
95 594
96 595
97 596
98 597
99 598
100 599
101 600
102 601
103 602
104 603
105 604
106 605
107 606
108 607
109 608
110 609
111 610
112 611
113 612
114 613
115 614
116 615
117 616
118 617
119 618
120 619
121 620
122 621
123 622
124 623
125 624
126 625
127 626
128 627
129 628
130 629
131 630
132 631
133 632
134 633
135 634
136 635
137 636
138 637
139 638
140 639
141 640
142 641
143 642
144 643
145 644
146 645
147 646
148 647
149 648
150 649
151 650
152 651
153 652
154 653
155 654
156 655
157 656
158 657
159 658
160 659
161 660
162 661
163 662
164 663
165 664
166 665
167 666
168 667
169 668
170 669
171 670
172 671
173 672
174 673
175 674
176 675
177 676
178 677
179 678
180 679
181 680
182 681
183 682
184 683
185 684
186 685
187 686
188 687
189 688
190 689
191 690
192 691
193 692
194 693
195 694
196 695
197 696
198 697
199 698
200 699
201 700
202 701
203 702
204 703
205 704
206 705
207 706
208 707
209 708
210 709
211 710
212 711
213 712
214 713
215 714
216 715
217 716
218 717
219 718
220 719
221 720
222 721
223 722
224 723
225 724
226 725
227 726
228 727
229 728
230 729
231 730
232 731
233 732
234 733
235 734
236 735
237 736
238 737
239 738
240 739
241 740
242 741
243 742
244 743
245 744
246 745
247 746
248 747
249 748
250 749
251 750
252 751
253 752
254 753
255 754
256 755
257 756
258 757
259 758
260 759
261 760
262 761
263 762
264 763
265 764
266 765
267 766
268 767
269 768
270 769
271 770
272 771
273 772
274 773
275 774
276 775
277 776
278 777
279 778
280 779
281 780
282 781
283 782
284 783
285 784
286 785
287 786
288 787
289 788
290 789
291 790
292 791
293 792
294 793
295 794
296 795
297 796
298 797
299 798
300 799
301 800
302 801
303 802
304 803
305 804
306 805
307 806
308 807
309 808
310 809
311 810
312 811
313 812
314 813
315 814
316 815
317 816
318 817
319 818
320 819
321 820
322 821
323 822
324 823
325 824
326 825
327 826
328 827
329 828
330 829
331 830
332 831
333 832
334 833
335 834
336 835
337 836
338 837
339 838
340 839
341 840
342 841
343 842
344 843
345 844
346 845
347 846
348 847
349 848
350 849
351 850
352 851
353 852
354 853
355 854
356 855
357 856
358 857
359 858
360 859
361 860
362 861
363 862
364 863
365 864
366 865
367 866
368 867
369 868
370 869
371 870
372 871
373 872
374 873
375 874
376 875
377 876
378 877
379 878
380 879
381 880
382 881
383 882
384 883
385 884
386 885
387 886
388 887
389 888
390 889
391 890
392 891
393 892
394 893
395 894
396 895
397 896
398 897
399 898
400 899
401 900
402 901
403 902
404 903
405 904
406 905
407 906
408 907
409 908
410 909
411 910
412 911
413 912
414 913
415 914
416 915
417 916
418 917
419 918
420 919
421 920
422 921
423 922
424 923
425 924
426 925
427 926
428 927
429 928
430 929
431 930
432 931
433 932
434 933
435 934
436 935
437 936
438 937
439 938
440 939
441 940
442 941
443 942
444 943
445 944
446 945
447 946
448 947
449 948
450 949
451 950
452 951
453 952
454 953
455 954
456 955
457 956
458 957
459 958
460 959
461 960
462 961
463 962
464 963
465 964
466 965
467 966
468 967
469 968
470 969
471 970
472 971
473 972
474 973
475 974
476 975
477 976
478 977
479 978
480 979
481 980
482 981
483 982
484 983
485 984
486 985
487 986
488 987
489 988
490 989
491 990
492 991
493 992
494 993
495 994
496 995
497 996
498 997
499 998
500 999
501 2
502 3
503 4
504 5
505 6
506 7
507 8
508 9
509 10
510 11
511 12
512 13
513 14
514 15
515 16
516 17
517 18
518 19
519 20
520 21
521 22
522 23
523 24
524 25
525 26
526 27
527 28
528 29
529 30
530 31
531 32
532 33
533 34
534 35
535 36
536 37
537 38
538 39
539 40
540 41
541 42
542 43
543 44
544 45
545 46
546 47
547 48
548 49
549 50
550 51
551 52
552 53
553 54
554 55
555 56
556 57
557 58
558 59
559 60
560 61
561 62
562 63
563 64
564 65
565 66
566 67
567 68
568 69
569 70
570 71
571 72
572 73
573 74
574 75
575 76
576 77
577 78
578 79
579 80
580 81
581 82
582 83
583 84
584 85
585 86
586 87
587 88
588 89
589 90
590 91
591 92
592 93
593 94
594 95
595 96
596 97
597 98
598 99
599 100
600 101
601 102
602 103
603 104
604 105
605 106
606 107
607 108
608 109
609 110
610 111
611 112
612 113
613 114
614 115
615 116
616 117
617 118
618 119
619 120
620 121
621 122
622 123
623 124
624 125
625 126
626 127
627 128
628 129
629 130
630 131
631 132
632 133
633 134
634 135
635 136
636 137
637 138
638 139
639 140
640 141
641 142
642 143
643 144
644 145
645 146
646 147
647 148
648 149
649 150
650 151
651 152
652 153
653 154
654 155
655 156
656 157
657 158
658 159
659 160
660 161
661 162
662 163
663 164
664 165
665 166
666 167
667 168
668 169
669 170
670 171
671 172
672 173
673 174
674 175
675 176
676 177
677 178
678 179
679 180
680 181
681 182
682 183
683 184
684 185
685 186
686 187
687 188
688 189
689 190
690 191
691 192
692 193
693 194
694 195
695 196
696 197
697 198
698 199
699 200
700 201
701 202
702 203
703 204
704 205
705 206
706 207
707 208
708 209
709 210
710 211
711 212
712 213
713 214
714 215
715 216
716 217
717 218
718 219
719 220
720 221
721 222
722 223
723 224
724 225
725 226
726 227
727 228
728 229
729 230
730 231
731 232
732 233
733 234
734 235
735 236
736 237
737 238
738 239
739 240
740 241
741 242
742 243
743 244
744 245
745 246
746 247
747 248
748 249
749 250
750 251
751 252
752 253
753 254
754 255
755 256
756 257
757 258
758 259
759 260
760 261
761 262
762 263
763 264
764 265
765 266
766 267
767 268
768 269
769 270
770 271
771 272
772 273
773 274
774 275
775 276
776 277
777 278
778 279
779 280
780 281
781 282
782 283
783 284
784 285
785 286
786 287
787 288
788 289
789 290
790 291
791 292
792 293
793 294
794 295
795 296
796 297
797 298
798 299
799 300
800 301
801 302
802 303
803 304
804 305
805 306
806 307
807 308
808 309
809 310
810 311
811 312
812 313
813 314
814 315
815 316
816 317
817 318
818 319
819 320
820 321
821 322
822 323
823 324
824 325
825 326
826 327
827 328
828 329
829 330
830 331
831 332
832 333
833 334
834 335
835 336
836 337
837 338
838 339
839 340
840 341
841 342
842 343
843 344
844 345
845 346
846 347
847 348
848 349
849 350
850 351
851 352
852 353
853 354
854 355
855 356
856 357
857 358
858 359
859 360
860 361
861 362
862 363
863 364
864 365
865 366
866 367
867 368
868 369
869 370
870 371
871 372
872 373
873 374
874 375
875 376
876 377
877 378
878 379
879 380
880 381
881 382
882 383
883 384
884 385
885 386
886 387
887 388
888 389
889 390
890 391
891 392
892 393
893 394
894 395
895 396
896 397
897 398
898 399
899 400
900 401
901 402
902 403
903 404
904 405
905 406
906 407
907 408
908 409
909 410
910 411
911 412
912 413
913 414
914 415
915 416
916 417
917 418
918 419
919 420
920 421
921 422
922 423
923 424
924 425
925 426
926 427
927 428
928 429
929 430
930 431
931 432
932 433
933 434
934 435
935 436
936 437
937 438
938 439
939 440
940 441
941 442
942 443
943 444
944 445
945 446
946 447
947 448
948 449
949 450
950 451
951 452
952 453
953 454
954 455
955 456
956 457
957 458
958 459
959 460
960 461
961 462
962 463
963 464
964 465
965 466
966 467
967 468
968 469
969 470
970 471
971 472
972 473
973 474
974 475
975 476
976 477
977 478
978 479
979 480
980 481
981 482
982 483
983 484
984 485
985 486
986 487
987 488
988 489
989 490
990 491
991 492
992 493
993 494
994 495
995 496
996 497
997 498
998 499
999 500
1000 1
1 500
L L L L L L L L L L L L L L L L L L L L L L L L L L L L L L L L L L L L L L L L L L L L L L L L L L L L L L L L L L L L L L L L L L L L L L L L L L L L L L L L L L L L L L L L L L L L L L L L L L L L L L L L L L L L L L L L L L L L L L L L L L L L L L L L L L L L L L L L L L L L L L L L L L L L L L L L L L L L L L L L L L L L L L L L L L L L L L L L L L L L L L L L L L L L L L L L L L L L L L L L L L L L L L L L L L L L L L L L L L L L L L L L L L L L L L L L L L L L L L L L L L L L L L L L L L L L L L L L L L L L L L L L L L L L L L L L L L L L L L L L L L L L L L L L L L L L L L L L L L L L L L L L L L L L L L L L L L L L L L L L L L L L L L L L L L L L L L L L L L L L L L L L L L L L L L L L L L L L L L L L L L L L L L L L L L L L L L L L L L L L L L L L L L L L L L L L L L L L L L L L L L L L L L L L L L L L L L L L L L L L L L L L L L L L L L L L L L L L L L L L L L L L L L L L L L L L L L L L L L L L L L L L L L L L L L L L L L L L L L L L L L L L L L L L L L L L L L L L L L L R
