10340 312 621
1 146
1 170
1 171
1 240
1 241
1 393
1 394
1 848
1 849
2 146
2 170
2 239
2 240
2 392
2 850
3 145
3 169
3 239
3 390
3 391
3 851
3 852
4 144
4 168
4 238
4 389
4 390
4 852
4 853
5 144
5 168
5 237
5 388
5 854
6 143
6 167
6 236
6 237
6 386
6 387
6 855
6 856
7 142
7 143
7 166
7 235
7 236
7 385
7 386
7 856
7 857
8 142
8 166
8 235
8 384
8 858
9 141
9 165
9 234
9 382
9 383
9 859
9 860
10 140
10 141
10 164
10 233
10 381
10 382
10 860
10 861
11 140
11 164
11 232
11 233
11 380
11 862
12 139
12 163
12 232
12 379
12 863
13 139
13 162
13 231
13 377
13 378
13 864
13 865
14 138
14 162
14 230
14 376
14 377
14 865
14 866
15 137
15 138
15 161
15 229
15 230
15 375
15 376
15 866
15 867
16 137
16 160
16 161
16 229
16 374
16 868
17 136
17 160
17 228
17 373
17 869
18 136
18 159
18 227
18 371
18 372
18 870
18 871
19 135
19 158
19 159
19 226
19 227
19 370
19 371
19 871
19 872
20 134
20 158
20 226
20 369
20 370
20 872
20 873
21 134
21 157
21 225
21 368
21 874
22 133
22 157
22 224
22 367
22 875
23 133
23 156
23 223
23 224
23 366
23 876
24 132
24 155
24 223
24 364
24 365
24 877
24 878
25 131
25 132
25 155
25 222
25 363
25 364
25 878
25 879
26 131
26 154
26 221
26 362
26 363
26 879
26 880
27 130
27 153
27 154
27 220
27 221
27 361
27 362
27 880
27 881
28 130
28 153
28 220
28 360
28 361
28 881
28 882
29 129
29 152
29 219
29 359
29 883
30 128
30 129
30 152
30 218
30 219
30 358
30 884
31 128
31 151
31 218
31 357
31 885
32 127
32 150
32 151
32 217
32 356
32 886
33 127
33 150
33 216
33 355
33 887
34 126
34 149
34 216
34 354
34 888
35 126
35 149
35 215
35 353
35 889
36 125
36 148
36 214
36 352
36 890
37 125
37 147
37 148
37 214
37 351
37 891
38 124
38 147
38 213
38 350
38 892
39 123
39 124
39 146
39 212
39 349
39 893
40 123
40 146
40 212
40 348
40 894
41 122
41 145
41 211
41 347
41 895
42 122
42 145
42 210
42 346
42 896
43 121
43 144
43 210
43 345
43 598
43 599
43 600
43 601
43 602
43 603
43 604
43 605
43 606
43 607
43 608
43 609
43 610
43 611
43 612
43 613
43 614
43 615
43 616
43 617
43 618
43 619
43 620
43 621
43 622
43 623
43 624
43 625
43 626
43 627
43 628
43 629
43 630
43 631
43 632
43 633
43 634
43 635
43 636
43 637
43 638
43 639
43 640
43 641
43 642
43 643
43 644
43 897
44 121
44 144
44 209
44 344
44 589
44 590
44 591
44 592
44 593
44 594
44 595
44 596
44 597
44 645
44 646
44 647
44 648
44 649
44 650
44 651
44 652
44 653
44 898
45 120
45 143
45 208
45 343
45 581
45 582
45 583
45 584
45 585
45 586
45 587
45 588
45 654
45 655
45 656
45 657
45 658
45 659
45 660
45 661
45 899
46 120
46 142
46 143
46 208
46 342
46 575
46 576
46 577
46 578
46 579
46 580
46 662
46 663
46 664
46 665
46 666
46 667
46 900
47 119
47 142
47 207
47 341
47 570
47 571
47 572
47 573
47 574
47 668
47 669
47 670
47 671
47 672
47 901
48 119
48 141
48 206
48 207
48 340
48 565
48 566
48 567
48 568
48 569
48 673
48 674
48 675
48 676
48 677
48 902
49 118
49 141
49 206
49 339
49 560
49 561
49 562
49 563
49 564
49 678
49 679
49 680
49 681
49 682
49 903
50 118
50 140
50 205
50 338
50 556
50 557
50 558
50 559
50 560
50 682
50 683
50 684
50 685
50 686
50 904
51 117
51 140
51 204
51 205
51 337
51 552
51 553
51 554
51 555
51 687
51 688
51 689
51 690
51 905
52 117
52 139
52 204
52 336
52 337
52 549
52 550
52 551
52 552
52 690
52 691
52 692
52 693
52 905
52 906
53 116
53 139
53 203
53 335
53 336
53 545
53 546
53 547
53 548
53 694
53 695
53 696
53 697
53 906
53 907
54 115
54 116
54 138
54 203
54 334
54 335
54 542
54 543
54 544
54 698
54 699
54 700
54 907
54 908
55 115
55 138
55 202
55 333
55 334
55 539
55 540
55 541
55 701
55 702
55 703
55 908
55 909
56 114
56 115
56 137
56 201
56 202
56 333
56 536
56 537
56 538
56 704
56 705
56 706
56 909
57 114
57 136
57 137
57 201
57 332
57 533
57 534
57 535
57 707
57 708
57 709
57 910
58 113
58 114
58 136
58 200
58 331
58 530
58 531
58 532
58 710
58 711
58 712
58 911
59 113
59 135
59 136
59 200
59 330
59 527
59 528
59 529
59 713
59 714
59 715
59 912
60 112
60 113
60 135
60 199
60 329
60 525
60 526
60 716
60 717
60 913
61 112
61 134
61 198
61 199
61 328
61 329
61 522
61 523
61 524
61 718
61 719
61 720
61 913
61 914
62 111
62 112
62 134
62 198
62 327
62 328
62 520
62 521
62 721
62 722
62 914
62 915
63 111
63 133
63 197
63 327
63 517
63 518
63 519
63 723
63 724
63 725
63 915
64 111
64 133
64 197
64 326
64 515
64 516
64 726
64 727
64 916
65 110
65 132
65 196
65 325
65 512
65 513
65 514
65 728
65 729
65 730
65 917
66 110
66 132
66 195
66 196
66 324
66 510
66 511
66 512
66 730
66 731
66 732
66 918
67 109
67 131
67 195
67 323
67 324
67 508
67 509
67 733
67 734
67 918
67 919
68 109
68 131
68 194
68 322
68 323
68 506
68 507
68 735
68 736
68 919
68 920
69 108
69 130
69 194
69 322
69 504
69 505
69 737
69 738
69 920
70 108
70 130
70 193
70 321
70 502
70 503
70 739
70 740
70 921
71 107
71 129
71 193
71 320
71 500
71 501
71 741
71 742
71 922
72 107
72 129
72 192
72 319
72 498
72 499
72 743
72 744
72 923
73 106
73 128
73 191
73 192
73 318
73 319
73 496
73 497
73 745
73 746
73 923
73 924
74 106
74 128
74 191
74 318
74 494
74 495
74 747
74 748
74 924
75 105
75 127
75 128
75 190
75 317
75 492
75 493
75 749
75 750
75 925
76 105
76 127
76 190
76 316
76 490
76 491
76 751
76 752
76 926
77 104
77 126
77 127
77 189
77 315
77 316
77 489
77 490
77 752
77 753
77 926
77 927
78 104
78 126
78 189
78 315
78 487
78 488
78 754
78 755
78 927
79 103
79 104
79 126
79 188
79 314
79 485
79 486
79 756
79 757
79 928
80 103
80 125
80 188
80 313
80 483
80 484
80 758
80 759
80 929
81 103
81 125
81 187
81 312
81 313
81 482
81 483
81 759
81 760
81 929
81 930
82 102
82 124
82 187
82 312
82 480
82 481
82 761
82 762
82 930
83 102
83 124
83 186
83 311
83 478
83 479
83 763
83 764
83 931
84 101
84 123
84 186
84 310
84 477
84 478
84 764
84 765
84 932
85 101
85 123
85 185
85 309
85 310
85 475
85 476
85 766
85 767
85 932
85 933
86 100
86 122
86 184
86 185
86 309
86 474
86 475
86 767
86 768
86 933
87 100
87 122
87 184
87 308
87 472
87 473
87 769
87 770
87 934
88 100
88 121
88 183
88 184
88 307
88 471
88 472
88 770
88 771
88 935
89 99
89 121
89 183
89 306
89 307
89 469
89 470
89 772
89 773
89 935
89 936
90 99
90 120
90 121
90 182
90 183
90 306
90 468
90 469
90 773
90 774
90 936
91 98
91 120
91 182
91 305
91 466
91 467
91 775
91 776
91 937
92 98
92 120
92 181
92 182
92 304
92 305
92 465
92 466
92 776
92 777
92 937
92 938
93 97
93 98
93 119
93 181
93 304
93 464
93 778
93 938
94 97
94 119
94 180
94 181
94 303
94 462
94 463
94 779
94 780
94 939
95 97
95 118
95 180
95 302
95 461
95 462
95 780
95 781
95 940
96 96
96 118
96 179
96 180
96 302
96 460
96 782
96 940
97 96
97 117
97 118
97 179
97 301
97 458
97 459
97 783
97 784
97 941
98 95
98 117
98 178
98 179
98 300
98 457
98 458
98 784
98 785
98 942
99 95
99 117
99 178
99 300
99 456
99 786
99 942
100 95
100 116
100 178
100 299
100 454
100 455
100 787
100 788
100 943
101 94
101 116
101 177
101 298
101 453
101 454
101 788
101 789
101 944
102 94
102 115
102 177
102 298
102 452
102 790
102 944
103 93
103 115
103 176
103 297
103 451
103 791
103 945
104 93
104 115
104 176
104 296
104 297
104 449
104 450
104 792
104 793
104 945
104 946
105 93
105 114
105 175
105 296
105 448
105 449
105 793
105 794
105 946
106 92
106 114
106 175
106 295
106 447
106 448
106 794
106 795
106 947
107 92
107 113
107 174
107 294
107 295
107 446
107 796
107 947
107 948
108 91
108 113
108 174
108 294
108 445
108 797
108 948
109 91
109 112
109 113
109 173
109 293
109 443
109 444
109 798
109 799
109 949
110 91
110 112
110 173
110 293
110 442
110 443
110 799
110 800
110 949
111 90
111 112
111 172
111 173
111 292
111 441
111 442
111 800
111 801
111 950
112 90
112 111
112 172
112 291
112 292
112 440
112 441
112 801
112 802
112 950
112 951
113 90
113 111
113 172
113 291
113 439
113 440
113 802
113 803
113 951
114 89
114 111
114 171
114 290
114 438
114 804
114 952
115 89
115 110
115 171
115 290
115 437
115 805
115 952
116 88
116 110
116 170
116 289
116 436
116 806
116 953
117 88
117 109
117 170
117 288
117 289
117 435
117 807
117 953
117 954
118 88
118 109
118 169
118 288
118 434
118 808
118 954
119 87
119 109
119 169
119 287
119 433
119 809
119 955
120 87
120 108
120 169
120 287
120 432
120 810
120 955
121 87
121 108
121 168
121 286
121 431
121 811
121 956
122 86
122 107
122 108
122 168
122 286
122 430
122 812
122 956
123 86
123 107
123 167
123 285
123 429
123 813
123 957
124 86
124 107
124 167
124 284
124 285
124 428
124 814
124 957
124 958
125 85
125 106
125 166
125 167
125 284
125 427
125 815
125 958
126 85
126 106
126 166
126 283
126 426
126 816
126 959
127 84
127 85
127 106
127 166
127 283
127 425
127 817
127 959
128 84
128 105
128 165
128 282
128 424
128 818
128 960
129 84
129 105
129 165
129 282
129 423
129 819
129 960
130 83
130 84
130 105
130 164
130 281
130 422
130 820
130 961
131 83
131 104
131 164
131 281
131 421
131 422
131 820
131 821
131 961
132 83
132 104
132 164
132 280
132 420
132 421
132 821
132 822
132 962
133 82
133 104
133 163
133 280
133 419
133 420
133 822
133 823
133 962
134 82
134 103
134 163
134 279
134 418
134 419
134 823
134 824
134 963
135 82
135 103
135 162
135 163
135 278
135 279
135 418
135 824
135 963
135 964
136 81
136 82
136 103
136 162
136 278
136 417
136 825
136 964
137 81
137 102
137 162
137 277
137 278
137 416
137 826
137 964
137 965
138 81
138 102
138 161
138 277
138 415
138 827
138 965
139 80
139 81
139 102
139 161
139 276
139 277
139 414
139 415
139 827
139 828
139 965
139 966
140 80
140 101
140 161
140 276
140 413
140 414
140 603
140 604
140 605
140 606
140 607
140 608
140 609
140 610
140 611
140 612
140 613
140 614
140 615
140 616
140 617
140 618
140 619
140 620
140 621
140 622
140 623
140 624
140 625
140 626
140 627
140 628
140 629
140 630
140 631
140 632
140 633
140 634
140 635
140 636
140 637
140 638
140 639
140 828
140 829
140 966
141 80
141 101
141 160
141 275
141 276
141 413
141 595
141 596
141 597
141 598
141 599
141 600
141 601
141 602
141 640
141 641
141 642
141 643
141 644
141 645
141 646
141 647
141 829
141 966
141 967
142 80
142 101
142 160
142 275
142 412
142 589
142 590
142 591
142 592
142 593
142 594
142 648
142 649
142 650
142 651
142 652
142 653
142 830
142 967
143 79
143 100
143 159
143 160
143 274
143 275
143 411
143 585
143 586
143 587
143 588
143 589
143 653
143 654
143 655
143 656
143 657
143 831
143 967
143 968
144 79
144 100
144 159
144 274
144 410
144 580
144 581
144 582
144 583
144 584
144 658
144 659
144 660
144 661
144 662
144 832
144 968
145 79
145 100
145 159
145 273
145 274
145 409
145 410
145 576
145 577
145 578
145 579
145 663
145 664
145 665
145 666
145 832
145 833
145 968
145 969
146 78
146 99
146 158
146 273
146 409
146 573
146 574
146 575
146 667
146 668
146 669
146 833
146 969
147 78
147 99
147 158
147 273
147 408
147 570
147 571
147 572
147 670
147 671
147 672
147 834
147 969
148 78
148 99
148 158
148 272
148 407
148 566
148 567
148 568
148 569
148 673
148 674
148 675
148 676
148 835
148 970
149 77
149 98
149 157
149 272
149 406
149 407
149 564
149 565
149 566
149 676
149 677
149 678
149 835
149 836
149 970
150 77
150 98
150 157
150 271
150 406
150 561
150 562
150 563
150 679
150 680
150 681
150 836
150 971
151 77
151 98
151 157
151 271
151 405
151 558
151 559
151 560
151 682
151 683
151 684
151 837
151 971
152 77
152 97
152 156
152 270
152 404
152 556
152 557
152 685
152 686
152 838
152 972
153 76
153 97
153 156
153 270
153 403
153 404
153 553
153 554
153 555
153 687
153 688
153 689
153 838
153 839
153 972
154 76
154 97
154 156
154 269
154 403
154 551
154 552
154 553
154 689
154 690
154 691
154 839
154 973
155 76
155 96
155 97
155 155
155 269
155 402
155 549
155 550
155 692
155 693
155 840
155 973
156 75
156 96
156 155
156 268
156 269
156 401
156 547
156 548
156 694
156 695
156 841
156 973
156 974
157 75
157 96
157 155
157 268
157 400
157 401
157 545
157 546
157 696
157 697
157 841
157 842
157 974
158 75
158 96
158 154
158 268
158 400
158 543
158 544
158 698
158 699
158 842
158 974
159 74
159 75
159 95
159 154
159 267
159 399
159 541
159 542
159 700
159 701
159 843
159 975
160 74
160 95
160 154
160 267
160 398
160 399
160 539
160 540
160 702
160 703
160 843
160 844
160 975
161 74
161 95
161 153
161 266
161 398
161 537
161 538
161 704
161 705
161 844
161 976
162 74
162 94
162 153
162 266
162 397
162 535
162 536
162 706
162 707
162 845
162 976
163 73
163 94
163 153
163 265
163 266
163 396
163 397
163 534
163 535
163 707
163 708
163 845
163 846
163 976
163 977
164 73
164 94
164 152
164 265
164 396
164 532
164 533
164 709
164 710
164 846
164 977
165 73
165 94
165 152
165 265
165 395
165 530
165 531
165 711
165 712
165 847
165 977
166 73
166 93
166 152
166 264
166 394
166 395
166 529
166 530
166 712
166 713
166 847
166 848
166 978
167 72
167 93
167 151
167 264
167 394
167 527
167 528
167 714
167 715
167 848
167 978
168 72
168 93
168 151
168 263
168 393
168 526
168 716
168 849
168 979
169 72
169 92
169 93
169 151
169 263
169 392
169 393
169 524
169 525
169 717
169 718
169 849
169 850
169 979
170 72
170 92
170 150
170 263
170 392
170 523
170 719
170 850
170 979
171 71
171 92
171 150
171 262
171 391
171 521
171 522
171 720
171 721
171 851
171 980
172 71
172 92
172 150
172 262
172 391
172 520
172 521
172 721
172 722
172 851
172 980
173 71
173 91
173 150
173 261
173 390
173 519
173 723
173 852
173 981
174 71
174 91
174 149
174 261
174 389
174 390
174 517
174 518
174 724
174 725
174 852
174 853
174 981
175 70
175 91
175 149
175 261
175 389
175 516
175 517
175 725
175 726
175 853
175 981
176 70
176 91
176 149
176 260
176 388
176 515
176 727
176 854
176 982
177 70
177 90
177 148
177 260
177 388
177 513
177 514
177 728
177 729
177 854
177 982
178 70
178 90
178 148
178 260
178 387
178 512
178 513
178 729
178 730
178 855
178 982
179 69
179 90
179 148
179 259
179 387
179 511
179 731
179 855
179 983
180 69
180 90
180 148
180 259
180 386
180 510
180 732
180 856
180 983
181 69
181 89
181 147
181 258
181 385
181 386
181 509
181 733
181 856
181 857
181 984
182 69
182 89
182 147
182 258
182 385
182 507
182 508
182 734
182 735
182 857
182 984
183 68
183 89
183 147
183 258
183 384
183 506
183 507
183 735
183 736
183 858
183 984
184 68
184 89
184 146
184 257
184 384
184 505
184 506
184 736
184 737
184 858
184 985
185 68
185 88
185 146
185 257
185 383
185 504
185 505
185 737
185 738
185 859
185 985
186 68
186 88
186 146
186 257
186 383
186 503
186 739
186 859
186 985
187 67
187 88
187 146
187 256
187 382
187 502
187 740
187 860
187 986
188 67
188 88
188 145
188 256
188 382
188 501
188 741
188 860
188 986
189 67
189 87
189 88
189 145
189 256
189 381
189 500
189 742
189 861
189 986
190 67
190 87
190 145
190 255
190 381
190 499
190 743
190 861
190 987
191 67
191 87
191 145
191 255
191 380
191 498
191 744
191 862
191 987
192 66
192 87
192 144
192 255
192 380
192 497
192 745
192 862
192 987
193 66
193 87
193 144
193 254
193 379
193 496
193 746
193 863
193 988
194 66
194 86
194 144
194 254
194 379
194 495
194 747
194 863
194 988
195 66
195 86
195 144
195 254
195 378
195 494
195 748
195 864
195 988
196 65
196 86
196 143
196 253
196 378
196 493
196 494
196 748
196 749
196 864
196 989
197 65
197 86
197 143
197 253
197 377
197 492
197 493
197 749
197 750
197 865
197 989
198 65
198 85
198 86
198 143
198 253
198 377
198 491
198 492
198 750
198 751
198 865
198 989
199 65
199 85
199 143
199 252
199 376
199 491
199 751
199 866
199 990
200 65
200 85
200 142
200 252
200 376
200 490
200 752
200 866
200 990
201 64
201 85
201 142
201 252
201 375
201 489
201 753
201 867
201 990
202 64
202 85
202 142
202 252
202 375
202 488
202 754
202 867
202 990
203 64
203 84
203 142
203 251
203 374
203 375
203 487
203 755
203 867
203 868
203 991
204 64
204 84
204 142
204 251
204 374
204 486
204 487
204 755
204 756
204 868
204 991
205 64
205 84
205 141
205 251
205 374
205 486
205 756
205 868
205 991
206 63
206 84
206 141
206 250
206 373
206 485
206 757
206 869
206 992
207 63
207 84
207 141
207 250
207 373
207 484
207 758
207 869
207 992
208 63
208 83
208 141
208 250
208 372
208 483
208 484
208 758
208 759
208 870
208 992
209 63
209 83
209 140
209 249
209 250
209 372
209 483
209 759
209 870
209 992
209 993
210 63
210 83
210 140
210 249
210 372
210 482
210 760
210 870
210 993
211 63
211 83
211 140
211 249
211 371
211 481
211 761
211 871
211 993
212 62
212 83
212 140
212 249
212 371
212 480
212 481
212 761
212 762
212 871
212 993
213 62
213 83
213 140
213 248
213 370
213 480
213 762
213 872
213 994
214 62
214 82
214 139
214 248
214 370
214 479
214 763
214 872
214 994
215 62
215 82
215 139
215 248
215 370
215 478
215 764
215 872
215 994
216 62
216 82
216 139
216 248
216 369
216 478
216 764
216 873
216 994
217 62
217 82
217 139
217 247
217 369
217 477
217 765
217 873
217 995
218 61
218 82
218 139
218 247
218 368
218 476
218 766
218 874
218 995
219 61
219 81
219 138
219 247
219 368
219 476
219 766
219 874
219 995
220 61
220 81
220 138
220 247
220 368
220 475
220 767
220 874
220 995
221 61
221 81
221 138
221 246
221 367
221 474
221 475
221 767
221 768
221 875
221 996
222 61
222 81
222 138
222 246
222 367
222 474
222 768
222 875
222 996
223 61
223 81
223 138
223 246
223 367
223 473
223 769
223 875
223 996
224 60
224 81
224 137
224 246
224 366
224 473
224 769
224 876
224 996
225 60
225 80
225 137
225 245
225 366
225 472
225 770
225 876
225 997
226 60
226 80
226 137
226 245
226 366
226 471
226 472
226 770
226 771
226 876
226 997
227 60
227 80
227 137
227 245
227 365
227 471
227 771
227 877
227 997
228 60
228 80
228 137
228 245
228 365
228 470
228 772
228 877
228 997
229 60
229 80
229 137
229 245
229 365
229 470
229 772
229 877
229 997
230 59
230 80
230 136
230 244
230 364
230 469
230 773
230 878
230 998
231 59
231 80
231 136
231 244
231 364
231 469
231 773
231 878
231 998
232 59
232 79
232 136
232 244
232 364
232 468
232 774
232 878
232 998
233 59
233 79
233 136
233 244
233 363
233 468
233 774
233 879
233 998
234 59
234 79
234 136
234 243
234 363
234 467
234 775
234 879
234 999
235 59
235 79
235 136
235 243
235 363
235 467
235 775
235 879
235 999
236 59
236 79
236 135
236 243
236 362
236 466
236 776
236 880
236 999
237 58
237 79
237 135
237 243
237 362
237 466
237 609
237 610
237 611
237 612
237 613
237 614
237 615
237 616
237 617
237 618
237 619
237 620
237 621
237 622
237 623
237 624
237 625
237 626
237 627
237 628
237 629
237 630
237 631
237 632
237 633
237 776
237 880
237 999
238 58
238 79
238 135
238 243
238 362
238 465
238 604
238 605
238 606
238 607
238 608
238 634
238 635
238 636
238 637
238 638
238 777
238 880
238 999
239 58
239 78
239 135
239 242
239 362
239 465
239 600
239 601
239 602
239 603
239 639
239 640
239 641
239 642
239 777
239 880
239 1000
240 58
240 78
240 135
240 242
240 361
240 464
240 597
240 598
240 599
240 600
240 642
240 643
240 644
240 645
240 778
240 881
240 1000
241 58
241 78
241 135
241 242
241 361
241 464
241 594
241 595
241 596
241 646
241 647
241 648
241 778
241 881
241 1000
242 58
242 78
242 135
242 242
242 361
242 463
242 592
242 593
242 594
242 648
242 649
242 650
242 779
242 881
242 1000
243 58
243 78
243 134
243 242
243 360
243 361
243 463
243 590
243 591
243 651
243 652
243 779
243 881
243 882
243 1000
244 58
244 78
244 134
244 242
244 360
244 462
244 463
244 588
244 589
244 653
244 654
244 779
244 780
244 882
244 1000
245 57
245 78
245 134
245 241
245 360
245 462
245 586
245 587
245 655
245 656
245 780
245 882
246 57
246 77
246 134
246 241
246 360
246 462
246 584
246 585
246 657
246 658
246 780
246 882
247 57
247 77
247 134
247 241
247 359
247 461
247 582
247 583
247 659
247 660
247 781
247 883
248 57
248 77
248 134
248 241
248 359
248 461
248 581
248 661
248 781
248 883
249 57
249 77
249 134
249 241
249 359
249 460
249 579
249 580
249 662
249 663
249 782
249 883
250 57
250 77
250 133
250 241
250 359
250 460
250 578
250 664
250 782
250 883
251 57
251 77
251 133
251 240
251 358
251 359
251 460
251 576
251 577
251 665
251 666
251 782
251 883
251 884
252 57
252 77
252 133
252 240
252 358
252 459
252 575
252 576
252 666
252 667
252 783
252 884
253 57
253 77
253 133
253 240
253 358
253 459
253 574
253 668
253 783
253 884
254 56
254 77
254 133
254 240
254 358
254 459
254 572
254 573
254 669
254 670
254 783
254 884
255 56
255 76
255 133
255 240
255 358
255 458
255 571
255 572
255 670
255 671
255 784
255 884
256 56
256 76
256 133
256 240
256 357
256 458
256 570
256 571
256 671
256 672
256 784
256 885
257 56
257 76
257 133
257 239
257 357
257 457
257 458
257 569
257 570
257 672
257 673
257 784
257 785
257 885
258 56
258 76
258 132
258 239
258 357
258 457
258 568
258 674
258 785
258 885
259 56
259 76
259 132
259 239
259 357
259 457
259 567
259 675
259 785
259 885
260 56
260 76
260 132
260 239
260 357
260 457
260 566
260 676
260 785
260 885
261 56
261 76
261 132
261 239
261 356
261 456
261 565
261 566
261 676
261 677
261 786
261 886
262 56
262 76
262 132
262 239
262 356
262 456
262 564
262 565
262 677
262 678
262 786
262 886
263 56
263 76
263 132
263 239
263 356
263 456
263 563
263 564
263 678
263 679
263 786
263 886
264 56
264 76
264 132
264 238
264 239
264 356
264 455
264 563
264 679
264 787
264 886
265 55
265 76
265 132
265 238
265 356
265 455
265 562
265 680
265 787
265 886
266 55
266 75
266 132
266 238
266 355
266 455
266 561
266 681
266 787
266 887
267 55
267 75
267 132
267 238
267 355
267 454
267 560
267 561
267 681
267 682
267 788
267 887
268 55
268 75
268 131
268 238
268 355
268 454
268 560
268 682
268 788
268 887
269 55
269 75
269 131
269 238
269 355
269 454
269 559
269 683
269 788
269 887
270 55
270 75
270 131
270 238
270 355
270 454
270 558
270 684
270 788
270 887
271 55
271 75
271 131
271 238
271 355
271 453
271 558
271 684
271 789
271 887
272 55
272 75
272 131
272 238
272 354
272 453
272 557
272 685
272 789
272 888
273 55
273 75
273 131
273 237
273 354
273 453
273 556
273 686
273 789
273 888
274 55
274 75
274 131
274 237
274 354
274 453
274 556
274 686
274 789
274 888
275 55
275 75
275 131
275 237
275 354
275 453
275 555
275 687
275 789
275 888
276 55
276 75
276 131
276 237
276 354
276 452
276 555
276 687
276 790
276 888
277 55
277 75
277 131
277 237
277 354
277 452
277 554
277 688
277 790
277 888
278 55
278 75
278 131
278 237
278 354
278 452
278 554
278 688
278 790
278 888
279 54
279 74
279 131
279 237
279 354
279 452
279 553
279 689
279 790
279 888
280 54
280 74
280 131
280 237
280 353
280 451
280 452
280 553
280 689
280 790
280 791
280 889
281 54
281 74
281 130
281 237
281 353
281 451
281 552
281 690
281 791
281 889
282 54
282 74
282 130
282 237
282 353
282 451
282 552
282 690
282 791
282 889
283 54
283 74
283 130
283 237
283 353
283 451
283 551
283 691
283 791
283 889
284 54
284 74
284 130
284 237
284 353
284 451
284 551
284 691
284 791
284 889
285 54
285 74
285 130
285 236
285 353
285 451
285 550
285 551
285 691
285 692
285 791
285 889
286 54
286 74
286 130
286 236
286 353
286 450
286 550
286 692
286 792
286 889
287 54
287 74
287 130
287 236
287 353
287 450
287 550
287 692
287 792
287 889
288 54
288 74
288 130
288 236
288 353
288 450
288 549
288 693
288 792
288 889
289 54
289 74
289 130
289 236
289 352
289 450
289 549
289 693
289 792
289 890
290 54
290 74
290 130
290 236
290 352
290 450
290 549
290 693
290 792
290 890
291 54
291 74
291 130
291 236
291 352
291 450
291 548
291 549
291 693
291 694
291 792
291 890
292 54
292 74
292 130
292 236
292 352
292 450
292 548
292 694
292 792
292 890
293 54
293 74
293 130
293 236
293 352
293 450
293 548
293 694
293 792
293 890
294 54
294 74
294 130
294 236
294 352
294 449
294 548
294 694
294 793
294 890
295 54
295 74
295 130
295 236
295 352
295 449
295 547
295 695
295 793
295 890
296 54
296 74
296 130
296 236
296 352
296 449
296 547
296 695
296 793
296 890
297 54
297 74
297 130
297 236
297 352
297 449
297 547
297 695
297 793
297 890
298 54
298 74
298 130
298 236
298 352
298 449
298 547
298 695
298 793
298 890
299 54
299 74
299 130
299 236
299 352
299 449
299 547
299 695
299 793
299 890
300 54
300 74
300 130
300 236
300 352
300 449
300 546
300 696
300 793
300 890
301 54
301 74
301 130
301 236
301 352
301 449
301 546
301 696
301 793
301 890
302 54
302 74
302 130
302 236
302 352
302 449
302 546
302 696
302 793
302 890
303 54
303 74
303 130
303 236
303 352
303 449
303 546
303 696
303 793
303 890
304 54
304 74
304 130
304 236
304 352
304 449
304 546
304 696
304 793
304 890
305 54
305 74
305 130
305 236
305 352
305 449
305 546
305 696
305 793
305 890
306 54
306 74
306 130
306 236
306 352
306 449
306 546
306 696
306 793
306 890
307 54
307 74
307 130
307 236
307 352
307 449
307 546
307 696
307 793
307 890
308 54
308 74
308 130
308 236
308 352
308 449
308 546
308 619
308 620
308 621
308 622
308 623
308 696
308 793
308 890
309 54
309 74
309 130
309 236
309 352
309 449
309 546
309 618
309 624
309 696
309 793
309 890
310 54
310 74
310 130
310 236
310 352
310 449
310 546
310 617
310 625
310 696
310 793
310 890
311 54
311 74
311 130
311 236
311 352
311 449
311 546
311 617
311 625
311 696
311 793
311 890
312 54
312 74
312 130
312 236
312 352
312 449
312 546
312 617
312 625
312 696
312 793
312 890
313 54
313 74
313 130
313 236
313 352
313 449
313 546
313 617
313 625
313 696
313 793
313 890
314 54
314 74
314 130
314 236
314 352
314 449
314 546
314 617
314 625
314 696
314 793
314 890
315 54
315 74
315 130
315 236
315 352
315 449
315 546
315 618
315 624
315 696
315 793
315 890
316 54
316 74
316 130
316 236
316 352
316 449
316 546
316 619
316 620
316 621
316 622
316 623
316 696
316 793
316 890
317 54
317 74
317 130
317 236
317 352
317 449
317 546
317 696
317 793
317 890
318 54
318 74
318 130
318 236
318 352
318 449
318 546
318 696
318 793
318 890
319 54
319 74
319 130
319 236
319 352
319 449
319 546
319 696
319 793
319 890
320 54
320 74
320 130
320 236
320 352
320 449
320 546
320 696
320 793
320 890
321 54
321 74
321 130
321 236
321 352
321 449
321 546
321 696
321 793
321 890
322 54
322 74
322 130
322 236
322 352
322 449
322 546
322 696
322 793
322 890
323 54
323 74
323 130
323 236
323 352
323 449
323 546
323 696
323 793
323 890
324 54
324 74
324 130
324 236
324 352
324 449
324 546
324 696
324 793
324 890
325 54
325 74
325 130
325 236
325 352
325 449
325 547
325 695
325 793
325 890
326 54
326 74
326 130
326 236
326 352
326 449
326 547
326 695
326 793
326 890
327 54
327 74
327 130
327 236
327 352
327 449
327 547
327 695
327 793
327 890
328 54
328 74
328 130
328 236
328 352
328 449
328 547
328 695
328 793
328 890
329 54
329 74
329 130
329 236
329 352
329 449
329 547
329 695
329 793
329 890
330 54
330 74
330 130
330 236
330 352
330 449
330 548
330 694
330 793
330 890
331 54
331 74
331 130
331 236
331 352
331 450
331 548
331 694
331 792
331 890
332 54
332 74
332 130
332 236
332 352
332 450
332 548
332 694
332 792
332 890
333 54
333 74
333 130
333 236
333 352
333 450
333 548
333 549
333 693
333 694
333 792
333 890
334 54
334 74
334 130
334 236
334 352
334 450
334 549
334 693
334 792
334 890
335 54
335 74
335 130
335 236
335 352
335 450
335 549
335 693
335 792
335 890
336 54
336 74
336 130
336 236
336 353
336 450
336 549
336 693
336 792
336 889
337 54
337 74
337 130
337 236
337 353
337 450
337 550
337 692
337 792
337 889
338 54
338 74
338 130
338 236
338 353
338 450
338 550
338 692
338 792
338 889
339 54
339 74
339 130
339 236
339 353
339 451
339 550
339 551
339 691
339 692
339 791
339 889
340 54
340 74
340 130
340 237
340 353
340 451
340 551
340 691
340 791
340 889
341 54
341 74
341 130
341 237
341 353
341 451
341 551
341 691
341 791
341 889
342 54
342 74
342 130
342 237
342 353
342 451
342 552
342 690
342 791
342 889
343 54
343 74
343 130
343 237
343 353
343 451
343 552
343 690
343 791
343 889
344 54
344 74
344 131
344 237
344 353
344 451
344 452
344 553
344 689
344 790
344 791
344 889
345 54
345 74
345 131
345 237
345 354
345 452
345 553
345 689
345 790
345 888
346 55
346 75
346 131
346 237
346 354
346 452
346 554
346 688
346 790
346 888
347 55
347 75
347 131
347 237
347 354
347 452
347 554
347 688
347 790
347 888
348 55
348 75
348 131
348 237
348 354
348 452
348 555
348 687
348 790
348 888
349 55
349 75
349 131
349 237
349 354
349 453
349 555
349 687
349 789
349 888
350 55
350 75
350 131
350 237
350 354
350 453
350 556
350 686
350 789
350 888
351 55
351 75
351 131
351 237
351 354
351 453
351 556
351 686
351 789
351 888
352 55
352 75
352 131
352 238
352 354
352 453
352 557
352 685
352 789
352 888
353 55
353 75
353 131
353 238
353 355
353 453
353 558
353 684
353 789
353 887
354 55
354 75
354 131
354 238
354 355
354 454
354 558
354 684
354 788
354 887
355 55
355 75
355 131
355 238
355 355
355 454
355 559
355 683
355 788
355 887
356 55
356 75
356 131
356 238
356 355
356 454
356 560
356 682
356 788
356 887
357 55
357 75
357 132
357 238
357 355
357 454
357 560
357 561
357 681
357 682
357 788
357 887
358 55
358 75
358 132
358 238
358 355
358 455
358 561
358 681
358 787
358 887
359 55
359 76
359 132
359 238
359 356
359 455
359 562
359 680
359 787
359 886
360 56
360 76
360 132
360 238
360 239
360 356
360 455
360 563
360 679
360 787
360 886
361 56
361 76
361 132
361 239
361 356
361 456
361 563
361 564
361 678
361 679
361 786
361 886
362 56
362 76
362 132
362 239
362 356
362 456
362 564
362 565
362 677
362 678
362 786
362 886
363 56
363 76
363 132
363 239
363 356
363 456
363 565
363 566
363 676
363 677
363 786
363 886
364 56
364 76
364 132
364 239
364 357
364 457
364 566
364 676
364 785
364 885
365 56
365 76
365 132
365 239
365 357
365 457
365 567
365 675
365 785
365 885
366 56
366 76
366 132
366 239
366 357
366 457
366 568
366 674
366 785
366 885
367 56
367 76
367 133
367 239
367 357
367 457
367 458
367 569
367 570
367 672
367 673
367 784
367 785
367 885
368 56
368 76
368 133
368 240
368 357
368 458
368 570
368 571
368 671
368 672
368 784
368 885
369 56
369 76
369 133
369 240
369 358
369 458
369 571
369 572
369 670
369 671
369 784
369 884
370 56
370 77
370 133
370 240
370 358
370 459
370 572
370 573
370 669
370 670
370 783
370 884
371 57
371 77
371 133
371 240
371 358
371 459
371 574
371 668
371 783
371 884
372 57
372 77
372 133
372 240
372 358
372 459
372 575
372 576
372 666
372 667
372 783
372 884
373 57
373 77
373 133
373 240
373 358
373 359
373 460
373 576
373 577
373 665
373 666
373 782
373 883
373 884
374 57
374 77
374 133
374 241
374 359
374 460
374 578
374 664
374 782
374 883
375 57
375 77
375 134
375 241
375 359
375 460
375 579
375 580
375 662
375 663
375 782
375 883
376 57
376 77
376 134
376 241
376 359
376 461
376 581
376 661
376 781
376 883
377 57
377 77
377 134
377 241
377 359
377 461
377 582
377 583
377 659
377 660
377 781
377 883
378 57
378 77
378 134
378 241
378 360
378 462
378 584
378 585
378 657
378 658
378 780
378 882
379 57
379 78
379 134
379 241
379 360
379 462
379 586
379 587
379 655
379 656
379 780
379 882
380 58
380 78
380 134
380 242
380 360
380 462
380 463
380 588
380 589
380 653
380 654
380 779
380 780
380 882
380 1000
381 58
381 78
381 134
381 242
381 360
381 361
381 463
381 590
381 591
381 651
381 652
381 779
381 881
381 882
381 1000
382 58
382 78
382 135
382 242
382 361
382 463
382 592
382 593
382 594
382 648
382 649
382 650
382 779
382 881
382 1000
383 58
383 78
383 135
383 242
383 361
383 464
383 594
383 595
383 596
383 646
383 647
383 648
383 778
383 881
383 1000
384 58
384 78
384 135
384 242
384 361
384 464
384 597
384 598
384 599
384 600
384 642
384 643
384 644
384 645
384 778
384 881
384 1000
385 58
385 78
385 135
385 242
385 362
385 465
385 600
385 601
385 602
385 603
385 639
385 640
385 641
385 642
385 777
385 880
385 1000
386 58
386 79
386 135
386 243
386 362
386 465
386 604
386 605
386 606
386 607
386 608
386 634
386 635
386 636
386 637
386 638
386 777
386 880
386 999
387 58
387 79
387 135
387 243
387 362
387 466
387 609
387 610
387 611
387 612
387 613
387 614
387 615
387 616
387 617
387 618
387 619
387 620
387 621
387 622
387 623
387 624
387 625
387 626
387 627
387 628
387 629
387 630
387 631
387 632
387 633
387 776
387 880
387 999
388 59
388 79
388 135
388 243
388 362
388 466
388 776
388 880
388 999
389 59
389 79
389 136
389 243
389 363
389 467
389 775
389 879
389 999
390 59
390 79
390 136
390 243
390 363
390 467
390 775
390 879
390 999
391 59
391 79
391 136
391 244
391 363
391 468
391 774
391 879
391 998
392 59
392 79
392 136
392 244
392 364
392 468
392 774
392 878
392 998
393 59
393 80
393 136
393 244
393 364
393 469
393 773
393 878
393 998
394 59
394 80
394 136
394 244
394 364
394 469
394 773
394 878
394 998
395 60
395 80
395 137
395 245
395 365
395 470
395 772
395 877
395 997
396 60
396 80
396 137
396 245
396 365
396 470
396 772
396 877
396 997
397 60
397 80
397 137
397 245
397 365
397 471
397 771
397 877
397 997
398 60
398 80
398 137
398 245
398 366
398 471
398 472
398 770
398 771
398 876
398 997
399 60
399 80
399 137
399 245
399 366
399 472
399 770
399 876
399 997
400 60
400 81
400 137
400 246
400 366
400 473
400 769
400 876
400 996
401 61
401 81
401 138
401 246
401 367
401 473
401 769
401 875
401 996
402 61
402 81
402 138
402 246
402 367
402 474
402 768
402 875
402 996
403 61
403 81
403 138
403 246
403 367
403 474
403 475
403 767
403 768
403 875
403 996
404 61
404 81
404 138
404 247
404 368
404 475
404 767
404 874
404 995
405 61
405 81
405 138
405 247
405 368
405 476
405 766
405 874
405 995
406 61
406 82
406 139
406 247
406 368
406 476
406 766
406 874
406 995
407 62
407 82
407 139
407 247
407 369
407 477
407 765
407 873
407 995
408 62
408 82
408 139
408 248
408 369
408 478
408 764
408 873
408 994
409 62
409 82
409 139
409 248
409 370
409 478
409 764
409 872
409 994
410 62
410 82
410 139
410 248
410 370
410 479
410 763
410 872
410 994
411 62
411 83
411 140
411 248
411 370
411 480
411 762
411 872
411 994
412 62
412 83
412 140
412 249
412 371
412 480
412 481
412 761
412 762
412 871
412 993
413 63
413 83
413 140
413 249
413 371
413 481
413 761
413 871
413 993
414 63
414 83
414 140
414 249
414 372
414 482
414 760
414 870
414 993
415 63
415 83
415 140
415 249
415 250
415 372
415 483
415 759
415 870
415 992
415 993
416 63
416 83
416 141
416 250
416 372
416 483
416 484
416 758
416 759
416 870
416 992
417 63
417 84
417 141
417 250
417 373
417 484
417 758
417 869
417 992
418 63
418 84
418 141
418 250
418 373
418 485
418 757
418 869
418 992
419 64
419 84
419 141
419 251
419 374
419 486
419 756
419 868
419 991
420 64
420 84
420 142
420 251
420 374
420 486
420 487
420 755
420 756
420 868
420 991
421 64
421 84
421 142
421 251
421 374
421 375
421 487
421 755
421 867
421 868
421 991
422 64
422 85
422 142
422 252
422 375
422 488
422 754
422 867
422 990
423 64
423 85
423 142
423 252
423 375
423 489
423 753
423 867
423 990
424 65
424 85
424 142
424 252
424 376
424 490
424 752
424 866
424 990
425 65
425 85
425 143
425 252
425 376
425 491
425 751
425 866
425 990
426 65
426 85
426 86
426 143
426 253
426 377
426 491
426 492
426 750
426 751
426 865
426 989
427 65
427 86
427 143
427 253
427 377
427 492
427 493
427 749
427 750
427 865
427 989
428 65
428 86
428 143
428 253
428 378
428 493
428 494
428 748
428 749
428 864
428 989
429 66
429 86
429 144
429 254
429 378
429 494
429 748
429 864
429 988
430 66
430 86
430 144
430 254
430 379
430 495
430 747
430 863
430 988
431 66
431 87
431 144
431 254
431 379
431 496
431 746
431 863
431 988
432 66
432 87
432 144
432 255
432 380
432 497
432 745
432 862
432 987
433 67
433 87
433 145
433 255
433 380
433 498
433 744
433 862
433 987
434 67
434 87
434 145
434 255
434 381
434 499
434 743
434 861
434 987
435 67
435 87
435 88
435 145
435 256
435 381
435 500
435 742
435 861
435 986
436 67
436 88
436 145
436 256
436 382
436 501
436 741
436 860
436 986
437 67
437 88
437 146
437 256
437 382
437 502
437 740
437 860
437 986
438 68
438 88
438 146
438 257
438 383
438 503
438 739
438 859
438 985
439 68
439 88
439 146
439 257
439 383
439 504
439 505
439 737
439 738
439 859
439 985
440 68
440 89
440 146
440 257
440 384
440 505
440 506
440 736
440 737
440 858
440 985
441 68
441 89
441 147
441 258
441 384
441 506
441 507
441 735
441 736
441 858
441 984
442 69
442 89
442 147
442 258
442 385
442 507
442 508
442 734
442 735
442 857
442 984
443 69
443 89
443 147
443 258
443 385
443 386
443 509
443 733
443 856
443 857
443 984
444 69
444 90
444 148
444 259
444 386
444 510
444 732
444 856
444 983
445 69
445 90
445 148
445 259
445 387
445 511
445 731
445 855
445 983
446 70
446 90
446 148
446 260
446 387
446 512
446 513
446 729
446 730
446 855
446 982
447 70
447 90
447 148
447 260
447 388
447 513
447 514
447 728
447 729
447 854
447 982
448 70
448 91
448 149
448 260
448 388
448 515
448 727
448 854
448 982
449 70
449 91
449 149
449 261
449 389
449 516
449 517
449 725
449 726
449 853
449 981
450 71
450 91
450 149
450 261
450 389
450 390
450 517
450 518
450 724
450 725
450 852
450 853
450 981
451 71
451 91
451 150
451 261
451 390
451 519
451 723
451 852
451 981
452 71
452 92
452 150
452 262
452 391
452 520
452 521
452 721
452 722
452 851
452 980
453 71
453 92
453 150
453 262
453 391
453 521
453 522
453 720
453 721
453 851
453 980
454 72
454 92
454 150
454 263
454 392
454 523
454 719
454 850
454 979
455 72
455 92
455 93
455 151
455 263
455 392
455 393
455 524
455 525
455 717
455 718
455 849
455 850
455 979
456 72
456 93
456 151
456 263
456 393
456 526
456 716
456 849
456 979
457 72
457 93
457 151
457 264
457 394
457 527
457 528
457 714
457 715
457 848
457 978
458 73
458 93
458 152
458 264
458 394
458 395
458 529
458 530
458 712
458 713
458 847
458 848
458 978
459 73
459 94
459 152
459 265
459 395
459 530
459 531
459 711
459 712
459 847
459 977
460 73
460 94
460 152
460 265
460 396
460 532
460 533
460 709
460 710
460 846
460 977
461 73
461 94
461 153
461 265
461 266
461 396
461 397
461 534
461 535
461 707
461 708
461 845
461 846
461 976
461 977
462 74
462 94
462 153
462 266
462 397
462 535
462 536
462 706
462 707
462 845
462 976
463 74
463 95
463 153
463 266
463 398
463 537
463 538
463 704
463 705
463 844
463 976
464 74
464 95
464 154
464 267
464 398
464 399
464 539
464 540
464 702
464 703
464 843
464 844
464 975
465 74
465 75
465 95
465 154
465 267
465 399
465 541
465 542
465 700
465 701
465 843
465 975
466 75
466 96
466 154
466 268
466 400
466 543
466 544
466 698
466 699
466 842
466 974
467 75
467 96
467 155
467 268
467 400
467 401
467 545
467 546
467 696
467 697
467 841
467 842
467 974
468 75
468 96
468 155
468 268
468 269
468 401
468 547
468 548
468 694
468 695
468 841
468 973
468 974
469 76
469 96
469 97
469 155
469 269
469 402
469 549
469 550
469 692
469 693
469 840
469 973
470 76
470 97
470 156
470 269
470 403
470 551
470 552
470 553
470 689
470 690
470 691
470 839
470 973
471 76
471 97
471 156
471 270
471 403
471 404
471 553
471 554
471 555
471 687
471 688
471 689
471 838
471 839
471 972
472 77
472 97
472 156
472 270
472 404
472 556
472 557
472 685
472 686
472 838
472 972
473 77
473 98
473 157
473 271
473 405
473 558
473 559
473 560
473 682
473 683
473 684
473 837
473 971
474 77
474 98
474 157
474 271
474 406
474 561
474 562
474 563
474 679
474 680
474 681
474 836
474 971
475 77
475 98
475 157
475 272
475 406
475 407
475 564
475 565
475 566
475 676
475 677
475 678
475 835
475 836
475 970
476 78
476 99
476 158
476 272
476 407
476 566
476 567
476 568
476 569
476 673
476 674
476 675
476 676
476 835
476 970
477 78
477 99
477 158
477 273
477 408
477 570
477 571
477 572
477 670
477 671
477 672
477 834
477 969
478 78
478 99
478 158
478 273
478 409
478 573
478 574
478 575
478 667
478 668
478 669
478 833
478 969
479 79
479 100
479 159
479 273
479 274
479 409
479 410
479 576
479 577
479 578
479 579
479 663
479 664
479 665
479 666
479 832
479 833
479 968
479 969
480 79
480 100
480 159
480 274
480 410
480 580
480 581
480 582
480 583
480 584
480 658
480 659
480 660
480 661
480 662
480 832
480 968
481 79
481 100
481 159
481 160
481 274
481 275
481 411
481 585
481 586
481 587
481 588
481 589
481 653
481 654
481 655
481 656
481 657
481 831
481 967
481 968
482 80
482 101
482 160
482 275
482 412
482 589
482 590
482 591
482 592
482 593
482 594
482 648
482 649
482 650
482 651
482 652
482 653
482 830
482 967
483 80
483 101
483 160
483 275
483 276
483 413
483 595
483 596
483 597
483 598
483 599
483 600
483 601
483 602
483 640
483 641
483 642
483 643
483 644
483 645
483 646
483 647
483 829
483 966
483 967
484 80
484 101
484 161
484 276
484 413
484 414
484 603
484 604
484 605
484 606
484 607
484 608
484 609
484 610
484 611
484 612
484 613
484 614
484 615
484 616
484 617
484 618
484 619
484 620
484 621
484 622
484 623
484 624
484 625
484 626
484 627
484 628
484 629
484 630
484 631
484 632
484 633
484 634
484 635
484 636
484 637
484 638
484 639
484 828
484 829
484 966
485 80
485 81
485 102
485 161
485 276
485 277
485 414
485 415
485 827
485 828
485 965
485 966
486 81
486 102
486 161
486 277
486 415
486 827
486 965
487 81
487 102
487 162
487 277
487 278
487 416
487 826
487 964
487 965
488 81
488 82
488 103
488 162
488 278
488 417
488 825
488 964
489 82
489 103
489 162
489 163
489 278
489 279
489 418
489 824
489 963
489 964
490 82
490 103
490 163
490 279
490 418
490 419
490 823
490 824
490 963
491 82
491 104
491 163
491 280
491 419
491 420
491 822
491 823
491 962
492 83
492 104
492 164
492 280
492 420
492 421
492 821
492 822
492 962
493 83
493 104
493 164
493 281
493 421
493 422
493 820
493 821
493 961
494 83
494 84
494 105
494 164
494 281
494 422
494 820
494 961
495 84
495 105
495 165
495 282
495 423
495 819
495 960
496 84
496 105
496 165
496 282
496 424
496 818
496 960
497 84
497 85
497 106
497 166
497 283
497 425
497 817
497 959
498 85
498 106
498 166
498 283
498 426
498 816
498 959
499 85
499 106
499 166
499 167
499 284
499 427
499 815
499 958
500 86
500 107
500 167
500 284
500 285
500 428
500 814
500 957
500 958
501 86
501 107
501 167
501 285
501 429
501 813
501 957
502 86
502 107
502 108
502 168
502 286
502 430
502 812
502 956
503 87
503 108
503 168
503 286
503 431
503 811
503 956
504 87
504 108
504 169
504 287
504 432
504 810
504 955
505 87
505 109
505 169
505 287
505 433
505 809
505 955
506 88
506 109
506 169
506 288
506 434
506 808
506 954
507 88
507 109
507 170
507 288
507 289
507 435
507 807
507 953
507 954
508 88
508 110
508 170
508 289
508 436
508 806
508 953
509 89
509 110
509 171
509 290
509 437
509 805
509 952
510 89
510 111
510 171
510 290
510 438
510 804
510 952
511 90
511 111
511 172
511 291
511 439
511 440
511 802
511 803
511 951
512 90
512 111
512 172
512 291
512 292
512 440
512 441
512 801
512 802
512 950
512 951
513 90
513 112
513 172
513 173
513 292
513 441
513 442
513 800
513 801
513 950
514 91
514 112
514 173
514 293
514 442
514 443
514 799
514 800
514 949
515 91
515 112
515 113
515 173
515 293
515 443
515 444
515 798
515 799
515 949
516 91
516 113
516 174
516 294
516 445
516 797
516 948
517 92
517 113
517 174
517 294
517 295
517 446
517 796
517 947
517 948
518 92
518 114
518 175
518 295
518 447
518 448
518 794
518 795
518 947
519 93
519 114
519 175
519 296
519 448
519 449
519 793
519 794
519 946
520 93
520 115
520 176
520 296
520 297
520 449
520 450
520 792
520 793
520 945
520 946
521 93
521 115
521 176
521 297
521 451
521 791
521 945
522 94
522 115
522 177
522 298
522 452
522 790
522 944
523 94
523 116
523 177
523 298
523 453
523 454
523 788
523 789
523 944
524 95
524 116
524 178
524 299
524 454
524 455
524 787
524 788
524 943
525 95
525 117
525 178
525 300
525 456
525 786
525 942
526 95
526 117
526 178
526 179
526 300
526 457
526 458
526 784
526 785
526 942
527 96
527 117
527 118
527 179
527 301
527 458
527 459
527 783
527 784
527 941
528 96
528 118
528 179
528 180
528 302
528 460
528 782
528 940
529 97
529 118
529 180
529 302
529 461
529 462
529 780
529 781
529 940
530 97
530 119
530 180
530 181
530 303
530 462
530 463
530 779
530 780
530 939
531 97
531 98
531 119
531 181
531 304
531 464
531 778
531 938
532 98
532 120
532 181
532 182
532 304
532 305
532 465
532 466
532 776
532 777
532 937
532 938
533 98
533 120
533 182
533 305
533 466
533 467
533 775
533 776
533 937
534 99
534 120
534 121
534 182
534 183
534 306
534 468
534 469
534 773
534 774
534 936
535 99
535 121
535 183
535 306
535 307
535 469
535 470
535 772
535 773
535 935
535 936
536 100
536 121
536 183
536 184
536 307
536 471
536 472
536 770
536 771
536 935
537 100
537 122
537 184
537 308
537 472
537 473
537 769
537 770
537 934
538 100
538 122
538 184
538 185
538 309
538 474
538 475
538 767
538 768
538 933
539 101
539 123
539 185
539 309
539 310
539 475
539 476
539 766
539 767
539 932
539 933
540 101
540 123
540 186
540 310
540 477
540 478
540 764
540 765
540 932
541 102
541 124
541 186
541 311
541 478
541 479
541 763
541 764
541 931
542 102
542 124
542 187
542 312
542 480
542 481
542 761
542 762
542 930
543 103
543 125
543 187
543 312
543 313
543 482
543 483
543 759
543 760
543 929
543 930
544 103
544 125
544 188
544 313
544 483
544 484
544 758
544 759
544 929
545 103
545 104
545 126
545 188
545 314
545 485
545 486
545 756
545 757
545 928
546 104
546 126
546 189
546 315
546 487
546 488
546 754
546 755
546 927
547 104
547 126
547 127
547 189
547 315
547 316
547 489
547 490
547 752
547 753
547 926
547 927
548 105
548 127
548 190
548 316
548 490
548 491
548 751
548 752
548 926
549 105
549 127
549 128
549 190
549 317
549 492
549 493
549 749
549 750
549 925
550 106
550 128
550 191
550 318
550 494
550 495
550 747
550 748
550 924
551 106
551 128
551 191
551 192
551 318
551 319
551 496
551 497
551 745
551 746
551 923
551 924
552 107
552 129
552 192
552 319
552 498
552 499
552 743
552 744
552 923
553 107
553 129
553 193
553 320
553 500
553 501
553 741
553 742
553 922
554 108
554 130
554 193
554 321
554 502
554 503
554 739
554 740
554 921
555 108
555 130
555 194
555 322
555 504
555 505
555 737
555 738
555 920
556 109
556 131
556 194
556 322
556 323
556 506
556 507
556 735
556 736
556 919
556 920
557 109
557 131
557 195
557 323
557 324
557 508
557 509
557 733
557 734
557 918
557 919
558 110
558 132
558 195
558 196
558 324
558 510
558 511
558 512
558 730
558 731
558 732
558 918
559 110
559 132
559 196
559 325
559 512
559 513
559 514
559 728
559 729
559 730
559 917
560 111
560 133
560 197
560 326
560 515
560 516
560 726
560 727
560 916
561 111
561 133
561 197
561 327
561 517
561 518
561 519
561 723
561 724
561 725
561 915
562 111
562 112
562 134
562 198
562 327
562 328
562 520
562 521
562 721
562 722
562 914
562 915
563 112
563 134
563 198
563 199
563 328
563 329
563 522
563 523
563 524
563 718
563 719
563 720
563 913
563 914
564 112
564 113
564 135
564 199
564 329
564 525
564 526
564 716
564 717
564 913
565 113
565 135
565 136
565 200
565 330
565 527
565 528
565 529
565 713
565 714
565 715
565 912
566 113
566 114
566 136
566 200
566 331
566 530
566 531
566 532
566 710
566 711
566 712
566 911
567 114
567 136
567 137
567 201
567 332
567 533
567 534
567 535
567 707
567 708
567 709
567 910
568 114
568 115
568 137
568 201
568 202
568 333
568 536
568 537
568 538
568 704
568 705
568 706
568 909
569 115
569 138
569 202
569 333
569 334
569 539
569 540
569 541
569 701
569 702
569 703
569 908
569 909
570 115
570 116
570 138
570 203
570 334
570 335
570 542
570 543
570 544
570 698
570 699
570 700
570 907
570 908
571 116
571 139
571 203
571 335
571 336
571 545
571 546
571 547
571 548
571 694
571 695
571 696
571 697
571 906
571 907
572 117
572 139
572 204
572 336
572 337
572 549
572 550
572 551
572 552
572 690
572 691
572 692
572 693
572 905
572 906
573 117
573 140
573 204
573 205
573 337
573 552
573 553
573 554
573 555
573 687
573 688
573 689
573 690
573 905
574 118
574 140
574 205
574 338
574 556
574 557
574 558
574 559
574 560
574 682
574 683
574 684
574 685
574 686
574 904
575 118
575 141
575 206
575 339
575 560
575 561
575 562
575 563
575 564
575 678
575 679
575 680
575 681
575 682
575 903
576 119
576 141
576 206
576 207
576 340
576 565
576 566
576 567
576 568
576 569
576 673
576 674
576 675
576 676
576 677
576 902
577 119
577 142
577 207
577 341
577 570
577 571
577 572
577 573
577 574
577 668
577 669
577 670
577 671
577 672
577 901
578 120
578 142
578 143
578 208
578 342
578 575
578 576
578 577
578 578
578 579
578 580
578 662
578 663
578 664
578 665
578 666
578 667
578 900
579 120
579 143
579 208
579 343
579 581
579 582
579 583
579 584
579 585
579 586
579 587
579 588
579 654
579 655
579 656
579 657
579 658
579 659
579 660
579 661
579 899
580 121
580 144
580 209
580 344
580 589
580 590
580 591
580 592
580 593
580 594
580 595
580 596
580 597
580 645
580 646
580 647
580 648
580 649
580 650
580 651
580 652
580 653
580 898
581 121
581 144
581 210
581 345
581 598
581 599
581 600
581 601
581 602
581 603
581 604
581 605
581 606
581 607
581 608
581 609
581 610
581 611
581 612
581 613
581 614
581 615
581 616
581 617
581 618
581 619
581 620
581 621
581 622
581 623
581 624
581 625
581 626
581 627
581 628
581 629
581 630
581 631
581 632
581 633
581 634
581 635
581 636
581 637
581 638
581 639
581 640
581 641
581 642
581 643
581 644
581 897
582 122
582 145
582 210
582 346
582 896
583 122
583 145
583 211
583 347
583 895
584 123
584 146
584 212
584 348
584 894
585 123
585 124
585 146
585 212
585 349
585 893
586 124
586 147
586 213
586 350
586 892
587 125
587 147
587 148
587 214
587 351
587 891
588 125
588 148
588 214
588 352
588 890
589 126
589 149
589 215
589 353
589 889
590 126
590 149
590 216
590 354
590 888
591 127
591 150
591 216
591 355
591 887
592 127
592 150
592 151
592 217
592 356
592 886
593 128
593 151
593 218
593 357
593 885
594 128
594 129
594 152
594 218
594 219
594 358
594 884
595 129
595 152
595 219
595 359
595 883
596 130
596 153
596 220
596 360
596 361
596 881
596 882
597 130
597 153
597 154
597 220
597 221
597 361
597 362
597 880
597 881
598 131
598 154
598 221
598 362
598 363
598 879
598 880
599 131
599 132
599 155
599 222
599 363
599 364
599 878
599 879
600 132
600 155
600 223
600 364
600 365
600 877
600 878
601 133
601 156
601 223
601 224
601 366
601 876
602 133
602 157
602 224
602 367
602 875
603 134
603 157
603 225
603 368
603 874
604 134
604 158
604 226
604 369
604 370
604 872
604 873
605 135
605 158
605 159
605 226
605 227
605 370
605 371
605 871
605 872
606 136
606 159
606 227
606 371
606 372
606 870
606 871
607 136
607 160
607 228
607 373
607 869
608 137
608 160
608 161
608 229
608 374
608 868
609 137
609 138
609 161
609 229
609 230
609 375
609 376
609 866
609 867
610 138
610 162
610 230
610 376
610 377
610 865
610 866
611 139
611 162
611 231
611 377
611 378
611 864
611 865
612 139
612 163
612 232
612 379
612 863
613 140
613 164
613 232
613 233
613 380
613 862
614 140
614 141
614 164
614 233
614 381
614 382
614 860
614 861
615 141
615 165
615 234
615 382
615 383
615 859
615 860
616 142
616 166
616 235
616 384
616 858
617 142
617 143
617 166
617 235
617 236
617 385
617 386
617 856
617 857
618 143
618 167
618 236
618 237
618 386
618 387
618 855
618 856
619 144
619 168
619 237
619 388
619 854
620 144
620 168
620 238
620 389
620 390
620 852
620 853
621 145
621 169
621 239
621 390
621 391
621 851
621 852
622 146
622 170
622 239
622 240
622 392
622 850
623 146
623 170
623 171
623 240
623 241
623 393
623 394
623 848
623 849
624 147
624 171
624 241
624 394
624 395
624 847
624 848
625 148
625 172
625 242
625 396
625 846
625 1000
626 148
626 172
626 173
626 243
626 397
626 398
626 844
626 845
626 999
627 149
627 173
627 244
627 398
627 399
627 843
627 844
627 998
628 150
628 174
628 244
628 245
628 400
628 401
628 841
628 842
628 997
628 998
629 150
629 174
629 175
629 245
629 246
629 401
629 402
629 840
629 841
629 996
629 997
630 151
630 175
630 246
630 403
630 839
630 996
631 152
631 176
631 247
631 404
631 405
631 837
631 838
631 995
632 152
632 177
632 248
632 406
632 836
632 994
633 153
633 177
633 178
633 249
633 407
633 408
633 834
633 835
633 993
634 154
634 178
634 250
634 409
634 833
634 992
635 154
635 179
635 250
635 251
635 410
635 411
635 831
635 832
635 991
635 992
636 155
636 180
636 251
636 252
636 412
636 413
636 829
636 830
636 990
636 991
637 156
637 180
637 181
637 252
637 413
637 414
637 828
637 829
637 990
638 156
638 157
638 181
638 253
638 415
638 416
638 826
638 827
638 989
639 157
639 182
639 254
639 416
639 417
639 825
639 826
639 988
640 158
640 183
640 255
640 418
640 419
640 823
640 824
640 987
641 158
641 159
641 183
641 184
641 256
641 420
641 421
641 821
641 822
641 986
642 159
642 184
642 257
642 421
642 422
642 820
642 821
642 985
643 160
643 185
643 257
643 258
643 423
643 424
643 818
643 819
643 984
643 985
644 161
644 186
644 258
644 259
644 425
644 426
644 816
644 817
644 983
644 984
645 161
645 162
645 186
645 187
645 259
645 260
645 426
645 427
645 815
645 816
645 982
645 983
646 162
646 187
646 260
646 261
646 428
646 429
646 813
646 814
646 981
646 982
647 163
647 188
647 261
647 262
647 430
647 431
647 811
647 812
647 980
647 981
648 164
648 189
648 262
648 432
648 433
648 809
648 810
648 980
649 164
649 165
649 189
649 190
649 263
649 433
649 434
649 808
649 809
649 979
650 165
650 190
650 264
650 435
650 436
650 806
650 807
650 978
651 166
651 191
651 265
651 437
651 438
651 804
651 805
651 977
652 167
652 192
652 266
652 439
652 440
652 802
652 803
652 976
653 167
653 168
653 193
653 267
653 441
653 442
653 800
653 801
653 975
654 168
654 193
654 194
654 268
654 443
654 444
654 798
654 799
654 974
655 169
655 194
655 269
655 444
655 445
655 446
655 796
655 797
655 798
655 973
656 170
656 195
656 270
656 446
656 447
656 448
656 794
656 795
656 796
656 972
657 170
657 171
657 196
657 271
657 448
657 449
657 450
657 792
657 793
657 794
657 971
658 171
658 197
658 272
658 450
658 451
658 452
658 790
658 791
658 792
658 970
659 172
659 197
659 198
659 273
659 452
659 453
659 454
659 788
659 789
659 790
659 969
660 173
660 198
660 274
660 454
660 455
660 456
660 786
660 787
660 788
660 968
661 173
661 174
661 199
661 275
661 457
661 458
661 784
661 785
661 967
662 174
662 200
662 276
662 459
662 460
662 782
662 783
662 966
663 175
663 201
663 277
663 461
663 462
663 780
663 781
663 965
664 176
664 202
664 278
664 463
664 464
664 465
664 777
664 778
664 779
664 964
665 177
665 202
665 203
665 279
665 465
665 466
665 467
665 775
665 776
665 777
665 963
666 177
666 178
666 203
666 280
666 468
666 469
666 773
666 774
666 962
667 178
667 204
667 281
667 470
667 471
667 472
667 770
667 771
667 772
667 961
668 179
668 205
668 282
668 472
668 473
668 474
668 768
668 769
668 770
668 960
669 180
669 206
669 283
669 475
669 476
669 766
669 767
669 959
670 181
670 207
670 284
670 477
670 478
670 479
670 763
670 764
670 765
670 958
671 181
671 182
671 207
671 208
671 285
671 286
671 480
671 481
671 761
671 762
671 956
671 957
672 182
672 208
672 209
672 286
672 287
672 482
672 483
672 484
672 758
672 759
672 760
672 955
672 956
673 183
673 209
673 210
673 287
673 288
673 485
673 486
673 487
673 755
673 756
673 757
673 954
673 955
674 184
674 210
674 288
674 289
674 488
674 489
674 753
674 754
674 953
674 954
675 185
675 211
675 289
675 290
675 490
675 491
675 492
675 750
675 751
675 752
675 952
675 953
676 185
676 186
676 212
676 290
676 291
676 493
676 494
676 495
676 747
676 748
676 749
676 951
676 952
677 186
677 187
677 213
677 292
677 496
677 497
677 498
677 744
677 745
677 746
677 950
678 187
678 214
678 293
678 499
678 500
678 501
678 741
678 742
678 743
678 949
679 188
679 215
679 294
679 502
679 503
679 504
679 738
679 739
679 740
679 948
680 189
680 215
680 216
680 295
680 505
680 506
680 507
680 735
680 736
680 737
680 947
681 190
681 216
681 217
681 296
681 297
681 508
681 509
681 510
681 511
681 731
681 732
681 733
681 734
681 945
681 946
682 191
682 217
682 218
682 297
682 298
682 512
682 513
682 514
682 728
682 729
682 730
682 944
682 945
683 191
683 192
683 218
683 219
683 298
683 299
683 515
683 516
683 517
683 518
683 724
683 725
683 726
683 727
683 943
683 944
684 192
684 193
684 219
684 300
684 518
684 519
684 520
684 521
684 721
684 722
684 723
684 724
684 942
685 193
685 220
685 301
685 522
685 523
685 524
685 525
685 717
685 718
685 719
685 720
685 941
686 194
686 221
686 302
686 526
686 527
686 528
686 529
686 713
686 714
686 715
686 716
686 940
687 195
687 222
687 303
687 304
687 530
687 531
687 532
687 533
687 709
687 710
687 711
687 712
687 938
687 939
688 196
688 223
688 304
688 305
688 534
688 535
688 536
688 537
688 538
688 704
688 705
688 706
688 707
688 708
688 937
688 938
689 197
689 224
689 305
689 306
689 539
689 540
689 541
689 542
689 700
689 701
689 702
689 703
689 936
689 937
690 198
690 225
690 307
690 543
690 544
690 545
690 546
690 547
690 695
690 696
690 697
690 698
690 699
690 935
691 198
691 199
691 226
691 308
691 548
691 549
691 550
691 551
691 552
691 553
691 689
691 690
691 691
691 692
691 693
691 694
691 934
692 199
692 200
692 227
692 309
692 310
692 554
692 555
692 556
692 557
692 558
692 559
692 683
692 684
692 685
692 686
692 687
692 688
692 932
692 933
693 200
693 201
693 228
693 310
693 311
693 560
693 561
693 562
693 563
693 564
693 565
693 677
693 678
693 679
693 680
693 681
693 682
693 931
693 932
694 201
694 229
694 311
694 312
694 566
694 567
694 568
694 569
694 570
694 571
694 572
694 573
694 669
694 670
694 671
694 672
694 673
694 674
694 675
694 676
694 930
694 931
695 202
695 230
695 313
695 573
695 574
695 575
695 576
695 577
695 578
695 579
695 580
695 581
695 661
695 662
695 663
695 664
695 665
695 666
695 667
695 668
695 669
695 929
696 203
696 231
696 314
696 315
696 582
696 583
696 584
696 585
696 586
696 587
696 588
696 589
696 590
696 591
696 592
696 593
696 649
696 650
696 651
696 652
696 653
696 654
696 655
696 656
696 657
696 658
696 659
696 660
696 927
696 928
697 204
697 232
697 315
697 316
697 594
697 595
697 596
697 597
697 598
697 599
697 600
697 601
697 602
697 603
697 604
697 605
697 606
697 607
697 608
697 609
697 610
697 611
697 612
697 613
697 614
697 615
697 616
697 617
697 618
697 619
697 620
697 621
697 622
697 623
697 624
697 625
697 626
697 627
697 628
697 629
697 630
697 631
697 632
697 633
697 634
697 635
697 636
697 637
697 638
697 639
697 640
697 641
697 642
697 643
697 644
697 645
697 646
697 647
697 648
697 926
697 927
698 205
698 233
698 316
698 317
698 925
698 926
699 206
699 234
699 318
699 924
700 207
700 235
700 319
700 320
700 922
700 923
701 208
701 236
701 320
701 321
701 921
701 922
702 209
702 237
702 322
702 920
703 210
703 238
703 323
703 324
703 918
703 919
704 210
704 211
704 239
704 324
704 325
704 917
704 918
705 211
705 212
705 240
705 326
705 916
706 212
706 213
706 241
706 327
706 328
706 914
706 915
707 213
707 214
707 242
707 328
707 329
707 913
707 914
707 1000
708 214
708 215
708 243
708 330
708 912
708 999
709 215
709 216
709 244
709 331
709 332
709 910
709 911
709 998
710 216
710 217
710 245
710 332
710 333
710 909
710 910
710 997
711 217
711 218
711 246
711 334
711 908
711 996
712 218
712 219
712 247
712 335
712 336
712 906
712 907
712 995
713 219
713 220
713 248
713 336
713 337
713 905
713 906
713 994
714 220
714 221
714 249
714 250
714 338
714 339
714 903
714 904
714 992
714 993
715 221
715 222
715 250
715 251
715 339
715 340
715 902
715 903
715 991
715 992
716 222
716 223
716 251
716 252
716 341
716 901
716 990
716 991
717 223
717 224
717 252
717 253
717 342
717 343
717 899
717 900
717 989
717 990
718 224
718 225
718 253
718 254
718 344
718 898
718 988
718 989
719 225
719 226
719 255
719 345
719 346
719 896
719 897
719 987
720 226
720 227
720 256
720 347
720 895
720 986
721 227
721 228
721 257
721 348
721 349
721 893
721 894
721 985
722 228
722 229
722 258
722 350
722 892
722 984
723 229
723 230
723 259
723 260
723 351
723 352
723 890
723 891
723 982
723 983
724 231
724 260
724 261
724 353
724 889
724 981
724 982
725 232
725 261
725 262
725 354
725 355
725 887
725 888
725 980
725 981
726 233
726 262
726 263
726 356
726 357
726 885
726 886
726 979
726 980
727 234
727 264
727 357
727 358
727 884
727 885
727 978
728 235
728 265
728 359
728 360
728 882
728 883
728 977
729 236
729 266
729 360
729 361
729 881
729 882
729 976
730 237
730 267
730 268
730 362
730 363
730 879
730 880
730 974
730 975
731 238
731 268
731 269
731 364
731 365
731 877
731 878
731 973
731 974
732 239
732 240
732 270
732 365
732 366
732 876
732 877
732 972
733 240
733 241
733 271
733 367
733 368
733 874
733 875
733 971
734 241
734 242
734 272
734 369
734 370
734 872
734 873
734 970
734 1000
735 242
735 243
735 273
735 274
735 370
735 371
735 871
735 872
735 968
735 969
735 999
735 1000
736 244
736 274
736 275
736 372
736 373
736 869
736 870
736 967
736 968
736 998
737 245
737 276
737 374
737 375
737 867
737 868
737 966
737 997
738 246
738 277
738 375
738 376
738 866
738 867
738 965
738 996
739 247
739 278
739 279
739 377
739 378
739 864
739 865
739 963
739 964
739 995
740 248
740 249
740 279
740 280
740 379
740 380
740 862
740 863
740 962
740 963
740 993
740 994
741 249
741 250
741 281
741 381
741 382
741 860
741 861
741 961
741 992
741 993
742 250
742 251
742 282
742 382
742 383
742 859
742 860
742 960
742 991
742 992
743 252
743 283
743 284
743 384
743 385
743 857
743 858
743 958
743 959
743 990
744 253
744 284
744 285
744 386
744 387
744 855
744 856
744 957
744 958
744 989
745 254
745 286
745 388
745 389
745 853
745 854
745 956
745 988
746 255
746 256
746 287
746 288
746 390
746 391
746 851
746 852
746 954
746 955
746 986
746 987
747 256
747 257
747 288
747 289
747 392
747 393
747 849
747 850
747 953
747 954
747 985
747 986
748 257
748 258
748 290
748 394
748 395
748 847
748 848
748 952
748 984
748 985
749 259
749 291
749 292
749 395
749 396
749 397
749 845
749 846
749 847
749 950
749 951
749 983
750 260
750 292
750 293
750 397
750 398
750 399
750 843
750 844
750 845
750 949
750 950
750 982
751 261
751 262
751 294
751 399
751 400
751 401
751 841
751 842
751 843
751 948
751 980
751 981
752 262
752 263
752 295
752 296
752 401
752 402
752 403
752 839
752 840
752 841
752 946
752 947
752 979
752 980
753 264
753 296
753 297
753 403
753 404
753 405
753 837
753 838
753 839
753 945
753 946
753 978
754 265
754 298
754 405
754 406
754 407
754 835
754 836
754 837
754 944
754 977
755 266
755 267
755 299
755 300
755 407
755 408
755 409
755 833
755 834
755 835
755 942
755 943
755 975
755 976
756 267
756 268
756 300
756 301
756 410
756 411
756 831
756 832
756 941
756 942
756 974
756 975
757 269
757 302
757 412
757 413
757 829
757 830
757 940
757 973
758 270
758 303
758 304
758 414
758 415
758 827
758 828
758 938
758 939
758 972
759 271
759 272
759 304
759 305
759 416
759 417
759 825
759 826
759 937
759 938
759 970
759 971
760 272
760 273
760 306
760 307
760 418
760 419
760 420
760 822
760 823
760 824
760 935
760 936
760 969
760 970
761 274
761 307
761 308
761 420
761 421
761 422
761 820
761 821
761 822
761 934
761 935
761 968
762 275
762 276
762 309
762 310
762 423
762 424
762 818
762 819
762 932
762 933
762 966
762 967
763 276
763 277
763 310
763 311
763 425
763 426
763 816
763 817
763 931
763 932
763 965
763 966
764 278
764 312
764 427
764 428
764 429
764 813
764 814
764 815
764 930
764 964
765 279
765 280
765 313
765 314
765 430
765 431
765 811
765 812
765 928
765 929
765 962
765 963
766 280
766 281
766 315
766 432
766 433
766 434
766 808
766 809
766 810
766 927
766 961
766 962
767 282
767 316
767 317
767 434
767 435
767 436
767 806
767 807
767 808
767 925
767 926
767 960
768 283
768 284
768 318
768 437
768 438
768 804
768 805
768 924
768 958
768 959
769 284
769 285
769 319
769 320
769 439
769 440
769 441
769 801
769 802
769 803
769 922
769 923
769 957
769 958
770 286
770 321
770 442
770 443
770 444
770 798
770 799
770 800
770 921
770 956
771 287
771 288
771 322
771 323
771 444
771 445
771 446
771 796
771 797
771 798
771 919
771 920
771 954
771 955
772 288
772 289
772 324
772 325
772 447
772 448
772 449
772 793
772 794
772 795
772 917
772 918
772 953
772 954
773 290
773 325
773 326
773 450
773 451
773 452
773 790
773 791
773 792
773 916
773 917
773 952
774 291
774 292
774 327
774 328
774 452
774 453
774 454
774 788
774 789
774 790
774 914
774 915
774 950
774 951
775 292
775 293
775 328
775 329
775 455
775 456
775 457
775 785
775 786
775 787
775 913
775 914
775 949
775 950
776 294
776 295
776 330
776 331
776 458
776 459
776 460
776 782
776 783
776 784
776 911
776 912
776 947
776 948
777 295
777 296
777 332
777 461
777 462
777 463
777 779
777 780
777 781
777 910
777 946
777 947
778 297
778 333
778 334
778 464
778 465
778 466
778 776
778 777
778 778
778 908
778 909
778 945
779 298
779 299
779 335
779 336
779 467
779 468
779 469
779 773
779 774
779 775
779 906
779 907
779 943
779 944
780 300
780 336
780 337
780 470
780 471
780 472
780 770
780 771
780 772
780 905
780 906
780 942
781 301
781 302
781 338
781 339
781 473
781 474
781 475
781 767
781 768
781 769
781 903
781 904
781 940
781 941
782 303
782 340
782 341
782 476
782 477
782 478
782 764
782 765
782 766
782 901
782 902
782 939
783 304
783 305
783 341
783 342
783 479
783 480
783 481
783 482
783 760
783 761
783 762
783 763
783 900
783 901
783 937
783 938
784 306
784 343
784 344
784 483
784 484
784 485
784 757
784 758
784 759
784 898
784 899
784 936
785 307
785 308
785 345
785 346
785 486
785 487
785 488
785 489
785 753
785 754
785 755
785 756
785 896
785 897
785 934
785 935
786 1
786 309
786 346
786 347
786 490
786 491
786 492
786 750
786 751
786 752
786 895
786 896
786 933
787 2
787 310
787 311
787 348
787 349
787 493
787 494
787 495
787 496
787 746
787 747
787 748
787 749
787 893
787 894
787 931
787 932
788 2
788 3
788 312
788 350
788 351
788 497
788 498
788 499
788 500
788 742
788 743
788 744
788 745
788 891
788 892
788 930
789 3
789 313
789 314
789 352
789 353
789 501
789 502
789 503
789 504
789 738
789 739
789 740
789 741
789 889
789 890
789 928
789 929
790 4
790 315
790 316
790 354
790 355
790 505
790 506
790 507
790 508
790 734
790 735
790 736
790 737
790 887
790 888
790 926
790 927
791 5
791 316
791 317
791 355
791 356
791 509
791 510
791 511
791 512
791 513
791 729
791 730
791 731
791 732
791 733
791 886
791 887
791 925
791 926
792 5
792 6
792 318
792 319
792 357
792 358
792 514
792 515
792 516
792 517
792 725
792 726
792 727
792 728
792 884
792 885
792 923
792 924
793 6
793 319
793 320
793 359
793 360
793 518
793 519
793 520
793 521
793 522
793 720
793 721
793 722
793 723
793 724
793 882
793 883
793 922
793 923
794 7
794 321
794 322
794 361
794 362
794 523
794 524
794 525
794 526
794 527
794 715
794 716
794 717
794 718
794 719
794 880
794 881
794 920
794 921
795 8
795 323
795 324
795 363
795 364
795 528
795 529
795 530
795 531
795 532
795 710
795 711
795 712
795 713
795 714
795 878
795 879
795 918
795 919
796 9
796 324
796 325
796 365
796 366
796 533
796 534
796 535
796 536
796 537
796 538
796 704
796 705
796 706
796 707
796 708
796 709
796 876
796 877
796 917
796 918
797 9
797 10
797 326
797 327
797 366
797 367
797 368
797 539
797 540
797 541
797 542
797 543
797 544
797 698
797 699
797 700
797 701
797 702
797 703
797 874
797 875
797 876
797 915
797 916
798 10
798 328
798 368
798 369
798 545
798 546
798 547
798 548
798 549
798 550
798 551
798 691
798 692
798 693
798 694
798 695
798 696
798 697
798 873
798 874
798 914
799 11
799 329
799 330
799 370
799 371
799 552
799 553
799 554
799 555
799 556
799 557
799 558
799 684
799 685
799 686
799 687
799 688
799 689
799 690
799 871
799 872
799 912
799 913
800 12
800 331
800 332
800 372
800 373
800 559
800 560
800 561
800 562
800 563
800 564
800 565
800 566
800 676
800 677
800 678
800 679
800 680
800 681
800 682
800 683
800 869
800 870
800 910
800 911
801 13
801 333
801 334
801 374
801 375
801 567
801 568
801 569
801 570
801 571
801 572
801 573
801 574
801 575
801 576
801 666
801 667
801 668
801 669
801 670
801 671
801 672
801 673
801 674
801 675
801 867
801 868
801 908
801 909
802 13
802 14
802 334
802 335
802 376
802 377
802 577
802 578
802 579
802 580
802 581
802 582
802 583
802 584
802 585
802 586
802 587
802 588
802 589
802 653
802 654
802 655
802 656
802 657
802 658
802 659
802 660
802 661
802 662
802 663
802 664
802 665
802 865
802 866
802 907
802 908
803 14
803 336
803 337
803 378
803 379
803 590
803 591
803 592
803 593
803 594
803 595
803 596
803 597
803 598
803 599
803 600
803 601
803 602
803 603
803 604
803 605
803 606
803 607
803 608
803 609
803 610
803 611
803 612
803 613
803 614
803 615
803 616
803 617
803 618
803 619
803 620
803 621
803 622
803 623
803 624
803 625
803 626
803 627
803 628
803 629
803 630
803 631
803 632
803 633
803 634
803 635
803 636
803 637
803 638
803 639
803 640
803 641
803 642
803 643
803 644
803 645
803 646
803 647
803 648
803 649
803 650
803 651
803 652
803 863
803 864
803 905
803 906
804 15
804 338
804 339
804 380
804 381
804 861
804 862
804 903
804 904
805 16
805 339
805 340
805 382
805 383
805 384
805 858
805 859
805 860
805 902
805 903
806 17
806 341
806 342
806 384
806 385
806 386
806 856
806 857
806 858
806 900
806 901
807 17
807 18
807 343
807 344
807 386
807 387
807 388
807 854
807 855
807 856
807 898
807 899
808 18
808 19
808 345
808 346
808 389
808 390
808 852
808 853
808 896
808 897
809 19
809 347
809 348
809 391
809 392
809 850
809 851
809 894
809 895
810 20
810 348
810 349
810 393
810 394
810 848
810 849
810 893
810 894
811 21
811 350
811 351
811 395
811 396
811 846
811 847
811 891
811 892
812 22
812 352
812 353
812 397
812 398
812 399
812 843
812 844
812 845
812 889
812 890
813 22
813 23
813 354
813 355
813 399
813 400
813 401
813 841
813 842
813 843
813 887
813 888
814 23
814 24
814 356
814 357
814 402
814 403
814 839
814 840
814 885
814 886
815 24
815 358
815 359
815 404
815 405
815 406
815 836
815 837
815 838
815 883
815 884
816 25
816 360
816 361
816 406
816 407
816 408
816 834
816 835
816 836
816 881
816 882
817 26
817 362
817 363
817 409
817 410
817 832
817 833
817 879
817 880
818 27
818 363
818 364
818 365
818 411
818 412
818 413
818 829
818 830
818 831
818 877
818 878
818 879
819 27
819 28
819 365
819 366
819 367
819 414
819 415
819 827
819 828
819 875
819 876
819 877
820 28
820 29
820 367
820 368
820 369
820 416
820 417
820 418
820 824
820 825
820 826
820 873
820 874
820 875
821 29
821 369
821 370
821 371
821 418
821 419
821 420
821 822
821 823
821 824
821 871
821 872
821 873
822 30
822 371
822 372
822 373
822 421
822 422
822 423
822 819
822 820
822 821
822 869
822 870
822 871
823 31
823 374
823 375
823 424
823 425
823 817
823 818
823 867
823 868
824 32
824 376
824 377
824 426
824 427
824 428
824 814
824 815
824 816
824 865
824 866
825 33
825 378
825 379
825 429
825 430
825 431
825 811
825 812
825 813
825 863
825 864
826 33
826 34
826 380
826 381
826 431
826 432
826 433
826 809
826 810
826 811
826 861
826 862
827 34
827 35
827 382
827 383
827 434
827 435
827 436
827 806
827 807
827 808
827 859
827 860
828 35
828 36
828 384
828 385
828 437
828 438
828 439
828 803
828 804
828 805
828 857
828 858
829 36
829 386
829 387
829 388
829 440
829 441
829 442
829 800
829 801
829 802
829 854
829 855
829 856
830 37
830 388
830 389
830 390
830 443
830 444
830 445
830 797
830 798
830 799
830 852
830 853
830 854
831 38
831 391
831 392
831 446
831 447
831 448
831 794
831 795
831 796
831 850
831 851
832 39
832 393
832 394
832 449
832 450
832 451
832 791
832 792
832 793
832 848
832 849
833 40
833 395
833 396
833 397
833 452
833 453
833 454
833 788
833 789
833 790
833 845
833 846
833 847
834 41
834 398
834 399
834 455
834 456
834 457
834 785
834 786
834 787
834 843
834 844
835 41
835 42
835 400
835 401
835 402
835 458
835 459
835 460
835 782
835 783
835 784
835 840
835 841
835 842
836 42
836 43
836 402
836 403
836 404
836 461
836 462
836 463
836 464
836 778
836 779
836 780
836 781
836 838
836 839
836 840
837 43
837 44
837 405
837 406
837 464
837 465
837 466
837 467
837 775
837 776
837 777
837 778
837 836
837 837
838 44
838 45
838 407
838 408
838 409
838 468
838 469
838 470
838 772
838 773
838 774
838 833
838 834
838 835
839 45
839 410
839 411
839 471
839 472
839 473
839 474
839 768
839 769
839 770
839 771
839 831
839 832
840 46
840 412
840 413
840 414
840 475
840 476
840 477
840 478
840 764
840 765
840 766
840 767
840 828
840 829
840 830
841 47
841 415
841 416
841 478
841 479
841 480
841 481
841 761
841 762
841 763
841 764
841 826
841 827
842 48
842 417
842 418
842 419
842 482
842 483
842 484
842 485
842 757
842 758
842 759
842 760
842 823
842 824
842 825
843 49
843 420
843 421
843 422
843 486
843 487
843 488
843 489
843 753
843 754
843 755
843 756
843 820
843 821
843 822
844 50
844 423
844 424
844 490
844 491
844 492
844 493
844 749
844 750
844 751
844 752
844 818
844 819
845 51
845 425
845 426
845 427
845 494
845 495
845 496
845 497
845 498
845 744
845 745
845 746
845 747
845 748
845 815
845 816
845 817
846 52
846 428
846 429
846 430
846 498
846 499
846 500
846 501
846 502
846 740
846 741
846 742
846 743
846 744
846 812
846 813
846 814
847 53
847 431
847 432
847 433
847 503
847 504
847 505
847 506
847 507
847 735
847 736
847 737
847 738
847 739
847 809
847 810
847 811
848 53
848 54
848 434
848 435
848 436
848 507
848 508
848 509
848 510
848 511
848 731
848 732
848 733
848 734
848 735
848 806
848 807
848 808
849 54
849 55
849 436
849 437
849 438
849 439
849 512
849 513
849 514
849 515
849 516
849 726
849 727
849 728
849 729
849 730
849 803
849 804
849 805
849 806
850 55
850 56
850 439
850 440
850 441
850 517
850 518
850 519
850 520
850 521
850 522
850 720
850 721
850 722
850 723
850 724
850 725
850 801
850 802
850 803
851 56
851 57
851 442
851 443
851 444
851 445
851 523
851 524
851 525
851 526
851 527
851 715
851 716
851 717
851 718
851 719
851 797
851 798
851 799
851 800
852 57
852 58
852 445
852 446
852 447
852 448
852 528
852 529
852 530
852 531
852 532
852 533
852 709
852 710
852 711
852 712
852 713
852 714
852 794
852 795
852 796
852 797
853 58
853 59
853 448
853 449
853 450
853 451
853 534
853 535
853 536
853 537
853 538
853 539
853 540
853 702
853 703
853 704
853 705
853 706
853 707
853 708
853 791
853 792
853 793
853 794
854 59
854 60
854 452
854 453
854 454
854 541
854 542
854 543
854 544
854 545
854 546
854 547
854 695
854 696
854 697
854 698
854 699
854 700
854 701
854 788
854 789
854 790
855 60
855 61
855 455
855 456
855 457
855 548
855 549
855 550
855 551
855 552
855 553
855 554
855 688
855 689
855 690
855 691
855 692
855 693
855 694
855 785
855 786
855 787
856 61
856 62
856 458
856 459
856 460
856 461
856 555
856 556
856 557
856 558
856 559
856 560
856 561
856 562
856 563
856 679
856 680
856 681
856 682
856 683
856 684
856 685
856 686
856 687
856 781
856 782
856 783
856 784
857 62
857 462
857 463
857 464
857 564
857 565
857 566
857 567
857 568
857 569
857 570
857 571
857 572
857 573
857 574
857 668
857 669
857 670
857 671
857 672
857 673
857 674
857 675
857 676
857 677
857 678
857 778
857 779
857 780
858 63
858 465
858 466
858 467
858 468
858 575
858 576
858 577
858 578
858 579
858 580
858 581
858 582
858 583
858 584
858 585
858 586
858 587
858 655
858 656
858 657
858 658
858 659
858 660
858 661
858 662
858 663
858 664
858 665
858 666
858 667
858 774
858 775
858 776
858 777
859 64
859 468
859 469
859 470
859 471
859 588
859 589
859 590
859 591
859 592
859 593
859 594
859 595
859 596
859 597
859 598
859 599
859 600
859 601
859 602
859 603
859 604
859 605
859 606
859 607
859 608
859 609
859 610
859 611
859 612
859 613
859 614
859 615
859 616
859 617
859 618
859 619
859 620
859 621
859 622
859 623
859 624
859 625
859 626
859 627
859 628
859 629
859 630
859 631
859 632
859 633
859 634
859 635
859 636
859 637
859 638
859 639
859 640
859 641
859 642
859 643
859 644
859 645
859 646
859 647
859 648
859 649
859 650
859 651
859 652
859 653
859 654
859 771
859 772
859 773
859 774
860 65
860 472
860 473
860 474
860 475
860 767
860 768
860 769
860 770
861 66
861 476
861 477
861 478
861 479
861 763
861 764
861 765
861 766
862 67
862 480
862 481
862 482
862 483
862 759
862 760
862 761
862 762
863 68
863 484
863 485
863 486
863 487
863 755
863 756
863 757
863 758
864 1
864 69
864 488
864 489
864 490
864 491
864 751
864 752
864 753
864 754
865 1
865 2
865 70
865 492
865 493
865 494
865 495
865 747
865 748
865 749
865 750
866 2
866 71
866 496
866 497
866 498
866 499
866 500
866 742
866 743
866 744
866 745
866 746
867 3
867 72
867 501
867 502
867 503
867 504
867 738
867 739
867 740
867 741
868 4
868 73
868 505
868 506
868 507
868 508
868 509
868 733
868 734
868 735
868 736
868 737
869 5
869 74
869 510
869 511
869 512
869 513
869 514
869 728
869 729
869 730
869 731
869 732
870 6
870 75
870 515
870 516
870 517
870 518
870 519
870 520
870 722
870 723
870 724
870 725
870 726
870 727
871 7
871 76
871 77
871 521
871 522
871 523
871 524
871 525
871 526
871 716
871 717
871 718
871 719
871 720
871 721
872 8
872 77
872 78
872 527
872 528
872 529
872 530
872 531
872 532
872 710
872 711
872 712
872 713
872 714
872 715
873 8
873 9
873 78
873 79
873 533
873 534
873 535
873 536
873 537
873 538
873 704
873 705
873 706
873 707
873 708
873 709
874 9
874 10
874 79
874 80
874 539
874 540
874 541
874 542
874 543
874 544
874 545
874 697
874 698
874 699
874 700
874 701
874 702
874 703
875 10
875 11
875 80
875 81
875 546
875 547
875 548
875 549
875 550
875 551
875 552
875 553
875 689
875 690
875 691
875 692
875 693
875 694
875 695
875 696
876 11
876 12
876 81
876 82
876 554
876 555
876 556
876 557
876 558
876 559
876 560
876 561
876 562
876 680
876 681
876 682
876 683
876 684
876 685
876 686
876 687
876 688
877 12
877 82
877 83
877 563
877 564
877 565
877 566
877 567
877 568
877 569
877 570
877 571
877 572
877 573
877 669
877 670
877 671
877 672
877 673
877 674
877 675
877 676
877 677
877 678
877 679
878 13
878 83
878 84
878 574
878 575
878 576
878 577
878 578
878 579
878 580
878 581
878 582
878 583
878 584
878 585
878 586
878 587
878 655
878 656
878 657
878 658
878 659
878 660
878 661
878 662
878 663
878 664
878 665
878 666
878 667
878 668
879 14
879 84
879 85
879 588
879 589
879 590
879 591
879 592
879 593
879 594
879 595
879 596
879 597
879 598
879 599
879 600
879 601
879 602
879 603
879 604
879 605
879 606
879 607
879 608
879 609
879 610
879 611
879 612
879 613
879 614
879 615
879 616
879 617
879 618
879 619
879 620
879 621
879 622
879 623
879 624
879 625
879 626
879 627
879 628
879 629
879 630
879 631
879 632
879 633
879 634
879 635
879 636
879 637
879 638
879 639
879 640
879 641
879 642
879 643
879 644
879 645
879 646
879 647
879 648
879 649
879 650
879 651
879 652
879 653
879 654
880 15
880 85
880 86
881 16
881 87
882 17
882 88
883 18
883 89
884 19
884 90
885 20
885 91
886 21
886 92
887 22
887 93
888 23
888 94
888 95
889 23
889 24
889 95
889 96
890 24
890 25
890 96
890 97
891 25
891 26
891 97
891 98
892 26
892 27
892 98
892 99
893 27
893 28
893 100
894 28
894 29
894 101
895 29
895 30
895 102
896 30
896 31
896 103
897 31
897 32
897 104
897 105
898 32
898 33
898 105
898 106
899 33
899 34
899 106
899 107
900 34
900 35
900 107
900 108
901 35
901 36
901 109
902 36
902 37
902 110
903 37
903 38
903 111
904 38
904 39
904 112
904 113
905 39
905 40
905 113
905 114
906 40
906 41
906 114
906 115
907 41
907 42
907 116
908 42
908 43
908 117
909 43
909 44
909 118
909 119
910 44
910 45
910 119
910 120
911 46
911 120
911 121
912 47
912 122
913 48
913 123
914 49
914 124
914 125
915 50
915 125
915 126
916 51
916 126
916 127
917 52
917 128
918 53
918 129
919 54
919 130
919 131
920 55
920 131
920 132
921 56
921 57
921 133
922 57
922 58
922 134
923 58
923 59
923 135
923 136
924 59
924 60
924 136
924 137
925 60
925 61
925 138
926 62
926 139
927 63
927 140
927 141
928 64
928 141
928 142
929 65
929 143
930 66
930 144
930 145
931 67
931 68
931 145
931 146
932 68
932 69
932 147
933 69
933 70
933 148
933 149
934 70
934 71
934 149
934 150
935 72
935 151
936 73
936 152
936 153
937 74
937 153
937 154
938 75
938 76
938 155
939 76
939 77
939 156
939 157
940 77
940 78
940 157
940 158
941 78
941 79
941 159
942 80
942 160
942 161
943 81
943 161
943 162
944 82
944 163
945 83
945 84
945 164
945 165
946 84
946 85
946 165
946 166
947 85
947 86
947 167
947 168
948 87
948 168
948 169
949 88
949 170
950 89
950 90
950 171
950 172
951 90
951 91
951 172
951 173
952 91
952 92
952 174
952 175
953 93
953 175
953 176
954 94
954 177
954 178
955 95
955 96
955 178
955 179
956 96
956 97
956 180
957 98
957 181
957 182
958 99
958 183
959 100
959 101
959 184
959 185
960 101
960 102
960 186
961 103
961 187
961 188
962 104
962 189
963 105
963 106
963 190
963 191
964 106
964 107
964 192
965 108
965 193
965 194
966 109
966 195
967 110
967 111
967 196
967 197
968 111
968 112
968 198
968 199
969 113
969 199
969 200
970 114
970 115
970 201
970 202
971 115
971 116
971 202
971 203
972 117
972 204
972 205
973 118
973 119
973 206
974 119
974 120
974 207
974 208
975 121
975 209
975 210
976 122
976 123
976 210
976 211
977 123
977 124
977 212
977 213
978 125
978 214
979 126
979 127
979 215
979 216
980 127
980 128
980 217
980 218
981 129
981 219
982 130
982 131
982 220
982 221
983 131
983 132
983 222
983 223
984 133
984 224
984 225
985 134
985 135
985 225
985 226
986 135
986 136
986 227
986 228
987 137
987 138
987 229
987 230
988 138
988 139
988 230
988 231
989 140
989 232
989 233
990 141
990 142
990 234
990 235
991 142
991 143
991 236
991 237
992 144
992 145
992 237
992 238
993 145
993 146
993 239
993 240
994 147
994 241
994 242
994 1000
995 148
995 149
995 243
995 244
995 998
995 999
996 150
996 245
996 246
996 996
996 997
997 151
997 152
997 246
997 247
997 995
997 996
998 152
998 153
998 248
998 249
998 993
998 994
999 154
999 155
999 250
999 251
999 991
999 992
1000 155
1000 156
1000 252
1000 253
1000 989
1000 990
