633 659 805
914 2901 10
-330 2848 5
587 901 5
587 1055 15
190 2848 5
899 2681 5
1437 2832 10
320 2848 5
1521 2263 29
453 97 5
945 1237 13
623 853 5
610 2830 13
-170 2848 5
420 2848 5
-160 2848 5
-444 1507 52
789 3061 5
237 578 148
819 2801 5
1451 1755 13
713 3013 5
610 2778 13
610 2622 13
929 2881 5
463 87 5
939 2921 5
610 2848 5
701 2997 5
1009 2721 5
799 3061 5
945 1185 13
869 2681 5
1069 2601 5
819 2841 5
-220 2848 5
914 2781 10
1109 2801 5
610 2310 13
-390 2848 5
1377 1625 13
503 87 5
-480 2848 5
914 2641 10
1301 3045 5
453 47 5
580 2848 5
-150 2848 5
210 2848 5
-610 2848 5
1223 3149 5
423 87 5
779 2891 5
300 2848 5
388 -223 40
30 -338 5
1247 3117 5
453 167 5
-675 2448 10
430 2848 5
929 2601 5
-675 2408 10
433 87 5
-504 1532 13
779 3061 5
120 2848 5
597 1445 5
-675 2368 10
-340 2848 5
914 2521 10
1187 3197 5
509 1031 5
-130 2848 5
453 7 5
-239 1015 481
569 925 5
493 87 5
1437 2897 5
-500 2848 5
969 2881 5
914 2841 10
-410 2848 5
1029 2801 5
413 87 5
443 87 5
887 1445 5
10 2848 5
486 211 50
1069 2801 5
534 542 15
-675 2688 10
818 2284 5
738 2284 5
-250 2848 5
610 2674 13
530 2848 5
647 1445 5
70 2848 5
707 1445 5
743 3053 5
-392 2135 78
999 2601 5
453 87 5
717 1445 5
899 3061 5
70 -338 5
889 3061 5
809 3061 5
959 2801 5
1163 3229 25
-675 2428 10
520 2848 5
819 2821 5
610 2648 13
819 2761 5
453 147 5
-430 2848 5
610 2440 13
509 1005 5
453 255 5
-30 2848 5
939 2721 5
641 829 5
757 1445 5
-675 2588 10
1083 3169 25
-180 2848 5
914 2661 10
949 2801 5
399 327 85
949 2881 5
731 3037 5
695 2989 5
610 2518 13
959 2881 5
20 -338 5
653 813 5
1049 2801 5
914 2681 10
-470 2848 5
1437 2857 5
1471 1803 13
540 2848 5
-675 2568 10
-675 2748 10
1437 2566 26
949 2721 5
849 3061 5
897 1445 5
819 2721 5
453 117 5
80 2848 5
200 2848 5
453 157 5
545 957 5
1437 2667 25
-570 2848 5
-50 2848 5
-590 2848 5
110 2848 5
859 3061 5
819 2811 5
1235 3133 5
945 1107 13
50 2848 5
-460 2848 5
1241 3125 5
945 1133 13
500 2848 5
1119 2801 5
-10 2848 5
1199 3181 5
989 2601 5
1015 3118 10
453 107 5
-675 2468 10
914 2721 10
707 3005 5
0 -338 5
945 1445 13
1307 3037 5
453 137 5
819 2771 5
829 2681 5
321 823 111
769 3061 5
1253 3109 5
638 2284 5
819 2751 5
150 2848 5
1113 1515 13
819 2731 5
1461 1779 13
-675 2508 10
-675 2808 10
1437 2947 5
304 -286 65
727 1445 5
570 2848 5
-20 2848 5
-560 2848 5
550 259 30
460 2848 5
610 2596 13
945 1159 13
1437 2887 5
610 2414 13
-420 2848 5
795 -111 91
1295 3053 5
808 2284 5
1043 3139 25
1521 1999 37
748 2284 5
638 325 10
914 2501 10
697 1445 5
-675 2215 143
689 2921 5
527 981 5
23 314 30
799 2891 5
100 2848 5
1359 3005 13
-522 1532 5
959 2721 5
917 1055 15
-540 2848 5
1233 1565 13
610 2726 13
-290 2848 5
689 2931 5
667 1445 5
914 2561 10
220 2848 5
1017 1475 13
963 3079 5
-310 2848 5
1205 3173 5
914 2481 10
-450 2848 5
689 2981 5
1501 1875 13
270 2848 5
-675 2708 10
-675 2648 10
1065 1495 13
1421 1683 13
-483 2135 13
1437 2917 5
1089 2801 5
-240 2848 5
-320 2848 5
914 2881 10
40 -338 5
610 2466 13
71 278 30
914 2921 10
939 2881 5
30 2848 5
819 2691 5
-620 2848 5
453 17 5
470 2848 5
917 1445 5
1353 1615 13
569 542 20
1277 3077 5
945 1263 13
728 2284 5
1283 3069 5
-300 2848 5
659 805 5
999 2801 5
290 2848 5
1411 3005 13
979 2801 5
620 474 65
1437 2877 5
1193 3189 5
-25 350 30
939 2601 5
819 2781 5
819 2831 5
403 87 5
749 2891 5
551 949 5
1305 1595 13
159 212 80
627 1445 5
1431 1707 13
769 2891 5
1181 3205 5
699 2891 5
-600 2848 5
400 2848 5
560 2848 5
617 861 5
1437 3005 13
1437 2907 5
-675 2548 10
1437 2957 5
1009 2801 5
610 2570 13
969 2601 5
1437 2937 5
-63 -405 5
-370 2848 5
1211 3165 5
819 2791 5
180 2848 5
1059 2601 5
453 127 5
759 2891 5
503 1023 5
610 2544 13
617 1055 15
827 1055 15
550 2848 5
-63 -383 17
611 869 5
929 3061 5
-630 2848 5
-675 2668 10
789 2891 5
1019 2801 5
832 1445 10
60 2848 5
647 821 5
453 57 5
1217 3157 5
1059 2801 5
914 2761 10
809 2891 5
453 -3 5
939 3061 5
1437 2927 5
668 2284 5
482 542 37
1039 2801 5
689 2891 5
-90 2848 5
979 2881 5
1437 2847 5
945 1315 13
971 3085 5
914 2601 10
914 2821 10
1003 3109 5
380 2848 5
460 -127 80
610 2492 13
-190 2848 5
945 1367 13
768 2284 5
709 2891 5
483 87 5
1329 1605 13
879 3061 5
689 2901 5
939 2801 5
-675 2608 10
749 3061 5
-675 2848 10
1137 1525 13
510 2848 5
370 2848 5
1041 1485 13
261 -48 106
819 2711 5
949 2601 5
945 1211 13
969 2801 5
350 2848 5
959 2601 5
1079 2801 5
955 3073 5
945 1081 13
230 2848 5
914 2356 115
-120 2848 5
138 -48 17
1521 2140 34
677 1445 5
-110 2848 5
309 327 5
1049 2601 5
-210 2848 5
1437 2809 13
819 3061 5
689 2971 5
90 2848 5
1271 3085 5
767 1055 15
521 989 5
914 2701 10
607 1445 5
453 37 5
160 2848 5
914 2541 10
1265 3093 5
-675 2488 10
647 1055 15
995 3103 5
628 2284 5
698 2284 5
688 2284 5
-520 2848 5
1437 2781 15
725 3029 5
949 2921 5
40 2848 5
115 -338 40
797 1055 15
450 2848 5
280 2848 5
947 3067 5
1039 2601 5
758 2284 5
839 2681 5
610 2752 13
130 2848 5
945 1289 13
-675 2628 10
689 2951 5
1491 1851 13
-260 2848 5
1437 2712 20
1437 2749 17
-675 2388 10
1209 1555 13
-80 2848 5
999 2721 5
729 2891 5
979 2601 5
-675 2788 10
170 2848 5
1257 1575 13
10 -338 5
852 1445 10
-280 2848 5
345 87 53
1259 3101 5
629 845 5
390 2848 5
1521 2071 35
340 2848 5
0 -120 95
819 2871 5
360 2848 5
1437 2511 29
610 2284 13
527 1055 15
945 1419 13
533 973 5
1437 2977 5
907 1445 5
-530 2848 5
-40 2848 5
718 2284 5
1229 3141 5
-350 2848 5
1521 2204 30
719 2891 5
-650 2848 5
778 2284 5
987 3097 5
725 57 91
-519 2150 26
-675 2768 10
867 1445 5
792 1445 10
581 -3 65
969 1455 13
-39 -338 34
-580 2848 5
759 3061 5
849 2681 5
-100 2848 5
610 2700 13
-675 2528 10
1313 3029 5
250 2848 5
1481 1827 13
698 370 65
-675 2828 10
493 -33 15
-675 2728 10
687 1445 5
929 2721 5
1123 3199 25
887 1055 15
979 3091 5
480 2848 5
1401 1635 13
50 -338 5
-490 2848 5
1185 1545 13
819 2681 5
517 -51 15
678 2284 5
969 2721 5
-660 2848 5
927 1445 5
772 1445 10
469 -15 15
1161 1535 13
879 2681 5
1411 1659 13
707 1055 15
637 1445 5
590 2848 5
737 1055 15
1009 2601 5
513 87 5
989 2721 5
1089 1505 13
260 2848 5
453 77 5
929 2801 5
557 1055 15
617 1445 5
819 2701 5
677 1055 15
788 2284 5
490 2848 5
839 3061 5
1029 2601 5
945 1055 13
819 2891 5
602 298 35
140 2848 5
515 997 5
1437 2617 25
575 917 5
515 1039 5
96 -48 25
877 1445 5
-360 2848 5
240 2848 5
689 2961 5
993 1465 13
869 3061 5
742 1445 10
453 27 5
-200 2848 5
-230 2848 5
557 941 5
648 2284 5
914 2741 10
-70 2848 5
1281 1585 13
-60 2848 5
1385 3005 13
829 3061 5
689 2941 5
410 2848 5
919 3061 5
929 2921 5
412 518 37
1079 2601 5
600 2848 5
453 67 5
440 2848 5
819 2881 5
599 885 5
819 2861 5
909 3061 5
610 2336 13
1129 2801 5
708 2284 5
473 87 5
330 2848 5
635 837 5
945 1393 13
1331 3005 15
819 2741 5
-640 2848 5
539 965 5
737 3045 5
819 2851 5
1437 2867 5
-510 2848 5
1441 1731 13
20 2848 5
-380 2848 5
0 0 25
1521 2431 87
610 2388 13
1139 2801 5
-550 2848 5
1319 3021 5
-140 2848 5
1019 2601 5
-400 2848 5
136 1915 494
1521 1923 39
857 1055 15
859 2681 5
658 2284 5
719 3021 5
1289 3061 5
689 2911 5
60 -338 5
739 2891 5
593 893 5
979 2721 5
1099 2801 5
1437 2987 5
310 2848 5
0 2848 5
610 2804 13
563 933 5
-270 2848 5
605 877 5
889 2681 5
945 1341 13
914 2861 10
610 2362 13
1437 2967 5
914 2621 10
914 2581 10
798 2284 5
1521 2318 26
178 -254 65
63 84 80
657 1445 5
581 909 5
914 2801 10
503 1013 5
812 1445 10
-440 2848 5
989 2801 5
