361 979 2881
-600 2848 5
483 87 5
460 -127 80
50 2848 5
914 2721 10
520 2848 5
914 2861 10
914 2601 10
-675 2748 10
453 167 5
138 -48 17
-444 1507 52
136 1915 494
959 2881 5
939 2801 5
-510 2848 5
-400 2848 5
-675 2788 10
-490 2848 5
70 -338 5
914 2821 10
200 2848 5
914 2581 10
-675 2368 10
503 87 5
453 117 5
450 2848 5
-420 2848 5
979 2801 5
-620 2848 5
0 0 25
708 2284 5
-500 2848 5
-70 2848 5
-675 2448 10
0 2848 5
-590 2848 5
237 578 148
23 314 30
939 2921 5
-675 2588 10
610 2700 13
412 518 37
-150 2848 5
610 2726 13
1079 2801 5
914 2761 10
610 2414 13
360 2848 5
530 2848 5
1099 2801 5
-360 2848 5
-290 2848 5
210 2848 5
482 542 37
-675 2608 10
-190 2848 5
-675 2848 10
320 2848 5
-50 2848 5
989 2721 5
-675 2568 10
540 2848 5
-675 2388 10
610 2336 13
1119 2801 5
-430 2848 5
999 2801 5
453 47 5
668 2284 5
798 2284 5
-160 2848 5
959 2721 5
-270 2848 5
570 2848 5
453 97 5
590 2848 5
1089 2801 5
80 2848 5
330 2848 5
453 67 5
40 -338 5
220 2848 5
-675 2488 10
469 -15 15
-675 2428 10
-675 2648 10
20 -338 5
-675 2768 10
63 84 80
510 2848 5
390 2848 5
250 2848 5
725 57 91
-470 2848 5
430 2848 5
-239 1015 481
778 2284 5
569 542 20
-230 2848 5
470 2848 5
788 2284 5
610 2310 13
-675 2688 10
-240 2848 5
453 107 5
-200 2848 5
460 2848 5
-120 2848 5
-90 2848 5
290 2848 5
453 27 5
-504 1532 13
1049 2601 5
939 2601 5
610 2518 13
10 2848 5
-310 2848 5
-392 2135 78
453 147 5
150 2848 5
-250 2848 5
929 2601 5
280 2848 5
-63 -405 5
-675 2708 10
610 2388 13
581 -3 65
1139 2801 5
989 2601 5
110 2848 5
0 -120 95
-675 2408 10
513 87 5
1009 2801 5
914 2901 10
453 7 5
-180 2848 5
-10 2848 5
190 2848 5
-340 2848 5
-220 2848 5
610 2804 13
140 2848 5
550 259 30
410 2848 5
-675 2828 10
310 2848 5
1019 2601 5
914 2701 10
610 2362 13
40 2848 5
453 127 5
180 2848 5
30 -338 5
340 2848 5
453 137 5
914 2741 10
-675 2808 10
60 2848 5
370 2848 5
939 2881 5
399 327 85
230 2848 5
914 2801 10
-40 2848 5
914 2661 10
949 2921 5
658 2284 5
-30 2848 5
610 2492 13
1039 2601 5
949 2721 5
560 2848 5
1129 2801 5
-675 2628 10
914 2641 10
400 2848 5
949 2881 5
380 2848 5
929 2881 5
914 2841 10
1069 2601 5
71 278 30
688 2284 5
453 37 5
-610 2848 5
-300 2848 5
580 2848 5
959 2601 5
738 2284 5
-450 2848 5
260 2848 5
-570 2848 5
-63 -383 17
-560 2848 5
-210 2848 5
-80 2848 5
550 2848 5
240 2848 5
610 2752 13
914 2521 10
959 2801 5
453 157 5
-675 2508 10
-460 2848 5
-440 2848 5
914 2561 10
-410 2848 5
-640 2848 5
433 87 5
698 2284 5
0 -338 5
610 2622 13
808 2284 5
534 542 15
178 -254 65
979 2881 5
420 2848 5
-483 2135 13
50 -338 5
-580 2848 5
493 -33 15
979 2601 5
638 325 10
914 2681 10
-675 2468 10
1079 2601 5
949 2801 5
1059 2801 5
-390 2848 5
453 77 5
500 2848 5
453 255 5
90 2848 5
-675 2728 10
-480 2848 5
929 2921 5
486 211 50
-39 -338 34
610 2284 13
610 2648 13
989 2801 5
648 2284 5
758 2284 5
300 2848 5
914 2501 10
628 2284 5
-110 2848 5
517 -51 15
443 87 5
-20 2848 5
423 87 5
-675 2528 10
130 2848 5
170 2848 5
453 57 5
678 2284 5
453 17 5
-675 2668 10
1009 2601 5
115 -338 40
-519 2150 26
748 2284 5
60 -338 5
1049 2801 5
-660 2848 5
1019 2801 5
818 2284 5
610 2830 13
159 212 80
-650 2848 5
969 2601 5
413 87 5
728 2284 5
-522 1532 5
969 2801 5
463 87 5
120 2848 5
388 -223 40
1109 2801 5
160 2848 5
969 2721 5
939 2721 5
473 87 5
261 -48 106
350 2848 5
999 2721 5
914 2621 10
-330 2848 5
-280 2848 5
453 87 5
610 2466 13
-25 350 30
490 2848 5
100 2848 5
10 -338 5
1069 2801 5
610 2848 5
-60 2848 5
304 -286 65
610 2674 13
914 2881 10
718 2284 5
-675 2215 143
979 2721 5
-130 2848 5
-520 2848 5
20 2848 5
-100 2848 5
493 87 5
1059 2601 5
-350 2848 5
610 2440 13
270 2848 5
914 2781 10
698 370 65
795 -111 91
-630 2848 5
914 2481 10
602 298 35
620 474 65
-530 2848 5
-320 2848 5
96 -48 25
480 2848 5
70 2848 5
-675 2548 10
914 2356 115
969 2881 5
638 2284 5
-540 2848 5
610 2570 13
600 2848 5
1039 2801 5
-140 2848 5
-550 2848 5
1009 2721 5
914 2921 10
403 87 5
929 2721 5
610 2544 13
610 2778 13
345 87 53
309 327 5
929 2801 5
-370 2848 5
1029 2801 5
-170 2848 5
768 2284 5
949 2601 5
1029 2601 5
999 2601 5
-260 2848 5
914 2541 10
453 -3 5
-380 2848 5
610 2596 13
30 2848 5
440 2848 5
321 823 111
