1000 500 1000000000
647 576
436 5
85 30
442 896
420 198
770 909
516 565
705 437
121 306
789 823
224 303
288 84
945 31
118 263
176 304
835 174
879 622
179 315
651 620
211 422
169 980
683 37
897 387
825 17
44 965
191 268
267 479
351 563
509 820
177 36
475 11
210 706
985 388
20 987
359 582
409 879
562 91
915 458
477 739
826 873
703 16
140 321
846 490
883 707
661 60
742 488
422 951
193 406
338 564
393 48
146 153
927 59
243 193
868 71
284 693
943 986
60 82
659 258
923 893
964 936
304 705
423 726
656 967
483 345
882 227
393 27
379 671
437 973
215 304
396 498
348 338
836 760
772 494
17 46
386 980
333 690
684 755
767 339
73 249
684 955
476 428
981 206
450 770
179 664
73 574
514 421
263 349
532 386
194 548
432 931
527 764
972 210
871 90
901 943
691 584
897 166
363 230
723 812
999 901
827 423
826 340
843 89
40 374
474 585
273 257
868 799
373 839
361 243
281 261
537 971
844 434
488 558
663 210
369 13
463 547
435 288
239 630
376 278
355 202
215 628
810 82
778 182
272 138
424 552
398 961
874 241
746 361
798 760
571 518
772 33
65 558
672 303
187 48
932 542
601 498
521 410
579 298
592 203
436 367
106 833
679 980
426 424
340 575
183 262
93 306
646 509
864 318
163 402
717 446
943 317
944 815
78 874
113 21
76 900
388 534
732 66
513 509
842 204
84 376
818 528
34 463
388 897
780 550
298 496
995 593
164 938
407 242
812 871
262 239
770 1
772 854
419 636
362 260
192 445
987 9
972 20
471 711
268 251
260 566
98 607
510 262
544 268
855 707
139 116
298 260
117 69
113 535
57 475
146 248
919 132
256 243
504 78
953 771
328 565
688 778
171 549
391 66
817 245
125 307
360 422
566 828
842 679
714 898
505 859
145 775
343 752
369 198
830 674
320 509
238 8
638 760
556 28
825 724
272 301
30 984
722 948
811 564
626 877
813 482
87 310
256 429
413 625
978 242
103 887
657 740
646 564
768 822
288 391
123 669
374 844
616 185
759 593
61 924
74 147
233 330
928 645
306 257
239 603
554 341
489 562
432 486
126 551
307 413
942 429
433 315
625 49
851 735
641 263
658 67
762 890
748 41
887 53
297 477
7 203
169 847
764 600
332 241
151 638
653 444
419 438
758 43
486 609
777 478
223 435
544 984
676 291
24 914
695 673
390 701
875 558
547 990
510 230
231 12
868 235
455 286
672 564
680 509
524 456
987 747
242 882
82 918
525 458
183 219
130 573
920 356
482 818
345 343
48 927
354 267
514 160
904 185
724 583
46 599
390 32
345 632
265 779
901 789
236 83
8 365
7 279
72 489
448 416
831 847
695 537
113 208
48 368
744 123
950 789
722 340
172 418
323 437
196 223
225 431
305 584
147 312
862 218
152 662
986 334
508 32
870 973
239 270
340 982
392 290
771 113
981 294
531 303
730 78
525 955
861 181
890 7
844 104
577 995
765 914
329 272
945 550
244 183
819 936
516 211
225 638
675 557
932 205
859 661
635 735
967 495
267 857
501 111
960 429
105 76
342 433
699 286
335 295
468 153
230 984
715 806
973 390
362 904
946 572
917 580
658 883
74 924
91 927
34 402
355 139
477 697
923 176
334 257
470 802
762 51
137 828
856 109
365 163
140 281
94 797
515 168
720 606
446 754
7 800
892 836
848 166
363 182
423 184
335 536
234 823
363 89
283 580
657 999
94 796
279 539
592 794
706 311
399 151
416 757
303 307
944 502
825 306
35 247
489 721
134 74
543 496
162 178
427 170
176 872
965 807
411 908
600 468
219 350
971 986
458 625
645 402
126 469
59 513
67 900
233 200
973 128
47 487
657 826
656 832
49 973
638 811
880 589
279 450
290 601
436 748
225 80
501 702
548 559
566 614
810 799
165 135
926 211
621 582
388 628
765 437
600 755
247 480
343 525
929 633
477 716
732 53
795 232
755 342
142 320
307 304
470 471
438 747
682 410
680 69
37 445
857 989
551 104
820 245
980 748
229 457
464 960
509 610
543 615
952 685
287 258
340 756
81 777
503 762
186 534
182 574
978 39
914 880
494 733
125 473
833 353
281 648
313 142
257 855
108 208
891 394
818 230
502 898
358 356
11 895
889 544
469 219
934 734
98 427
467 222
252 299
575 884
946 239
377 202
445 485
762 688
230 931
917 731
828 627
86 190
521 975
733 341
545 19
75 642
445 541
864 48
191 790
284 136
380 660
337 824
496 450
511 726
380 780
456 559
406 894
748 278
220 833
971 764
851 45
405 647
937 620
695 127
761 330
614 140
341 302
316 837
752 178
562 131
957 369
690 714
262 789
344 481
621 314
596 471
358 353
118 646
972 164
772 85
493 737
576 185
38 891
21 789
421 582
272 729
303 961
443 564
749 786
397 722
451 344
192 808
696 661
805 20
824 928
104 668
664 31
853 701
274 225
490 694
159 761
422 461
73 216
376 173
353 124
894 803
468 86
962 163
98 766
534 922
693 989
941 356
20 793
57 293
18 898
338 528
10 759
988 82
327 363
606 679
487 500
482 306
937 795
820 34
561 354
307 605
342 248
961 713
392 369
5 761
618 694
288 627
805 275
60 131
990 665
161 828
516 994
485 804
789 304
838 701
657 144
305 351
743 265
63 135
985 420
247 954
465 535
580 269
161 991
399 502
8 912
681 523
905 165
327 693
469 516
393 477
11 50
179 754
666 594
240 651
13 838
604 477
724 536
98 885
878 848
738 885
759 419
408 664
583 86
708 51
953 453
880 963
502 58
68 167
651 307
169 15
145 125
844 868
12 941
104 889
788 194
774 547
612 533
562 194
970 621
597 922
425 828
884 278
237 952
797 888
610 965
254 106
441 97
326 452
37 429
341 177
974 466
75 585
998 636
131 967
608 79
888 33
258 123
310 494
74 106
733 684
423 987
141 863
83 466
315 472
247 7
1000 220
472 74
805 821
61 287
787 668
717 26
52 974
500 362
467 574
819 200
609 241
186 749
456 620
215 122
443 461
128 442
680 951
515 836
771 927
474 909
947 190
934 998
163 433
711 982
358 530
181 318
122 718
67 577
689 633
698 132
445 825
925 476
127 792
664 897
718 137
805 664
679 90
662 841
875 372
174 584
253 706
902 375
423 320
951 464
304 1
595 748
177 871
575 304
662 238
200 732
727 357
395 405
446 408
597 672
132 771
256 384
476 509
110 251
828 413
714 131
413 660
230 589
530 804
892 544
394 444
275 120
800 21
876 597
781 472
269 912
594 876
647 70
384 109
672 563
521 385
45 933
396 274
521 277
429 413
820 174
856 446
293 7
467 520
603 599
992 223
862 937
450 860
6 185
968 29
747 488
765 791
772 160
416 293
437 197
57 608
370 264
406 15
270 872
534 224
822 877
799 683
814 248
542 171
433 862
200 531
349 316
674 121
476 441
765 264
637 821
223 359
436 628
725 57
851 258
280 672
487 430
706 652
678 248
822 462
109 373
992 809
689 665
281 516
106 45
779 94
217 353
452 652
981 176
708 831
786 340
855 624
769 560
275 798
159 96
259 267
821 251
428 509
267 708
376 724
753 506
818 969
858 621
973 838
149 32
21 934
371 875
557 492
786 183
289 945
278 548
563 450
150 990
958 768
698 685
492 450
190 661
770 48
281 94
237 429
126 609
714 848
835 622
339 621
804 980
917 434
879 479
883 380
469 193
147 166
877 990
967 67
650 88
466 931
182 54
711 307
15 425
506 201
46 197
173 202
176 89
635 406
568 517
785 388
709 283
553 938
273 871
356 922
958 173
204 139
578 915
797 592
691 655
793 736
851 317
289 378
406 923
783 325
792 919
712 500
201 616
789 473
486 144
747 795
316 950
286 894
864 434
837 554
88 981
642 290
298 930
667 55
205 801
379 996
719 442
847 272
57 636
744 894
779 490
688 95
792 973
340 655
407 176
561 494
509 554
784 806
483 802
860 39
603 590
34 673
31 881
944 87
516 40
980 646
881 19
92 672
992 431
679 398
959 239
243 467
792 378
624 626
180 835
665 134
424 50
806 454
930 102
892 797
141 223
443 21
241 534
693 232
317 723
981 275
961 576
93 104
953 716
81 484
902 97
617 325
499 775
130 428
876 373
577 16
595 19
388 187
904 432
771 220
154 751
494 466
678 938
921 631
5 354
114 906
802 83
582 300
857 63
728 732
435 656
99 381
674 838
568 929
270 338
149 775
440 994
241 118
932 513
748 288
866 213
546 668
295 127
967 503
190 46
586 976
53 36
357 78
874 924
7 143
261 155
269 700
500 861
169 783
374 916
71 591
481 616
610 127
94 929
630 283
326 567
259 379
603 615
456 476
890 814
970 502
968 238
553 820
451 722
602 824
989 672
766 469
639 728
596 733
656 577
367 333
143 977
711 745
943 519
572 832
332 541
333 652
131 886
471 581
607 72
756 595
96 873
416 86
600 363
818 255
939 537
588 433
R L L L L R R L L L R L R R L R L R R R R L R R L L R L L L R R L L L R L L L R R L L R L R R L R L L L R L L R L L L R L L R R R L R R L R R L L R R L R R R L L L R R L L R R R L R L L L L L R R L L R R L L R L R R L R L L R L L L R L L L R L R L R R L L R R R R R L L R R R L R R R L R R R L R L R L L R R L R R R L R R R R L L L L R L R R R L L R L L R L R R L L R L R L L R R L L R L R R R L R R R R R L L R R R R L R L R L L L R R R R L L L L R L L L L L L L L L R R L R R R L R L R R R L R L R R R L R L R L L L R R R L R L L R R L L R L L L L L R R L L R R L R R R R L L L R R L L R R L R R R L L L L R R R R L R L L R R L R L L L R R L R L L R L R L R R R L R L L R R R L R L L R R R R L R L L R L R R R R L R L L R R R R L R L L R R L L L L L R L R R L R R R R R R R R R R L R R R L L R R L R R R L R R L R L L R R L R R L L R R L R R R L R R R L R R R R R L R R L L R R R R L R L L L R R L L R L L L L R L L R L L L R R L R L R L R R L L R R R R R R L L L L L R R L R L L L L R L L L R L L
