10000 2000 2000
1624
1211
1183
1939
559
1661
1956
811
1101
171
1010
154
433
143
1790
1326
582
420
1729
1650
1696
253
6
1546
1669
1906
1352
870
1098
687
837
486
53
1278
222
479
993
367
1510
940
581
1434
1507
431
1782
1879
1344
1900
1967
530
524
96
723
513
805
275
436
709
471
65
1693
829
224
271
665
1337
94
1983
1236
725
1889
1651
1623
1148
769
1036
395
361
647
1855
983
1969
322
242
988
651
1030
591
1050
1198
116
381
948
616
599
1775
729
838
1430
1607
1980
488
1583
148
192
1734
363
834
1318
663
1070
1518
1402
894
1903
1995
1558
226
1804
798
794
1810
603
1538
251
1746
550
82
69
506
1297
704
214
1951
1533
1397
650
1001
1122
182
1744
515
177
1253
924
1126
602
1401
1471
735
597
1228
1308
1185
500
1662
1703
425
1341
48
1125
509
1049
1840
1531
1885
1579
907
632
1442
469
424
1892
1351
1488
307
1027
1287
1340
1338
461
304
1399
1839
510
246
1733
927
326
1083
262
1819
1539
575
1774
76
1444
1477
996
728
1544
248
743
784
876
1739
891
1181
835
1428
432
696
365
27
564
971
1820
624
1799
1952
1358
821
560
437
606
1221
964
281
378
288
953
1704
1502
1349
1304
844
1786
1636
1514
211
1620
855
1633
1457
1853
207
529
74
1149
779
962
257
1300
1772
305
1449
1320
1310
466
1417
720
1705
879
1697
1622
759
678
383
518
1026
1950
1658
1617
854
1571
840
975
851
985
393
822
583
290
800
502
936
198
677
427
1665
225
1923
1216
945
1537
1089
293
131
439
33
430
701
1895
1568
1732
648
732
1753
1112
1382
1424
1170
656
296
145
1638
858
205
848
712
1247
1213
856
1256
1768
35
1511
1000
788
1550
25
1410
494
713
256
1288
447
1021
1594
1018
1369
1936
699
501
1758
1275
847
1765
899
1458
832
892
1702
343
1068
1242
1648
1335
1897
911
1204
1606
202
963
1709
944
1389
169
1580
1981
1505
1243
987
1279
289
1871
807
329
768
30
286
176
1485
903
1920
991
1076
974
934
1231
1024
13
818
1735
388
544
1699
1763
141
1412
1548
552
1681
249
1259
54
1111
1290
1525
1348
1847
99
237
1985
150
1801
103
539
1063
633
1993
1245
755
155
1301
1554
340
1255
1700
272
1901
863
629
776
19
537
1113
1182
556
1738
1609
1586
929
1742
481
426
965
42
1934
228
1978
859
772
1158
1977
50
749
1406
1563
1390
604
1032
1029
1065
1567
803
684
1692
396
1284
815
1845
923
23
1486
1324
1899
1426
751
594
1526
179
507
708
1991
1418
1365
1303
1869
601
1384
498
1921
1239
184
108
1064
1473
345
191
1612
1497
543
1054
801
1868
1020
1988
1177
1212
1484
861
954
1740
1201
97
15
1727
497
267
916
294
1997
1838
1573
1273
1614
1210
1363
1443
1431
1945
117
128
355
1110
1876
1055
81
278
368
415
438
893
1757
579
1836
566
1376
1667
1965
1311
1694
1998
1097
1476
1270
1206
1943
1668
390
38
1336
394
638
369
126
123
336
734
1721
127
745
1035
1088
142
1808
1105
1509
1380
1999
330
1783
12
1523
1008
1218
685
266
460
1391
887
1645
250
849
319
816
567
1856
1086
125
1059
291
578
41
1630
901
1986
520
1619
1572
1099
36
1581
119
836
1520
1909
902
70
1366
668
139
1524
45
1719
1272
689
777
456
853
20
241
1914
1773
1712
1174
586
1281
187
1234
1747
920
1565
1387
1797
1283
841
1073
619
1918
1436
1254
949
455
587
744
1731
1467
1465
309
1093
1675
212
812
283
1343
1759
303
346
1960
412
1453
967
1657
1779
1701
612
157
1578
1884
1432
813
1751
234
585
615
1392
1828
1841
697
623
221
172
1752
714
414
1677
401
1873
265
389
693
201
783
75
933
356
1848
823
1267
111
877
162
1176
1982
577
669
1711
204
1037
1138
1632
263
1264
1118
1263
1235
416
219
1996
313
739
1750
1106
657
1002
480
371
1823
1745
1298
1789
1522
78
112
254
674
1312
164
576
1250
1095
1191
348
223
209
553
1846
930
493
1682
276
780
890
57
1854
561
496
1057
1454
1187
1440
1400
261
1756
166
325
946
875
1984
719
947
881
1015
748
694
600
787
1672
1595
1023
440
1861
1684
883
519
338
1056
359
722
216
1964
659
1778
215
868
1309
746
781
1691
1066
830
1781
532
490
866
1109
1168
380
492
138
489
1506
786
826
1334
1291
1822
1356
1172
1517
444
1882
159
1084
628
1748
462
1322
244
1955
1361
1666
1329
1770
1383
895
1599
1830
1404
1209
980
385
1033
1330
1754
26
1325
17
750
1593
1087
1818
120
1487
1483
132
1829
598
362
1266
1489
1787
1938
753
1959
2
867
273
511
1560
3
46
1161
1659
1717
1071
869
1367
662
718
1966
1796
679
1357
1631
140
1519
1178
620
1724
1589
1375
1917
908
1217
710
611
686
1664
1725
1646
981
503
1603
994
1894
1910
44
1499
158
419
1207
468
1516
357
1610
295
1219
1893
230
318
1141
199
808
1162
1130
229
1764
1587
1451
370
913
1475
1248
183
626
61
833
1498
1090
1022
1269
573
1466
168
1492
89
531
1180
1777
1857
917
590
1167
613
1737
1396
1785
1327
1663
1013
955
1408
637
528
1474
716
995
470
443
1195
1947
397
170
1354
64
1821
1816
557
596
1265
1323
463
523
1159
448
1710
1153
62
1136
790
285
1844
360
1433
1556
897
649
327
459
1591
885
160
618
976
260
1707
1117
1370
1257
1653
306
1929
1570
538
775
797
1963
562
165
1381
1687
1849
1833
1414
1957
1621
705
1179
1274
1252
458
1683
1629
1429
695
386
922
247
299
324
825
1142
1058
71
959
1306
453
1974
931
928
274
1438
1196
332
1652
1503
754
398
1246
926
1012
1119
39
122
124
1598
1527
1626
1241
323
1958
1145
487
1604
1989
676
1541
1788
373
1192
1373
245
1875
1872
1536
1590
1530
1437
1755
1152
793
536
1075
666
21
347
1222
392
1948
724
1597
1968
1173
382
1060
316
610
1038
1077
1078
1582
1416
1394
269
110
935
1205
1462
95
842
18
1415
1004
1208
7
702
939
1347
1074
259
341
193
1994
1814
67
937
43
465
1307
516
1460
956
73
905
827
314
37
1448
1333
1048
1342
1834
11
1345
1611
882
1019
298
189
643
417
1852
1695
571
795
796
1025
1482
740
1108
1635
1615
514
1924
1045
889
1564
1072
1299
661
358
721
337
1867
1067
240
1091
133
485
989
331
671
919
1197
210
1805
1831
115
1371
161
1144
752
1680
1671
1809
873
2000
308
351
217
352
1378
31
300
185
1411
1441
32
376
1975
1313
1127
255
886
102
970
90
760
568
767
609
1962
428
239
1870
1843
1990
1973
1224
315
153
1085
1922
1166
682
1115
1227
534
504
1420
943
1608
1169
1549
563
1339
972
810
1379
252
1331
1792
872
1107
1157
621
1190
364
1062
113
1716
1601
1069
24
1931
1319
906
688
625
101
375
181
442
921
1332
1881
900
785
1194
1749
1114
464
1588
1723
1240
850
129
1874
1953
227
1640
652
932
1698
1878
1251
627
1372
658
1193
1163
1596
941
1374
173
1016
574
475
1268
1165
898
1226
1385
535
1600
445
473
196
757
631
880
548
817
986
476
1807
1863
146
765
1690
1007
354
1791
860
958
353
454
1305
1944
1543
1360
1769
1472
874
84
1811
1806
1422
66
512
774
317
449
542
147
990
1184
321
843
277
10
1261
1888
1654
387
828
85
614
1353
1470
1407
910
572
1478
1911
526
1386
1262
1175
450
233
966
1584
551
1728
135
646
715
451
1561
1128
1395
1285
349
311
1368
1535
1641
83
1156
555
1794
1776
1976
1926
344
541
942
1092
1200
1094
1289
1463
1104
137
491
918
1949
1642
243
951
406
399
1521
180
429
852
1435
1679
1851
1186
741
764
1237
279
1613
151
636
608
130
1155
761
660
1927
268
1992
758
1670
374
736
857
1225
642
1942
88
1913
1
1987
16
282
1532
47
194
1003
641
984
1034
1907
1496
107
1688
1935
1140
49
1798
1151
1605
100
1714
1081
178
1116
1215
1123
1644
422
1886
691
593
1639
1493
1685
1919
683
1377
1937
51
1803
104
1602
483
1350
1249
1244
820
791
302
1133
384
258
782
1618
654
773
1124
1452
93
1490
1908
452
1500
778
1494
200
1302
206
692
698
1043
1017
1720
1566
208
1096
569
707
134
60
413
1552
1393
771
1421
640
402
1890
588
1203
9
1905
1898
979
1362
505
957
1971
634
1260
1529
56
1501
188
1979
1887
1961
1317
366
1039
1405
8
1689
1916
1314
1865
1014
915
1649
1129
680
441
664
690
1660
1189
1232
667
342
1551
1771
72
737
1134
1040
106
1674
5
1513
982
301
175
549
1678
809
79
1419
156
1479
478
1616
1439
1555
1656
804
335
1545
1292
1011
1842
1450
766
1933
673
1815
1154
1515
1102
912
105
1708
726
1103
622
1080
418
1143
605
484
1817
1686
1131
1188
950
799
969
499
1006
118
595
1726
434
584
1722
1562
411
904
34
421
472
706
152
1295
423
770
1795
525
144
1557
1413
1041
635
163
1164
1760
1891
232
1202
312
1282
1896
377
405
114
1171
482
1315
747
1296
474
792
400
186
284
1028
59
1528
1912
1825
554
1812
1941
973
871
213
1647
1718
1120
1046
831
864
1766
403
333
802
533
1258
1862
350
1061
1547
1559
1469
1800
999
565
409
1238
495
121
1423
1455
1655
1780
998
938
1042
978
86
731
1577
58
270
1743
1398
1883
1553
703
1542
149
1495
1150
653
1427
1741
909
1328
1135
952
1835
1585
1946
435
1832
756
1346
1456
545
1364
1121
1009
1534
1715
1713
1052
220
670
477
1480
292
1802
1491
264
1837
1286
592
675
167
607
1637
824
1940
1730
136
1625
29
1575
467
1139
287
310
1925
558
1860
238
203
762
22
1827
925
231
80
1627
1824
63
1673
77
1276
730
1293
839
1813
977
1761
914
320
789
862
1904
1574
845
865
1459
1229
570
630
446
960
1223
717
1044
14
457
1592
87
1160
968
521
1864
878
711
1005
617
1146
1047
888
408
68
517
763
1850
1468
1930
1031
1762
1230
522
91
1100
1233
28
339
197
218
1866
280
109
1826
589
1736
92
846
997
896
655
1932
372
1784
681
1793
1915
55
1576
1388
580
806
1445
410
334
1403
1643
174
1569
527
1316
1051
1676
379
1425
1147
738
391
1880
1902
992
884
190
1321
1079
819
1082
672
1628
297
1271
1706
235
1970
1954
814
98
1214
1446
1877
1280
700
1464
547
1220
1928
40
645
742
407
1540
961
1409
1634
1508
52
1132
404
1481
1199
733
1512
1858
1767
644
1504
727
508
1461
1359
546
195
4
1294
639
1355
328
540
1277
236
1972
1137
1053
1859
1447
1002
9794
681
1343
8732
1248
9881
8423
1144
1224
9408
1158
9435
826
3766
510
1634
8803
8222
571
9910
1155
1583
4252
7958
1169
2365
5785
8418
768
1238
478
1931
565
75
8842
113
9418
1180
7903
8813
685
1866
8605
1304
8785
1500
8089
349
9155
9077
2025
1506
8067
8646
2188
9174
1263
948
1590
1339
4697
9824
4325
415
5817
275
3548
706
1676
935
1370
1688
6104
2132
922
979
8462
9140
1400
304
1809
1292
7240
1472
1005
4701
939
1689
4478
2074
268
1147
557
9171
9107
168
575
2378
8102
1218
1210
1803
8888
6854
9483
1146
1131
9465
1720
1667
1944
3291
1451
9425
8333
9170
4638
1799
9992
1692
625
8172
464
8575
104
9792
504
2102
335
282
254
9519
3924
183
24
1548
1402
8653
9020
8837
192
876
156
1864
617
543
1250
1760
983
796
27
1028
888
9660
9869
1989
9186
199
1318
2000
253
1040
9565
1256
739
8982
1069
6546
9895
8926
8163
1450
8223
214
1469
1820
833
977
2918
3806
4910
389
4093
1632
9601
1846
6865
9581
4368
9049
2926
8049
9276
9864
1426
9890
8676
1670
6398
1452
8008
3163
1561
400
4875
6037
4014
9785
9918
185
845
1584
4771
9656
1257
5844
1108
1836
9678
9851
865
1096
274
675
937
460
1537
105
435
795
4840
9326
1813
342
1702
924
423
875
2223
755
8892
1933
626
4111
1983
1352
8600
500
1742
8010
343
8225
390
9091
9162
581
915
1213
9521
616
307
9726
1475
437
1331
3858
391
295
1675
123
1794
1114
2077
426
9217
9137
1165
1088
1484
9908
1094
9384
1001
371
1283
1071
8755
9157
840
421
9242
9026
652
1503
3614
8491
8173
6366
603
9390
8197
230
6271
1958
8761
9562
8932
3429
5571
1619
5985
1665
994
8704
585
5079
1714
952
567
1035
176
1861
8891
9582
630
1570
1478
439
1716
1860
8713
9703
9125
9528
942
8096
7262
1006
709
103
6721
8845
98
12
9939
1030
1099
665
2303
9876
1918
1984
814
9166
4662
284
8118
1423
1553
8531
1951
238
20
1274
678
1551
815
1020
344
1940
289
3177
9067
1543
8875
841
1840
537
884
1244
4073
1501
9926
1156
3710
248
1785
7141
1384
1102
1316
1722
8366
1515
8056
5890
146
8927
1709
1034
1717
838
654
782
4722
9364
7242
8894
719
8445
918
635
8941
1355
8860
8533
130
6712
1909
1445
4787
932
1410
8978
8178
8550
1595
8595
8555
8440
2180
2265
312
152
5033
1776
968
255
8495
386
3407
9675
480
358
8829
8602
9066
1575
1819
35
9922
8666
8022
188
9115
8691
9472
9547
742
1327
6636
9498
9580
9201
8975
404
1588
316
1795
8076
1334
1306
9767
1777
887
5078
8035
1592
18
832
1934
2387
9466
8516
9941
9837
1754
1439
996
8799
9806
9090
1183
1042
9355
9717
3983
122
568
83
1061
4262
1235
8253
9839
836
4079
718
5185
902
8864
7940
4071
1085
1524
8285
1903
9760
563
9015
3500
1162
2071
6202
1053
1938
1297
8683
1907
9372
521
9807
1639
8627
9602
1494
9197
3208
4742
9616
262
41
9775
9931
6793
1187
9400
762
9567
9313
8838
488
806
311
1986
8990
7647
1492
8677
4495
1761
8759
357
839
598
1253
785
988
1198
395
1724
1366
1744
9938
1862
8964
8467
1623
800
9310
8669
837
1520
1972
298
514
1889
1236
6374
1160
608
8037
816
1095
7344
9906
701
692
1547
8899
1425
399
8446
8780
9293
8081
2103
8029
8692
562
1631
1464
2629
6459
9486
6434
556
9909
1084
463
8983
194
4347
9787
3796
8655
9520
234
1725
1117
226
8858
8216
1246
6332
9815
9902
1171
1143
1556
716
5714
224
1810
1460
8159
1908
3203
62
9900
180
8139
239
7068
10000
1926
621
133
1629
5482
4938
1758
339
9482
149
8107
8558
1431
493
2182
8469
175
2764
7690
1009
5927
9648
8460
9561
8958
1278
4812
91
1855
8548
1103
9537
448
8411
1638
9059
9095
1075
4834
2521
1540
8801
6167
9502
280
1379
1405
1659
9823
8157
731
459
8538
1287
9415
401
8194
9659
9905
5076
2666
277
740
8688
4592
9633
8551
2421
8082
2111
823
1052
8339
570
1734
1168
609
717
688
9664
1881
499
6233
1502
8189
203
1621
1654
8263
1371
1721
9818
351
5559
8724
1607
6992
1897
1545
8778
8348
328
5179
1433
1200
1055
1523
1802
1582
434
85
8278
174
1157
403
964
1489
8030
1234
1858
8057
1387
590
1027
9549
3917
8039
1793
618
606
6891
8750
852
9838
535
834
1874
8296
6126
1718
1303
3339
7001
803
7684
4026
1893
9427
8685
281
8181
6654
1835
1641
111
9101
8707
5898
6346
8539
9797
9495
819
232
1434
941
544
8246
4610
5261
1421
9544
8184
345
33
4123
1050
9471
9218
67
3377
299
1757
594
8093
8547
1230
1746
9589
1126
9743
1753
247
1765
1344
160
976
297
1694
1662
576
677
1678
13
334
818
7400
1745
8420
2392
151
990
4508
162
173
1975
1432
553
2441
1038
2491
8659
7284
325
586
3128
206
265
1154
8136
1510
1271
1566
9768
7150
9831
916
1773
9708
362
8116
8099
9450
9354
8272
5166
1828
5245
8903
1272
9080
5087
6545
155
286
8304
1967
1375
1637
8774
153
1615
8766
1177
8522
9028
1859
1486
2065
8314
8727
1617
881
420
272
466
587
1191
1807
249
9043
1461
116
1293
3438
8158
9817
1199
1418
323
1535
1949
8697
8342
962
950
1232
1818
8904
1992
9882
5052
7238
1128
6784
9550
9262
8510
69
9397
1087
9541
690
9451
1625
1033
9771
1229
1959
1733
7424
1942
8633
90
1960
667
2038
2138
9121
8129
1242
8048
1511
1814
9695
1698
8507
1845
779
427
8639
9132
8175
1073
566
991
9070
1260
8300
9674
8776
1212
1680
8968
1900
406
6614
9417
1178
1120
1101
1032
6527
691
9862
8450
1228
930
6645
3400
3370
1277
202
9139
6452
3236
9790
9081
8369
8610
2420
770
34
2585
6252
9410
1602
8409
8950
9516
5849
538
4356
338
5099
9798
11
912
1997
9993
8772
6354
8640
9885
8863
8101
251
9490
8330
798
340
8457
3343
4182
1205
9577
8716
1013
4760
431
1241
8050
6438
1430
2641
9291
377
1868
9496
1076
8442
412
1412
8324
8611
1519
743
9716
1437
1643
891
686
1012
1299
5511
822
9500
778
8554
8909
1683
1608
8413
9694
8820
8240
8214
9396
707
1190
1729
1010
9673
405
699
623
8808
1671
1622
867
356
750
3943
633
642
2663
1056
1759
5726
190
9006
3589
1351
8674
1905
8870
14
1121
1674
1572
6882
7177
6281
4219
1521
584
3352
9040
7584
7798
1847
1649
28
9064
1024
7510
6316
6095
8086
1417
1385
74
8681
1953
3568
4312
752
1808
925
337
9557
264
8619
9569
9592
7272
9416
7316
1298
4074
6311
1320
3398
244
9579
1774
6960
9003
1403
9615
8840
9034
8693
9106
454
1455
8835
381
593
2082
1367
1737
9099
3987
8887
828
4060
8400
9598
1788
9576
1420
580
30
4882
972
1525
8621
1201
207
1715
6948
9578
1353
8735
336
764
1317
5265
6873
1976
8487
1581
2046
6672
7749
1943
465
292
7395
8800
29
9512
2737
9228
1879
901
1262
1170
1239
6249
9756
489
9065
1226
1215
641
9429
914
1118
1987
290
9338
8648
9178
1063
9710
1977
1771
1529
8176
9949
982
9371
8171
8308
644
1704
9638
9600
1956
1444
4402
8323
8900
780
1693
9151
7377
9643
43
3075
9419
934
5746
9975
9442
9394
1552
984
6933
1463
9315
3958
8232
9053
3617
106
8585
5194
7700
6196
8765
1924
3634
2191
8529
4042
1610
5795
9168
9960
809
5951
599
8569
3971
1243
5711
79
8670
8581
1936
5579
1280
3841
4157
1356
114
201
776
2845
8014
1140
970
9230
5807
144
4328
735
1728
1856
917
9312
1917
2261
5236
1221
8466
8518
6974
1163
132
8512
900
1679
9553
1723
1111
754
5326
1863
8779
1695
3388
722
9290
5580
1811
167
142
8738
8768
6713
7641
1711
529
354
147
7028
1991
9270
3421
1999
8583
6407
6369
857
376
8977
1690
1045
9980
765
5336
4868
9404
869
107
9887
5970
9426
9330
6607
7024
1731
1892
205
1270
8131
6871
1549
8886
1784
605
56
8965
8187
1782
8806
1614
2041
1770
216
5025
8283
6820
546
1498
3154
9711
931
438
620
397
8455
1023
1328
9865
9619
1873
346
9405
6125
9996
5423
9770
1377
1756
8920
1240
6206
44
1135
906
9339
1601
384
2776
93
873
6590
1284
9501
8085
1407
9884
7575
9574
1189
1395
9863
76
1046
4396
1493
7565
1852
5172
8235
5243
9256
1508
5258
9801
5412
1319
165
8453
9974
5623
2595
1857
7183
936
6357
158
550
6563
8867
8417
9962
228
8832
9715
9912
1530
8425
1914
8790
7503
1066
9164
1413
302
8361
8489
2154
3457
8520
476
6694
1513
1672
140
8058
42
9302
810
8939
5320
9842
8301
738
6971
1288
8313
533
327
418
9266
1565
9453
8517
221
1149
1086
1901
8191
7160
3642
3646
9365
9100
263
6524
1474
5234
1116
812
825
378
7928
2576
8372
4976
2346
595
3196
985
6735
9623
1555
9634
8221
182
4104
596
920
9879
8402
9676
212
4859
7918
1550
1341
9437
8279
8574
1888
1921
1542
604
610
1091
619
7825
7552
4129
613
9709
8599
8007
7569
9970
319
1211
1504
1660
2189
136
1092
7210
697
3156
5204
1705
9641
561
446
9847
9058
9478
7073
9899
1018
2625
1447
9627
8997
4676
8504
8344
7646
9012
1446
317
8257
1580
1134
1526
612
554
1499
2972
4164
1812
1369
170
1070
9344
8383
1136
9167
8836
689
8625
8091
1380
9200
166
9286
5444
3627
9494
1313
1834
8303
1571
1064
9773
797
1481
479
9898
827
1354
1726
1599
1378
5501
9836
949
8715
3941
8018
9687
369
872
23
9948
8736
1736
119
6431
9184
1245
6578
1193
5738
9216
4721
8645
1454
8871
1477
9814
3301
4548
9108
1642
518
1159
8289
8436
1291
9613
1685
7766
4203
3102
1830
909
8293
8616
5047
4706
8490
9735
3822
1314
1653
8302
84
9556
9637
1876
3651
9560
1748
1011
1763
8164
1338
1791
693
1751
1878
6910
558
3311
441
4628
1606
333
7061
8502
3549
5316
8979
7021
40
5947
1939
1495
3499
1883
8166
7330
8821
1025
4397
5840
8040
791
6708
8626
8945
9407
9251
481
2902
5198
1673
1182
8109
1646
866
9696
8805
1192
3751
8818
3591
6144
1964
172
8865
8638
8422
9961
9152
632
9324
849
8069
5806
8834
1906
1476
1778
1089
2919
9872
8770
1083
9538
388
8186
3258
6408
1916
6649
4167
4193
896
6020
5110
8895
8513
4843
8027
8503
1186
9378
8277
7410
749
772
100
8857
794
4030
9503
6843
1732
3249
583
3981
2588
9834
246
1473
9264
973
15
1197
8349
9513
159
4076
1195
1079
189
1342
1979
9476
9772
1482
1827
8828
1650
236
1044
526
243
5427
9023
8542
9692
5407
8948
2888
8395
8940
8179
7107
9297
3281
1932
804
242
6021
9937
8788
9966
1259
601
414
1065
1775
8946
7408
1651
2955
7117
7136
6815
8133
9272
245
322
8737
8628
5339
457
9443
6098
913
8432
1661
1796
1885
6917
9796
2996
9754
6530
682
1749
355
2550
9082
2272
6508
8416
1821
6478
904
8198
1436
7993
8059
7772
2671
6246
1966
1345
8326
8919
9226
8665
5976
9685
8769
1322
9209
8568
9402
9671
1618
1831
375
2906
7
1568
8591
8804
9024
293
7882
1739
1110
1920
8608
8169
8876
366
7518
8877
125
1577
645
