9 11
6 5
11.1 20.1 29.1 28.1 27.1 26.1 27.1 28.1 29.1 20.1 25.1
20.2 29.2 28.2 27.2 26.2 25.2 26.2 27.2 99.9 99.9 30.2
29.3 28.3 27.3 26.3 25.3 24.3 25.3 26.3 99.9 30.3 35.3
28.4 27.4 26.4 25.4 24.4 23.4 24.4 99.9 99.9 35.4 40.4
27.5 26.5 25.5 24.5 23.5 22.5 23.5 99.9 35.5 40.5 45.5
18.6 17.6 99.9 99.9 22.6 21.6 99.6 99.9 40.6 45.6 50.6
10.7 55.7 60.7 99.9 99.9 20.7 99.7 40.7 45.7 50.7 55.7
15.8 50.8 45.8 40.8 99.9 99.9 99.8 45.8 50.8 55.8 60.8
20.9 25.9 30.9 35.9 99.9 99.9 45.9 50.9 55.9 60.9 65.9
