4634 633 636
1 80
1 81
2 79
2 80
3 78
4 77
5 76
6 75
7 73
7 74
8 72
8 73
9 71
9 72
10 70
10 71
11 69
12 68
13 67
14 66
15 65
16 64
17 62
17 63
18 61
18 62
19 60
19 61
20 59
20 60
21 58
21 59
22 57
22 58
23 56
23 57
24 55
24 56
25 54
26 53
27 52
28 51
29 50
30 49
31 48
32 47
33 46
34 45
35 44
36 43
37 42
38 41
39 40
40 39
41 38
42 37
43 36
44 35
45 34
46 33
47 32
48 31
49 30
50 29
51 28
52 27
53 26
53 27
54 25
54 26
55 24
55 25
56 23
56 24
57 22
57 23
58 21
58 22
59 20
59 21
60 20
61 19
62 18
63 17
64 16
65 15
66 14
67 13
68 12
68 13
69 11
69 12
70 10
70 11
71 10
72 9
73 8
74 7
75 6
76 5
77 4
77 5
78 3
78 4
79 2
79 3
80 2
81 1
172 606
172 607
172 608
172 609
172 610
172 611
172 612
172 613
172 614
172 615
172 616
172 617
172 618
172 619
172 620
172 621
172 622
172 623
172 624
172 625
172 626
172 627
172 628
172 629
172 630
172 631
172 632
172 633
172 634
172 635
172 636
172 637
172 638
172 639
172 640
172 641
172 642
172 643
172 644
172 645
172 646
172 647
172 648
172 649
172 650
172 651
172 652
172 653
172 654
172 655
172 656
172 657
172 658
172 659
172 660
172 661
172 662
172 663
172 664
172 665
172 666
173 594
173 595
173 596
173 597
173 598
173 599
173 600
173 601
173 602
173 603
173 604
173 605
173 667
173 668
173 669
173 670
173 671
173 672
173 673
173 674
173 675
173 676
173 677
173 678
174 584
174 585
174 586
174 587
174 588
174 589
174 590
174 591
174 592
174 593
174 679
174 680
174 681
174 682
174 683
174 684
174 685
174 686
174 687
174 688
175 576
175 577
175 578
175 579
175 580
175 581
175 582
175 583
175 689
175 690
175 691
175 692
175 693
175 694
175 695
175 696
176 569
176 570
176 571
176 572
176 573
176 574
176 575
176 697
176 698
176 699
176 700
176 701
176 702
176 703
177 562
177 563
177 564
177 565
177 566
177 567
177 568
177 704
177 705
177 706
177 707
177 708
177 709
177 710
178 556
178 557
178 558
178 559
178 560
178 561
178 711
178 712
178 713
178 714
178 715
178 716
179 551
179 552
179 553
179 554
179 555
179 717
179 718
179 719
179 720
179 721
180 546
180 547
180 548
180 549
180 550
180 722
180 723
180 724
180 725
180 726
181 541
181 542
181 543
181 544
181 545
181 727
181 728
181 729
181 730
181 731
182 536
182 537
182 538
182 539
182 540
182 732
182 733
182 734
182 735
182 736
183 532
183 533
183 534
183 535
183 737
183 738
183 739
183 740
184 528
184 529
184 530
184 531
184 741
184 742
184 743
184 744
185 524
185 525
185 526
185 527
185 745
185 746
185 747
185 748
186 520
186 521
186 522
186 523
186 749
186 750
186 751
186 752
187 516
187 517
187 518
187 519
187 753
187 754
187 755
187 756
188 512
188 513
188 514
188 515
188 757
188 758
188 759
188 760
189 509
189 510
189 511
189 761
189 762
189 763
190 505
190 506
190 507
190 508
190 764
190 765
190 766
190 767
191 502
191 503
191 504
191 505
191 767
191 768
191 769
191 770
192 499
192 500
192 501
192 771
192 772
192 773
193 496
193 497
193 498
193 774
193 775
193 776
194 493
194 494
194 495
194 777
194 778
194 779
195 490
195 491
195 492
195 780
195 781
195 782
196 487
196 488
196 489
196 783
196 784
196 785
197 484
197 485
197 486
197 786
197 787
197 788
198 481
198 482
198 483
198 789
198 790
198 791
199 478
199 479
199 480
199 792
199 793
199 794
200 475
200 476
200 477
200 795
200 796
200 797
201 473
201 474
201 475
201 797
201 798
201 799
202 470
202 471
202 472
202 800
202 801
202 802
203 468
203 469
203 803
203 804
204 465
204 466
204 467
204 805
204 806
204 807
205 463
205 464
205 808
205 809
206 460
206 461
206 462
206 810
206 811
206 812
207 458
207 459
207 813
207 814
208 455
208 456
208 457
208 815
208 816
208 817
209 453
209 454
209 455
209 817
209 818
209 819
210 451
210 452
210 820
210 821
211 448
211 449
211 450
211 822
211 823
211 824
212 446
212 447
212 448
212 607
212 608
212 609
212 610
212 611
212 612
212 613
212 614
212 615
212 616
212 617
212 618
212 619
212 620
212 621
212 622
212 623
212 624
212 625
212 626
212 627
212 628
212 629
212 630
212 631
212 632
212 633
212 634
212 635
212 636
212 637
212 638
212 639
212 640
212 641
212 642
212 643
212 644
212 645
212 646
212 647
212 648
212 649
212 650
212 651
212 652
212 653
212 654
212 655
212 656
212 657
212 658
212 659
212 660
212 661
212 662
212 663
212 664
212 665
212 824
212 825
212 826
213 444
213 445
213 595
213 596
213 597
213 598
213 599
213 600
213 601
213 602
213 603
213 604
213 605
213 606
213 607
213 665
213 666
213 667
213 668
213 669
213 670
213 671
213 672
213 673
213 674
213 675
213 676
213 677
213 827
213 828
214 442
214 443
214 586
214 587
214 588
214 589
214 590
214 591
214 592
214 593
214 594
214 595
214 677
214 678
214 679
214 680
214 681
214 682
214 683
214 684
214 685
214 686
214 829
214 830
215 440
215 441
215 579
215 580
215 581
215 582
215 583
215 584
215 585
215 687
215 688
215 689
215 690
215 691
215 692
215 693
215 831
215 832
216 438
216 439
216 572
216 573
216 574
216 575
216 576
216 577
216 578
216 694
216 695
216 696
216 697
216 698
216 699
216 700
216 833
216 834
217 436
217 437
217 566
217 567
217 568
217 569
217 570
217 571
217 701
217 702
217 703
217 704
217 705
217 706
217 835
217 836
218 433
218 434
218 435
218 560
218 561
218 562
218 563
218 564
218 565
218 707
218 708
218 709
218 710
218 711
218 712
218 837
218 838
218 839
219 431
219 432
219 433
219 555
219 556
219 557
219 558
219 559
219 713
219 714
219 715
219 716
219 717
219 839
219 840
219 841
220 429
220 430
220 431
220 550
220 551
220 552
220 553
220 554
220 718
220 719
220 720
220 721
220 722
220 841
220 842
220 843
221 427
221 428
221 429
221 545
221 546
221 547
221 548
221 549
221 723
221 724
221 725
221 726
221 727
221 843
221 844
221 845
222 425
222 426
222 427
222 541
222 542
222 543
222 544
222 728
222 729
222 730
222 731
222 845
222 846
222 847
223 424
223 425
223 537
223 538
223 539
223 540
223 732
223 733
223 734
223 735
223 847
223 848
224 422
224 423
224 533
224 534
224 535
224 536
224 736
224 737
224 738
224 739
224 849
224 850
225 420
225 421
225 529
225 530
225 531
225 532
225 740
225 741
225 742
225 743
225 851
225 852
226 418
226 419
226 525
226 526
226 527
226 528
226 744
226 745
226 746
226 747
226 853
226 854
227 416
227 417
227 521
227 522
227 523
227 524
227 748
227 749
227 750
227 751
227 855
227 856
228 414
228 415
228 518
228 519
228 520
228 521
228 751
228 752
228 753
228 754
228 857
228 858
229 412
229 413
229 515
229 516
229 517
229 755
229 756
229 757
229 859
229 860
230 411
230 412
230 511
230 512
230 513
230 514
230 758
230 759
230 760
230 761
230 860
230 861
231 409
231 410
231 508
231 509
231 510
231 762
231 763
231 764
231 862
231 863
232 407
232 408
232 505
232 506
232 507
232 765
232 766
232 767
232 864
232 865
233 405
233 406
233 502
233 503
233 504
233 768
233 769
233 770
233 866
233 867
234 404
234 405
234 499
234 500
234 501
234 771
234 772
234 773
234 867
234 868
235 402
235 403
235 496
235 497
235 498
235 774
235 775
235 776
235 869
235 870
236 400
236 401
236 493
236 494
236 495
236 777
236 778
236 779
236 871
236 872
237 399
237 491
237 492
237 493
237 779
237 780
237 781
237 873
238 397
238 398
238 488
238 489
238 490
238 782
238 783
238 784
238 874
238 875
239 395
239 396
239 485
239 486
239 487
239 785
239 786
239 787
239 876
239 877
240 394
240 395
240 483
240 484
240 485
240 787
240 788
240 789
240 877
240 878
241 392
241 393
241 480
241 481
241 482
241 790
241 791
241 792
241 879
241 880
242 390
242 391
242 478
242 479
242 793
242 794
242 881
242 882
243 389
243 390
243 475
243 476
243 477
243 795
243 796
243 797
243 882
243 883
244 387
244 388
244 473
244 474
244 475
244 797
244 798
244 799
244 884
244 885
245 386
245 387
245 471
245 472
245 800
245 801
245 885
245 886
246 384
246 385
246 468
246 469
246 470
246 802
246 803
246 804
246 887
246 888
247 383
247 466
247 467
247 805
247 806
247 889
248 381
248 382
248 464
248 465
248 807
248 808
248 890
248 891
249 380
249 461
249 462
249 463
249 809
249 810
249 811
249 892
250 378
250 379
250 459
250 460
250 461
250 811
250 812
250 813
250 893
250 894
251 377
251 457
251 458
251 459
251 813
251 814
251 815
251 895
252 375
252 376
252 455
252 456
252 816
252 817
252 896
252 897
253 374
253 375
253 453
253 454
253 818
253 819
253 897
253 898
254 372
254 373
254 451
254 452
254 820
254 821
254 899
254 900
255 371
255 372
255 449
255 450
255 822
255 823
255 900
255 901
256 369
256 370
256 447
256 448
256 824
256 825
256 902
256 903
257 368
257 369
257 445
257 446
257 826
257 827
257 903
257 904
258 367
258 443
258 444
258 828
258 829
258 905
259 365
259 366
259 441
259 442
259 830
259 831
259 906
259 907
260 364
260 365
260 439
260 440
260 832
260 833
260 907
260 908
261 363
261 437
261 438
261 834
261 835
261 909
262 361
262 362
262 435
262 436
262 437
262 835
262 836
262 837
262 910
262 911
263 360
263 361
263 434
263 435
263 837
263 838
263 911
263 912
264 359
264 432
264 433
264 839
264 840
264 913
265 357
265 358
265 430
265 431
265 841
265 842
265 914
265 915
266 356
266 357
266 428
266 429
266 843
266 844
266 915
266 916
267 355
267 426
267 427
267 845
267 846
267 917
268 353
268 354
268 425
268 426
268 846
268 847
268 918
268 919
269 352
269 353
269 423
269 424
269 848
269 849
269 919
269 920
270 351
270 421
270 422
270 850
270 851
270 921
271 349
271 350
271 420
271 421
271 851
271 852
271 922
271 923
272 348
272 349
272 418
272 419
272 853
272 854
272 923
272 924
273 347
273 348
273 416
273 417
273 855
273 856
273 924
273 925
274 346
274 415
274 416
274 856
274 857
274 926
275 344
275 345
275 413
275 414
275 858
275 859
275 927
275 928
276 343
276 344
276 411
276 412
276 860
276 861
276 928
276 929
277 342
277 343
277 410
277 411
277 861
277 862
277 929
277 930
278 341
278 408
278 409
278 863
278 864
278 931
279 340
279 407
279 408
279 864
279 865
279 932
280 338
280 339
280 405
280 406
280 866
280 867
280 933
280 934
281 337
281 338
281 404
281 405
281 867
281 868
281 934
281 935
282 336
282 337
282 402
282 403
282 869
282 870
282 935
282 936
283 335
283 401
283 402
283 870
283 871
283 937
284 334
284 399
284 400
284 872
284 873
284 938
285 333
285 398
285 399
285 873
285 874
285 939
286 331
286 332
286 396
286 397
286 875
286 876
286 940
286 941
287 330
287 331
287 395
287 396
287 876
287 877
287 941
287 942
288 329
288 330
288 393
288 394
288 878
288 879
288 942
288 943
289 328
289 329
289 392
289 393
289 879
289 880
289 943
289 944
290 327
290 391
290 881
290 945
291 326
291 389
291 390
291 882
291 883
291 946
292 325
292 388
292 389
292 883
292 884
292 947
293 324
293 387
293 885
293 948
294 323
294 385
294 386
294 886
294 887
294 949
295 322
295 384
295 385
295 887
295 888
295 950
296 320
296 321
296 383
296 889
296 951
296 952
297 319
297 320
297 381
297 382
297 890
297 891
297 952
297 953
298 318
298 319
298 380
298 381
298 891
298 892
298 953
298 954
299 317
299 318
299 379
299 893
299 954
299 955
300 316
300 317
300 377
300 378
300 894
300 895
300 955
300 956
301 315
301 316
301 376
301 377
301 895
301 896
301 956
301 957
302 314
302 315
302 375
302 897
302 957
302 958
303 313
303 314
303 373
303 374
303 898
303 899
303 958
303 959
304 312
304 313
304 372
304 373
304 899
304 900
304 959
304 960
305 311
305 312
305 371
305 372
305 900
305 901
305 960
305 961
306 310
306 311
306 370
306 902
306 961
306 962
307 309
307 310
307 369
307 903
307 962
307 963
308 308
308 309
308 367
308 368
308 904
308 905
308 963
308 964
309 307
309 308
309 366
309 367
309 905
309 906
309 964
309 965
310 306
310 307
310 365
310 907
310 965
310 966
311 305
311 306
311 364
311 908
311 966
311 967
312 304
312 305
312 363
312 909
312 967
312 968
313 303
313 304
313 361
313 362
313 910
313 911
313 968
313 969
314 302
314 303
314 360
314 361
314 911
314 912
314 969
314 970
315 301
315 302
315 359
315 360
315 912
315 913
315 970
315 971
316 300
316 301
316 358
316 914
316 971
316 972
317 299
317 300
317 357
317 915
317 972
317 973
318 299
318 356
318 916
318 973
319 298
319 355
319 917
319 974
320 297
320 353
320 354
320 918
320 919
320 975
321 296
321 352
321 353
321 919
321 920
321 976
322 295
322 351
322 352
322 920
322 921
322 977
323 294
323 350
323 351
323 921
323 922
323 978
324 293
324 349
324 350
324 922
324 923
324 979
325 292
325 348
325 924
325 980
326 291
326 292
326 347
326 925
326 980
326 981
327 290
327 291
327 346
327 926
327 981
327 982
328 289
328 290
328 345
328 927
328 982
328 983
329 289
329 344
329 928
329 983
330 288
330 343
330 929
330 984
331 287
331 342
331 930
331 985
332 286
332 341
332 931
332 986
333 285
333 340
333 932
333 987
334 284
334 285
334 339
334 933
334 987
334 988
335 283
335 284
335 338
335 934
335 988
335 989
336 283
336 337
336 935
336 989
337 282
337 336
337 936
337 990
338 281
338 335
338 937
338 991
339 280
339 334
339 938
339 992
340 279
340 280
340 333
340 939
340 992
340 993
341 278
341 279
341 332
341 940
341 993
341 994
342 278
342 331
342 941
342 994
343 277
343 330
343 942
343 995
344 276
344 329
344 943
344 996
345 275
345 276
345 328
345 944
345 996
345 997
346 274
346 275
346 327
346 945
346 997
346 998
347 274
347 326
347 327
347 945
347 946
347 998
348 273
348 325
348 326
348 946
348 947
348 999
349 272
349 324
349 325
349 947
349 948
349 1000
350 271
350 272
350 323
350 324
350 948
350 949
350 1000
351 271
351 323
351 949
352 270
352 322
352 950
353 269
353 321
353 951
354 268
354 269
354 320
354 952
355 268
355 319
355 953
356 267
356 318
356 954
357 266
357 317
357 318
357 954
357 955
358 265
358 266
358 316
358 317
358 955
358 956
359 265
359 316
359 956
360 264
360 315
360 957
361 263
361 314
361 958
362 262
362 263
362 313
362 959
363 262
363 312
363 960
364 261
364 311
364 312
364 960
364 961
365 260
365 311
365 961
366 259
366 260
366 310
366 962
367 259
367 309
367 963
368 258
368 308
368 964
369 257
369 258
369 307
369 308
369 964
369 965
370 257
370 306
370 307
370 965
370 966
371 256
371 306
371 966
372 255
372 256
372 305
372 967
373 255
373 304
373 968
374 254
374 303
374 304
374 968
374 969
375 253
375 303
375 969
376 253
376 302
376 970
377 252
377 301
377 971
378 251
378 300
378 301
378 971
378 972
379 251
379 300
379 972
380 250
380 299
380 973
381 249
381 298
381 974
382 249
382 297
382 298
382 974
382 975
383 248
383 297
383 975
384 247
384 248
384 296
384 976
385 247
385 295
385 977
386 246
386 294
386 295
386 977
386 978
387 245
387 246
387 294
387 978
388 245
388 293
388 979
389 244
389 292
389 980
390 244
390 291
390 292
390 980
390 981
391 243
391 291
391 981
392 242
392 243
392 290
392 982
393 242
393 289
393 290
393 982
393 983
394 241
394 289
394 983
395 241
395 288
395 984
396 240
396 287
396 288
396 984
396 985
397 239
397 287
397 985
398 239
398 286
398 986
399 238
399 285
399 286
399 986
399 987
400 238
400 285
400 987
401 237
401 284
401 988
402 236
402 237
402 283
402 284
402 988
402 989
403 236
403 283
403 989
404 235
404 282
404 990
405 235
405 281
405 282
405 990
405 991
406 234
406 281
406 991
407 234
407 280
407 992
408 233
408 279
408 280
408 992
408 993
409 232
409 233
409 279
409 993
410 232
410 278
410 994
411 231
411 278
411 994
412 231
412 277
412 995
413 230
413 276
413 277
413 995
413 996
414 230
414 276
414 996
415 229
415 275
415 997
416 229
416 275
416 997
417 228
417 274
417 998
418 228
418 273
418 274
418 998
418 999
419 227
419 273
419 999
420 227
420 272
420 1000
421 226
421 272
421 1000
422 225
422 226
422 271
423 225
423 270
423 271
424 224
424 225
424 270
425 224
425 269
426 223
426 224
426 269
427 223
427 268
428 222
428 223
428 268
429 222
429 267
430 221
430 222
430 267
431 221
431 266
432 221
432 265
432 266
433 220
433 265
434 220
434 264
434 265
435 219
435 264
436 219
436 263
437 218
437 263
438 218
438 262
439 217
439 262
440 217
440 261
441 216
441 261
442 216
442 260
443 215
443 260
444 215
444 259
445 214
445 215
445 259
446 214
446 258
447 214
447 258
448 213
448 257
449 213
449 257
450 212
450 256
451 212
451 256
452 211
452 212
452 255
453 211
453 255
454 211
454 254
455 210
455 254
456 210
456 253
456 254
457 209
457 253
458 209
458 252
458 253
459 209
459 252
460 208
460 252
461 208
461 251
462 207
462 251
463 207
463 250
464 207
464 250
465 206
465 249
465 618
465 619
465 620
465 621
465 622
465 623
465 624
465 625
465 626
465 627
465 628
465 629
465 630
465 631
465 632
465 633
465 634
465 635
465 636
465 637
465 638
465 639
465 640
465 641
465 642
465 643
465 644
465 645
465 646
465 647
465 648
465 649
465 650
465 651
465 652
465 653
465 654
466 206
466 249
466 611
466 612
466 613
466 614
466 615
466 616
466 617
466 655
466 656
466 657
466 658
466 659
466 660
466 661
467 205
467 249
467 605
467 606
467 607
467 608
467 609
467 610
467 662
467 663
467 664
467 665
467 666
467 667
468 205
468 248
468 600
468 601
468 602
468 603
468 604
468 668
468 669
468 670
468 671
468 672
469 205
469 248
469 596
469 597
469 598
469 599
469 673
469 674
469 675
469 676
470 204
470 247
470 592
470 593
470 594
470 595
470 677
470 678
470 679
470 680
471 204
471 247
471 588
471 589
471 590
471 591
471 681
471 682
471 683
471 684
472 203
472 204
472 246
472 247
472 585
472 586
472 587
472 588
472 684
472 685
472 686
472 687
473 203
473 246
473 582
473 583
473 584
473 688
473 689
473 690
474 203
474 246
474 579
474 580
474 581
474 691
474 692
474 693
475 202
475 245
475 577
475 578
475 694
475 695
476 202
476 245
476 574
476 575
476 576
476 696
476 697
476 698
477 202
477 244
477 572
477 573
477 699
477 700
478 201
478 244
478 569
478 570
478 571
478 701
478 702
478 703
479 201
479 244
479 567
479 568
479 704
479 705
480 201
480 243
480 565
480 566
480 706
480 707
481 200
481 243
481 563
481 564
481 708
481 709
482 200
482 242
482 243
482 561
482 562
482 710
482 711
483 200
483 242
483 559
483 560
483 712
483 713
484 199
484 242
484 557
484 558
484 714
484 715
485 199
485 241
485 555
485 556
485 716
485 717
486 199
486 241
486 553
486 554
486 718
486 719
487 198
487 241
487 551
487 552
487 720
487 721
488 198
488 240
488 550
488 551
488 721
488 722
489 198
489 240
489 548
489 549
489 723
489 724
490 197
490 239
490 240
490 546
490 547
490 725
490 726
491 197
491 239
491 545
491 546
491 726
491 727
492 197
492 239
492 543
492 544
492 728
492 729
493 196
493 238
493 542
493 543
493 729
493 730
494 196
494 238
494 540
494 541
494 731
494 732
495 196
495 238
495 539
495 540
495 732
495 733
496 195
496 237
496 538
496 734
497 195
497 237
497 536
497 537
497 735
497 736
498 195
498 237
498 535
498 536
498 736
498 737
499 194
499 236
499 534
499 738
500 194
500 236
500 532
500 533
500 739
500 740
501 194
501 236
501 531
501 532
501 740
501 741
502 193
502 194
502 235
502 530
502 742
503 193
503 235
503 529
503 743
504 193
504 235
504 527
504 528
504 744
504 745
505 193
505 234
505 526
505 527
505 745
505 746
506 192
506 234
506 525
506 526
506 746
506 747
507 192
507 234
507 524
507 748
508 192
508 233
508 523
508 749
509 191
509 233
509 522
509 750
510 191
510 233
510 521
510 751
511 191
511 233
511 520
511 752
512 191
512 232
512 519
512 753
513 190
513 232
513 518
513 754
514 190
514 232
514 517
514 755
515 190
515 231
515 516
515 756
516 190
516 231
516 515
516 757
517 189
517 231
517 514
517 758
518 189
518 230
518 231
518 513
518 759
519 189
519 230
519 512
519 760
520 189
520 230
520 511
520 761
521 188
521 230
521 510
521 762
522 188
522 229
522 509
522 763
523 188
523 229
523 508
523 509
523 763
523 764
524 188
524 229
524 507
524 508
524 764
524 765
525 187
525 229
525 507
525 765
526 187
526 228
526 506
526 766
527 187
527 228
527 505
527 767
528 187
528 228
528 504
528 768
529 186
529 228
529 503
529 504
529 768
529 769
530 186
530 227
530 503
530 769
531 186
531 227
531 502
531 770
532 186
532 227
532 501
532 771
533 185
533 227
533 500
533 501
533 771
533 772
534 185
534 226
534 500
534 772
535 185
535 226
535 499
535 773
536 185
536 226
536 498
536 774
537 185
537 226
537 497
537 498
537 774
537 775
538 184
538 225
538 497
538 775
539 184
539 225
539 496
539 776
540 184
540 225
540 495
540 496
540 776
540 777
541 184
541 225
541 495
541 777
542 184
542 224
542 494
542 778
543 183
543 224
543 493
543 494
543 778
543 779
544 183
544 224
544 493
544 779
545 183
545 224
545 492
545 780
546 183
546 224
546 492
546 780
547 183
547 223
547 491
547 781
548 182
548 223
548 490
548 491
548 781
548 782
549 182
549 223
549 490
549 782
550 182
550 223
550 489
550 783
551 182
551 223
551 489
551 783
552 182
552 222
552 488
552 784
553 181
553 222
553 488
553 784
554 181
554 222
554 487
554 785
555 181
555 222
555 487
555 785
556 181
556 222
556 486
556 786
557 181
557 221
557 486
557 786
558 181
558 221
558 485
558 787
559 180
559 221
559 485
559 787
560 180
560 221
560 484
560 788
561 180
561 221
561 484
561 788
562 180
562 221
562 483
562 789
563 180
563 220
563 483
563 789
564 180
564 220
564 482
564 790
565 180
565 220
565 482
565 790
566 179
566 220
566 481
566 791
567 179
567 220
567 481
567 791
568 179
568 220
568 481
568 791
569 179
569 219
569 480
569 792
570 179
570 219
570 480
570 792
571 179
571 219
571 479
571 793
572 179
572 219
572 479
572 793
573 178
573 219
573 479
573 793
574 178
574 219
574 478
574 794
575 178
575 219
575 478
575 794
576 178
576 218
576 477
576 795
577 178
577 218
577 477
577 795
578 178
578 218
578 477
578 795
579 178
579 218
579 476
579 796
580 178
580 218
580 476
580 796
581 177
581 218
581 476
581 796
582 177
582 218
582 475
582 797
583 177
583 217
583 475
583 797
584 177
584 217
584 475
584 797
585 177
585 217
585 474
585 475
585 797
585 798
586 177
586 217
586 474
586 798
587 177
587 217
587 474
587 798
588 177
588 217
588 474
588 798
589 177
589 217
589 473
589 799
590 177
590 217
590 473
590 799
591 176
591 217
591 473
591 799
592 176
592 216
592 217
592 473
592 799
593 176
593 216
593 472
593 800
594 176
594 216
594 472
594 800
595 176
595 216
595 472
595 800
596 176
596 216
596 472
596 800
597 176
597 216
597 471
597 801
598 176
598 216
598 471
598 801
599 176
599 216
599 471
599 801
600 176
600 216
600 471
600 801
601 176
601 216
601 471
601 801
602 176
602 216
602 470
602 802
603 175
603 216
603 470
603 802
604 175
604 215
604 216
604 470
604 802
605 175
605 215
605 470
605 802
606 175
606 215
606 470
606 802
607 175
607 215
607 470
607 802
608 175
608 215
608 469
608 803
609 175
609 215
609 469
609 803
610 175
610 215
610 469
610 803
611 175
611 215
611 469
611 803
612 175
612 215
612 469
612 803
613 175
613 215
613 469
613 803
614 175
614 215
614 469
614 803
615 175
615 215
615 468
615 804
616 175
616 215
616 468
616 804
617 175
617 215
617 468
617 804
618 175
618 215
618 468
618 804
619 175
619 215
619 468
619 804
620 175
620 215
620 468
620 804
621 175
621 215
621 468
621 804
622 175
622 215
622 468
622 804
623 175
623 215
623 468
623 804
624 175
624 215
624 468
624 804
625 175
625 215
625 468
625 804
626 175
626 215
626 468
626 804
627 175
627 215
627 468
627 804
628 175
628 215
628 468
628 804
629 175
629 215
629 468
629 804
630 175
630 215
630 468
630 804
631 175
631 215
631 468
631 804
632 175
632 215
632 468
632 804
633 175
633 215
633 468
633 804
634 175
634 215
634 468
634 804
635 175
635 215
635 468
635 804
636 175
636 215
636 468
636 804
637 175
637 215
637 468
637 804
638 175
638 215
638 468
638 804
639 175
639 215
639 468
639 804
640 175
640 215
640 468
640 804
641 175
641 215
641 468
641 804
642 175
642 215
642 468
642 804
643 175
643 215
643 468
643 804
644 175
644 215
644 468
644 804
645 175
645 215
645 468
645 804
646 175
646 215
646 468
646 804
647 175
647 215
647 468
647 804
648 175
648 215
648 468
648 804
649 175
649 215
649 468
649 804
650 175
650 215
650 468
650 804
651 175
651 215
651 468
651 804
652 175
652 215
652 469
652 803
653 175
653 215
653 469
653 803
654 175
654 215
654 469
654 803
655 175
655 215
655 469
655 803
656 175
656 215
656 469
656 803
657 175
657 215
657 469
657 803
658 175
658 215
658 469
658 803
659 175
659 215
659 470
659 802
660 175
660 215
660 470
660 802
661 175
661 215
661 470
661 802
662 175
662 215
662 216
662 470
662 802
663 175
663 216
663 470
663 802
664 176
664 216
664 470
664 802
665 176
665 216
665 471
665 801
666 176
666 216
666 471
666 801
667 176
667 216
667 471
667 801
668 176
668 216
668 471
668 801
669 176
669 216
669 471
669 801
670 176
670 216
670 472
670 800
671 176
671 216
671 472
671 800
672 176
672 216
672 472
672 800
673 176
673 216
673 472
673 800
674 176
674 216
674 217
674 473
674 799
675 176
675 217
675 473
675 799
676 177
676 217
676 473
676 799
677 177
677 217
677 473
677 799
678 177
678 217
678 474
678 798
679 177
679 217
679 474
679 798
680 177
680 217
680 474
680 798
681 177
681 217
681 474
681 475
681 797
681 798
682 177
682 217
682 475
682 797
683 177
683 217
683 475
683 797
684 177
684 218
684 475
684 797
685 177
685 218
685 476
685 796
686 178
686 218
686 476
686 796
687 178
687 218
687 476
687 796
688 178
688 218
688 477
688 795
689 178
689 218
689 477
689 795
690 178
690 218
690 477
690 795
691 178
691 219
691 478
691 794
692 178
692 219
692 478
692 794
693 178
693 219
693 479
693 793
694 179
694 219
694 479
694 793
695 179
695 219
695 479
695 793
696 179
696 219
696 480
696 792
697 179
697 219
697 480
697 792
698 179
698 220
698 481
698 791
699 179
699 220
699 481
699 791
700 179
700 220
700 481
700 791
701 180
701 220
701 482
701 790
702 180
702 220
702 482
702 790
703 180
703 220
703 483
703 789
704 180
704 221
704 483
704 789
705 180
705 221
705 484
705 788
706 180
706 221
706 484
706 788
707 180
707 221
707 485
707 787
708 181
708 221
708 485
708 787
709 181
709 221
709 486
709 786
710 181
710 222
710 486
710 786
711 181
711 222
711 487
711 785
712 181
712 222
712 487
712 785
713 181
713 222
713 488
713 784
714 182
714 222
714 488
714 784
715 182
715 223
715 489
715 783
716 182
716 223
716 489
716 783
717 182
717 223
717 490
717 782
718 182
718 223
718 490
718 491
718 781
718 782
719 183
719 223
719 491
719 781
720 183
720 224
720 492
720 780
721 183
721 224
721 492
721 780
722 183
722 224
722 493
722 779
723 183
723 224
723 493
723 494
723 778
723 779
724 184
724 224
724 494
724 778
725 184
725 225
725 495
725 777
726 184
726 225
726 495
726 496
726 776
726 777
727 184
727 225
727 496
727 776
728 184
728 225
728 497
728 775
729 185
729 226
729 497
729 498
729 774
729 775
730 185
730 226
730 498
730 774
731 185
731 226
731 499
731 773
732 185
732 226
732 500
732 772
733 185
733 227
733 500
733 501
733 771
733 772
734 186
734 227
734 501
734 771
735 186
735 227
735 502
735 770
736 186
736 227
736 503
736 769
737 186
737 228
737 503
737 504
737 768
737 769
738 187
738 228
738 504
738 768
739 187
739 228
739 505
739 767
740 187
740 228
740 506
740 766
741 187
741 229
741 507
741 765
742 188
742 229
742 507
742 508
742 764
742 765
743 188
743 229
743 508
743 509
743 763
743 764
744 188
744 229
744 509
744 763
745 188
745 230
745 510
745 762
746 189
746 230
746 511
746 761
747 189
747 230
747 512
747 760
748 189
748 230
748 231
748 513
748 759
749 189
749 231
749 514
749 758
750 190
750 231
750 515
750 757
751 190
751 231
751 516
751 756
752 190
752 232
752 517
752 755
753 190
753 232
753 518
753 754
754 191
754 232
754 519
754 753
755 191
755 233
755 520
755 752
756 191
756 233
756 521
756 751
757 191
757 233
757 522
757 750
758 192
758 233
758 523
758 749
759 192
759 234
759 524
759 748
760 192
760 234
760 525
760 526
760 746
760 747
761 193
761 234
761 526
761 527
761 745
761 746
762 193
762 235
762 527
762 528
762 744
762 745
763 193
763 235
763 529
763 743
764 193
764 194
764 235
764 530
764 742
765 194
765 236
765 531
765 532
765 740
765 741
766 194
766 236
766 532
766 533
766 739
766 740
767 194
767 236
767 534
767 738
768 195
768 237
768 535
768 536
768 736
768 737
769 195
769 237
769 536
769 537
769 735
769 736
770 195
770 237
770 538
770 734
771 196
771 238
771 539
771 540
771 732
771 733
772 196
772 238
772 540
772 541
772 731
772 732
773 196
773 238
773 542
773 543
773 729
773 730
774 197
774 239
774 543
774 544
774 728
774 729
775 197
775 239
775 545
775 546
775 726
775 727
776 197
776 239
776 240
776 546
776 547
776 725
776 726
777 198
777 240
777 548
777 549
777 723
777 724
778 198
778 240
778 550
778 551
778 721
778 722
779 198
779 241
779 551
779 552
779 720
779 721
780 199
780 241
780 553
780 554
780 718
780 719
781 199
781 241
781 555
781 556
781 716
781 717
782 199
782 242
782 557
782 558
782 714
782 715
783 200
783 242
783 559
783 560
783 712
783 713
784 200
784 242
784 243
784 561
784 562
784 710
784 711
785 200
785 243
785 563
785 564
785 708
785 709
786 201
786 243
786 565
786 566
786 706
786 707
787 201
787 244
787 567
787 568
787 704
787 705
788 201
788 244
788 569
788 570
788 571
788 701
788 702
788 703
789 202
789 244
789 572
789 573
789 699
789 700
790 202
790 245
790 574
790 575
790 576
790 696
790 697
790 698
791 202
791 245
791 577
791 578
791 694
791 695
792 203
792 246
792 579
792 580
792 581
792 691
792 692
792 693
793 203
793 246
793 582
793 583
793 584
793 688
793 689
793 690
794 203
794 204
794 246
794 247
794 585
794 586
794 587
794 588
794 684
794 685
794 686
794 687
795 204
795 247
795 588
795 589
795 590
795 591
795 681
795 682
795 683
795 684
796 204
796 247
796 592
796 593
796 594
796 595
796 677
796 678
796 679
796 680
797 205
797 248
797 596
797 597
797 598
797 599
797 673
797 674
797 675
797 676
798 205
798 248
798 600
798 601
798 602
798 603
798 604
798 668
798 669
798 670
798 671
798 672
799 205
799 249
799 605
799 606
799 607
799 608
799 609
799 610
799 662
799 663
799 664
799 665
799 666
799 667
800 206
800 249
800 611
800 612
800 613
800 614
800 615
800 616
800 617
800 655
800 656
800 657
800 658
800 659
800 660
800 661
801 206
801 249
801 618
801 619
801 620
801 621
801 622
801 623
801 624
801 625
801 626
801 627
801 628
801 629
801 630
801 631
801 632
801 633
801 634
801 635
801 636
801 637
801 638
801 639
801 640
801 641
801 642
801 643
801 644
801 645
801 646
801 647
801 648
801 649
801 650
801 651
801 652
801 653
801 654
802 207
802 250
803 207
803 250
804 207
804 251
805 208
805 251
806 208
806 252
807 209
807 252
808 209
808 252
808 253
809 209
809 253
810 210
810 253
810 254
811 210
811 254
812 211
812 254
813 211
813 255
814 211
814 212
814 255
815 212
815 256
816 212
816 256
817 213
817 257
818 213
818 257
819 214
819 258
820 214
820 258
821 214
821 215
821 259
822 215
822 259
823 215
823 260
824 216
824 260
825 216
825 261
826 217
826 261
827 217
827 262
828 218
828 262
829 218
829 263
830 219
830 263
831 219
831 264
832 220
832 264
832 265
833 220
833 265
834 221
834 265
834 266
835 221
835 266
836 221
836 222
836 267
837 222
837 267
838 222
838 223
838 268
839 223
839 268
840 223
840 224
840 269
841 224
841 269
842 224
842 225
842 270
843 225
843 270
843 271
844 225
844 226
844 271
845 226
845 272
845 1000
846 227
846 272
846 1000
847 227
847 273
847 999
848 228
848 273
848 274
848 998
848 999
849 228
849 274
849 998
850 229
850 275
850 997
851 229
851 275
851 997
852 230
852 276
852 996
853 230
853 276
853 277
853 995
853 996
854 231
854 277
854 995
855 231
855 278
855 994
856 232
856 278
856 994
857 232
857 233
857 279
857 993
858 233
858 279
858 280
858 992
858 993
859 234
859 280
859 992
860 234
860 281
860 991
861 235
861 281
861 282
861 990
861 991
862 235
862 282
862 990
863 236
863 283
863 989
864 236
864 237
864 283
864 284
864 988
864 989
865 237
865 284
865 988
866 238
866 285
866 987
867 238
867 285
867 286
867 986
867 987
868 239
868 286
868 986
869 239
869 287
869 985
870 240
870 287
870 288
870 984
870 985
871 241
871 288
871 984
872 241
872 289
872 983
873 242
873 289
873 290
873 982
873 983
874 242
874 243
874 290
874 982
875 243
875 291
875 981
876 244
876 291
876 292
876 980
876 981
877 244
877 292
877 980
878 245
878 293
878 979
879 245
879 246
879 294
879 978
880 246
880 294
880 295
880 977
880 978
881 247
881 295
881 977
882 247
882 248
882 296
882 976
883 248
883 297
883 975
884 249
884 297
884 298
884 974
884 975
885 249
885 298
885 974
886 250
886 299
886 973
887 251
887 300
887 972
888 251
888 300
888 301
888 971
888 972
889 252
889 301
889 971
890 253
890 302
890 970
891 253
891 303
891 969
892 254
892 303
892 304
892 968
892 969
893 255
893 304
893 968
894 255
894 256
894 305
894 967
895 256
895 306
895 966
896 257
896 306
896 307
896 965
896 966
897 257
897 258
897 307
897 308
897 964
897 965
898 258
898 308
898 964
899 259
899 309
899 963
900 259
900 260
900 310
900 962
901 260
901 311
901 961
902 261
902 311
902 312
902 960
902 961
903 262
903 312
903 960
904 262
904 263
904 313
904 959
905 263
905 314
905 958
906 264
906 315
906 957
907 265
907 316
907 956
908 265
908 266
908 316
908 317
908 955
908 956
909 266
909 317
909 318
909 954
909 955
910 267
910 318
910 954
911 268
911 319
911 953
912 268
912 269
912 320
912 952
913 269
913 321
913 951
914 270
914 322
914 950
915 271
915 323
915 949
916 271
916 272
916 323
916 324
916 948
916 949
916 1000
917 272
917 324
917 325
917 947
917 948
917 1000
918 273
918 325
918 326
918 946
918 947
918 999
919 274
919 326
919 327
919 945
919 946
919 998
920 274
920 275
920 327
920 945
920 997
920 998
921 275
921 276
921 328
921 944
921 996
921 997
922 276
922 329
922 943
922 996
923 277
923 330
923 942
923 995
924 278
924 331
924 941
924 994
925 278
925 279
925 332
925 940
925 993
925 994
926 279
926 280
926 333
926 939
926 992
926 993
927 280
927 334
927 938
927 992
928 281
928 335
928 937
928 991
929 282
929 336
929 936
929 990
930 283
930 337
930 935
930 989
931 283
931 284
931 338
931 934
931 988
931 989
932 284
932 285
932 339
932 933
932 987
932 988
933 285
933 340
933 932
933 987
934 286
934 341
934 931
934 986
935 287
935 342
935 930
935 985
936 288
936 343
936 929
936 984
937 289
937 344
937 928
937 983
938 289
938 290
938 345
938 927
938 982
938 983
939 290
939 291
939 346
939 926
939 981
939 982
940 291
940 292
940 347
940 925
940 980
940 981
941 292
941 348
941 924
941 980
942 293
942 349
942 350
942 922
942 923
942 979
943 294
943 350
943 351
943 921
943 922
943 978
944 295
944 351
944 352
944 920
944 921
944 977
945 296
945 352
945 353
945 919
945 920
945 976
946 297
946 353
946 354
946 918
946 919
946 975
947 298
947 355
947 917
947 974
948 299
948 356
948 916
948 973
949 299
949 300
949 357
949 915
949 972
949 973
950 300
950 301
950 358
950 914
950 971
950 972
951 301
951 302
951 359
951 360
951 912
951 913
951 970
951 971
952 302
952 303
952 360
952 361
952 911
952 912
952 969
952 970
953 303
953 304
953 361
953 362
953 910
953 911
953 968
953 969
954 304
954 305
954 363
954 909
954 967
954 968
955 305
955 306
955 364
955 908
955 966
955 967
956 306
956 307
956 365
956 907
956 965
956 966
957 307
957 308
957 366
957 367
957 905
957 906
957 964
957 965
958 308
958 309
958 367
958 368
958 904
958 905
958 963
958 964
959 309
959 310
959 369
959 903
959 962
959 963
960 310
960 311
960 370
960 902
960 961
960 962
961 311
961 312
961 371
961 372
961 900
961 901
961 960
961 961
962 312
962 313
962 372
962 373
962 899
962 900
962 959
962 960
963 313
963 314
963 373
963 374
963 898
963 899
963 958
963 959
964 314
964 315
964 375
964 897
964 957
964 958
965 315
965 316
965 376
965 377
965 895
965 896
965 956
965 957
966 316
966 317
966 377
966 378
966 894
966 895
966 955
966 956
967 317
967 318
967 379
967 893
967 954
967 955
968 318
968 319
968 380
968 381
968 891
968 892
968 953
968 954
969 319
969 320
969 381
969 382
969 890
969 891
969 952
969 953
970 320
970 321
970 383
970 889
970 951
970 952
971 322
971 384
971 385
971 887
971 888
971 950
972 323
972 385
972 386
972 886
972 887
972 949
973 324
973 387
973 885
973 948
974 325
974 388
974 389
974 883
974 884
974 947
975 326
975 389
975 390
975 882
975 883
975 946
976 327
976 391
976 881
976 945
977 328
977 329
977 392
977 393
977 879
977 880
977 943
977 944
978 329
978 330
978 393
978 394
978 878
978 879
978 942
978 943
979 330
979 331
979 395
979 396
979 876
979 877
979 941
979 942
980 331
980 332
980 396
980 397
980 875
980 876
980 940
980 941
981 333
981 398
981 399
981 873
981 874
981 939
982 334
982 399
982 400
982 872
982 873
982 938
983 335
983 401
983 402
983 870
983 871
983 937
984 336
984 337
984 402
984 403
984 869
984 870
984 935
984 936
985 337
985 338
985 404
985 405
985 867
985 868
985 934
985 935
986 338
986 339
986 405
986 406
986 866
986 867
986 933
986 934
987 340
987 407
987 408
987 864
987 865
987 932
988 341
988 408
988 409
988 863
988 864
988 931
989 342
989 343
989 410
989 411
989 861
989 862
989 929
989 930
990 343
990 344
990 411
990 412
990 860
990 861
990 928
990 929
991 344
991 345
991 413
991 414
991 858
991 859
991 927
991 928
992 346
992 415
992 416
992 856
992 857
992 926
993 347
993 348
993 416
993 417
993 855
993 856
993 924
993 925
994 348
994 349
994 418
994 419
994 853
994 854
994 923
994 924
995 349
995 350
995 420
995 421
995 851
995 852
995 922
995 923
996 351
996 421
996 422
996 850
996 851
996 921
997 352
997 353
997 423
997 424
997 848
997 849
997 919
997 920
998 353
998 354
998 425
998 426
998 846
998 847
998 918
998 919
999 355
999 426
999 427
999 845
999 846
999 917
1000 356
1000 357
1000 428
1000 429
1000 843
1000 844
1000 915
1000 916
