5056 286 377
1 893
2 894
3 894
4 895
5 895
6 896
7 896
8 897
9 897
10 898
11 898
12 899
13 899
13 900
14 900
15 900
15 901
16 901
17 901
17 902
18 902
19 903
20 903
21 904
22 904
23 905
24 905
25 906
26 906
27 906
27 907
28 907
29 907
29 908
30 908
31 908
31 909
32 355
32 356
32 357
32 358
32 359
32 360
32 361
32 362
32 363
32 364
32 365
32 366
32 367
32 368
32 369
32 370
32 371
32 372
32 373
32 374
32 375
32 376
32 377
32 378
32 379
32 380
32 381
32 382
32 383
32 384
32 385
32 386
32 387
32 388
32 389
32 390
32 391
32 392
32 393
32 394
32 395
32 396
32 397
32 398
32 399
32 909
33 346
33 347
33 348
33 349
33 350
33 351
33 352
33 353
33 354
33 400
33 401
33 402
33 403
33 404
33 405
33 406
33 407
33 408
33 909
33 910
34 339
34 340
34 341
34 342
34 343
34 344
34 345
34 409
34 410
34 411
34 412
34 413
34 414
34 415
34 910
35 333
35 334
35 335
35 336
35 337
35 338
35 416
35 417
35 418
35 419
35 420
35 421
35 910
36 327
36 328
36 329
36 330
36 331
36 332
36 422
36 423
36 424
36 425
36 426
36 427
36 911
37 323
37 324
37 325
37 326
37 428
37 429
37 430
37 431
37 911
38 318
38 319
38 320
38 321
38 322
38 432
38 433
38 434
38 435
38 436
38 912
39 314
39 315
39 316
39 317
39 437
39 438
39 439
39 440
39 912
40 310
40 311
40 312
40 313
40 441
40 442
40 443
40 444
40 913
41 307
41 308
41 309
41 445
41 446
41 447
41 913
42 303
42 304
42 305
42 306
42 448
42 449
42 450
42 451
42 914
43 300
43 301
43 302
43 303
43 451
43 452
43 453
43 454
43 914
44 297
44 298
44 299
44 455
44 456
44 457
44 914
44 915
45 294
45 295
45 296
45 458
45 459
45 460
45 915
46 291
46 292
46 293
46 461
46 462
46 463
46 915
47 289
47 290
47 291
47 463
47 464
47 465
47 916
48 286
48 287
48 288
48 466
48 467
48 468
48 916
49 283
49 284
49 285
49 469
49 470
49 471
49 917
50 281
50 282
50 283
50 471
50 472
50 473
50 917
51 279
51 280
51 474
51 475
51 918
52 276
52 277
52 278
52 476
52 477
52 478
52 918
53 274
53 275
53 479
53 480
53 918
53 919
54 272
54 273
54 481
54 482
54 919
55 270
55 271
55 483
55 484
55 919
56 267
56 268
56 269
56 485
56 486
56 487
56 920
57 265
57 266
57 267
57 487
57 488
57 489
57 920
58 263
58 264
58 265
58 489
58 490
58 491
58 921
59 261
59 262
59 263
59 491
59 492
59 493
59 921
60 259
60 260
60 261
60 493
60 494
60 495
60 921
61 258
61 259
61 495
61 496
61 922
62 256
62 257
62 497
62 498
62 922
63 254
63 255
63 499
63 500
63 923
64 252
64 253
64 501
64 502
64 923
65 250
65 251
65 503
65 504
65 923
65 924
66 249
66 250
66 504
66 505
66 924
67 247
67 248
67 506
67 507
67 924
68 245
68 246
68 508
68 509
68 925
69 244
69 510
69 925
70 242
70 243
70 511
70 512
70 925
70 926
71 240
71 241
71 513
71 514
71 926
72 239
72 240
72 514
72 515
72 926
73 237
73 238
73 516
73 517
73 927
74 236
74 237
74 517
74 518
74 927
75 234
75 235
75 519
75 520
75 927
76 233
76 234
76 520
76 521
76 928
77 231
77 232
77 522
77 523
77 928
78 230
78 231
78 523
78 524
78 929
79 229
79 525
79 929
80 227
80 228
80 526
80 527
80 929
81 226
81 227
81 527
81 528
81 930
82 225
82 529
82 930
83 223
83 224
83 530
83 531
83 930
84 222
84 223
84 531
84 532
84 931
85 221
85 533
85 931
86 219
86 220
86 534
86 535
86 932
87 218
87 219
87 535
87 536
87 932
88 217
88 537
88 932
89 216
89 538
89 933
90 214
90 215
90 539
90 540
90 933
91 213
91 214
91 540
91 541
91 933
92 212
92 213
92 541
92 542
92 934
93 211
93 543
93 934
94 210
94 544
94 934
95 209
95 545
95 935
96 207
96 208
96 546
96 547
96 935
97 206
97 207
97 547
97 548
97 935
98 205
98 206
98 548
98 549
98 936
99 204
99 205
99 549
99 550
99 936
100 203
100 204
100 550
100 551
100 936
101 202
101 552
101 937
102 201
102 553
102 937
103 200
103 554
103 937
104 199
104 555
104 938
105 198
105 556
105 938
106 197
106 557
106 938
107 196
107 558
107 939
108 195
108 559
108 939
109 194
109 560
109 939
110 193
110 561
110 940
111 192
111 562
111 940
112 191
112 563
112 940
113 190
113 191
113 563
113 564
113 941
114 189
114 190
114 564
114 565
114 941
115 188
115 189
115 565
115 566
115 941
116 187
116 188
116 566
116 567
116 941
117 187
117 567
117 942
118 186
118 568
118 942
119 185
119 569
119 942
120 184
120 570
120 943
121 183
121 571
121 943
122 182
122 183
122 571
122 572
122 943
123 181
123 182
123 572
123 573
123 943
123 944
124 181
124 573
124 944
125 180
125 574
125 944
126 179
126 575
126 944
127 178
127 576
127 945
128 177
128 178
128 576
128 577
128 945
129 177
129 577
129 945
130 176
130 578
130 945
130 946
131 175
131 579
131 946
132 174
132 175
132 579
132 580
132 946
133 174
133 580
133 946
134 173
134 581
134 947
135 172
135 582
135 947
136 171
136 172
136 582
136 583
136 947
137 171
137 583
137 947
138 170
138 584
138 948
139 169
139 585
139 948
140 168
140 169
140 585
140 586
140 948
141 168
141 586
141 948
142 167
142 587
142 949
143 166
143 167
143 587
143 588
143 949
144 166
144 588
144 949
145 165
145 589
145 949
146 164
146 165
146 589
146 590
146 950
147 164
147 590
147 950
148 163
148 591
148 950
149 162
149 163
149 591
149 592
149 950
150 162
150 592
150 951
151 161
151 593
151 951
152 161
152 593
152 951
153 160
153 594
153 951
154 159
154 595
154 952
155 159
155 595
155 952
156 158
156 596
156 952
157 158
157 596
157 952
158 157
158 597
158 952
159 156
159 157
159 597
159 598
159 953
160 156
160 598
160 953
161 155
161 599
161 953
162 155
162 599
162 953
163 154
163 600
163 954
164 154
164 600
164 954
165 153
165 601
165 954
166 153
166 601
166 954
167 152
167 602
167 954
168 151
168 152
168 602
168 603
168 955
169 151
169 603
169 955
170 150
170 151
170 603
170 604
170 955
171 150
171 604
171 955
172 149
172 150
172 604
172 605
172 955
173 149
173 605
173 956
174 148
174 149
174 605
174 606
174 956
175 148
175 606
175 956
176 147
176 148
176 606
176 607
176 956
177 147
177 607
177 956
178 147
178 607
178 957
179 146
179 608
179 957
180 146
180 608
180 957
181 145
181 609
181 957
182 145
182 609
182 957
183 144
183 610
183 957
184 144
184 610
184 958
185 143
185 611
185 958
186 143
186 363
186 364
186 365
186 366
186 367
186 368
186 369
186 370
186 371
186 372
186 373
186 374
186 375
186 376
186 377
186 378
186 379
186 380
186 381
186 382
186 383
186 384
186 385
186 386
186 387
186 388
186 389
186 390
186 391
186 611
186 958
187 143
187 358
187 359
187 360
187 361
187 362
187 392
187 393
187 394
187 395
187 396
187 611
187 958
188 142
188 353
188 354
188 355
188 356
188 357
188 397
188 398
188 399
188 400
188 401
188 612
188 958
189 142
189 349
189 350
189 351
189 352
189 402
189 403
189 404
189 405
189 612
189 958
190 141
190 346
190 347
190 348
190 349
190 405
190 406
190 407
190 408
190 613
190 959
191 141
191 343
191 344
191 345
191 409
191 410
191 411
191 613
191 959
192 140
192 141
192 341
192 342
192 412
192 413
192 613
192 614
192 959
193 140
193 338
193 339
193 340
193 414
193 415
193 416
193 614
193 959
194 140
194 336
194 337
194 417
194 418
194 614
194 959
195 139
195 334
195 335
195 419
195 420
195 615
195 959
196 139
196 332
196 333
196 421
196 422
196 615
196 960
197 139
197 330
197 331
197 423
197 424
197 615
197 960
198 138
198 328
198 329
198 425
198 426
198 616
198 960
199 138
199 326
199 327
199 427
199 428
199 616
199 960
200 137
200 138
200 325
200 429
200 616
200 617
200 960
201 137
201 323
201 324
201 430
201 431
201 617
201 960
202 137
202 321
202 322
202 432
202 433
202 617
202 960
203 136
203 320
203 321
203 433
203 434
203 618
203 961
204 136
204 319
204 435
204 618
204 961
205 136
205 317
205 318
205 436
205 437
205 618
205 961
206 135
206 316
206 317
206 437
206 438
206 619
206 961
207 135
207 315
207 439
207 619
207 961
208 135
208 313
208 314
208 440
208 441
208 619
208 961
209 134
209 312
209 313
209 441
209 442
209 620
209 961
210 134
210 311
210 312
210 442
210 443
210 620
210 962
211 134
211 310
211 444
211 620
211 962
212 133
212 134
212 309
212 445
212 620
212 621
212 962
213 133
213 308
213 446
213 621
213 962
214 133
214 307
214 447
214 621
214 962
215 133
215 306
215 448
215 621
215 962
216 132
216 305
216 449
216 622
216 962
217 132
217 304
217 450
217 622
217 962
218 132
218 303
218 451
218 622
218 963
219 131
219 302
219 452
219 623
219 963
220 131
220 301
220 453
220 623
220 963
221 131
221 300
221 301
221 453
221 454
221 623
221 963
222 131
222 299
222 300
222 454
222 455
222 623
222 963
223 130
223 299
223 455
223 624
223 963
224 130
224 298
224 456
224 624
224 963
225 130
225 297
225 457
225 624
225 963
226 130
226 296
226 297
226 457
226 458
226 624
226 963
227 129
227 296
227 458
227 625
227 964
228 129
228 295
228 459
228 625
228 964
229 129
229 294
229 460
229 625
229 964
230 129
230 293
230 294
230 460
230 461
230 625
230 964
231 129
231 293
231 461
231 625
231 964
232 128
232 292
232 462
232 626
232 964
233 128
233 292
233 462
233 626
233 964
234 128
234 291
234 463
234 626
234 964
235 128
235 290
235 464
235 626
235 964
236 127
236 290
236 464
236 627
236 964
237 127
237 289
237 465
237 627
237 964
238 127
238 289
238 465
238 627
238 965
239 127
239 288
239 466
239 627
239 965
240 127
240 288
240 466
240 627
240 965
241 127
241 287
241 467
241 627
241 965
242 126
242 287
242 467
242 628
242 965
243 126
243 286
243 468
243 628
243 965
244 126
244 286
244 468
244 628
244 965
245 126
245 285
245 469
245 628
245 965
246 126
246 285
246 469
246 628
246 965
247 126
247 284
247 470
247 628
247 965
248 125
248 284
248 470
248 629
248 965
249 125
249 284
249 470
249 629
249 965
250 125
250 283
250 471
250 629
250 965
251 125
251 283
251 471
251 629
251 965
252 125
252 282
252 472
252 629
252 966
253 125
253 282
253 472
253 629
253 966
254 125
254 282
254 472
254 629
254 966
255 124
255 281
255 473
255 630
255 966
256 124
256 281
256 473
256 630
256 966
257 124
257 281
257 473
257 630
257 966
258 124
258 280
258 281
258 473
258 474
258 630
258 966
259 124
259 280
259 474
259 630
259 966
260 124
260 280
260 474
260 630
260 966
261 124
261 280
261 474
261 630
261 966
262 124
262 279
262 475
262 630
262 966
263 124
263 279
263 475
263 630
263 966
264 123
264 279
264 475
264 631
264 966
265 123
265 279
265 475
265 631
265 966
266 123
266 279
266 475
266 631
266 966
267 123
267 278
267 476
267 631
267 966
268 123
268 278
268 476
268 631
268 966
269 123
269 278
269 476
269 631
269 966
270 123
270 278
270 476
270 631
270 966
271 123
271 278
271 476
271 631
271 966
272 123
272 277
272 477
272 631
272 966
273 123
273 277
273 477
273 631
273 966
274 123
274 277
274 477
274 631
274 966
275 123
275 277
275 477
275 631
275 966
276 123
276 277
276 477
276 631
276 966
277 123
277 277
277 477
277 631
277 966
278 123
278 277
278 477
278 631
278 966
279 123
279 277
279 477
279 631
279 966
280 123
280 277
280 477
280 631
280 966
281 123
281 277
281 477
281 631
281 966
282 123
282 277
282 477
282 631
282 966
283 123
283 277
283 477
283 631
283 966
284 123
284 277
284 477
284 631
284 966
285 123
285 277
285 477
285 631
285 966
286 123
286 277
286 477
286 631
286 966
287 123
287 277
287 477
287 631
287 966
288 123
288 277
288 477
288 631
288 966
289 123
289 277
289 477
289 631
289 966
290 123
290 277
290 477
290 631
290 966
291 123
291 277
291 477
291 631
291 966
292 123
292 277
292 477
292 631
292 966
293 123
293 277
293 477
293 631
293 966
294 123
294 277
294 477
294 631
294 966
295 123
295 277
295 477
295 631
295 966
296 123
296 277
296 477
296 631
296 966
297 123
297 277
297 477
297 631
297 966
298 123
298 277
298 477
298 631
298 966
299 123
299 277
299 477
299 631
299 966
300 123
300 277
300 477
300 631
300 966
301 123
301 278
301 476
301 631
301 966
302 123
302 278
302 476
302 631
302 966
303 123
303 278
303 476
303 631
303 966
304 123
304 278
304 476
304 631
304 966
305 123
305 278
305 476
305 631
305 966
306 123
306 279
306 475
306 631
306 966
307 123
307 279
307 475
307 631
307 966
308 123
308 279
308 475
308 631
308 966
309 124
309 279
309 475
309 630
309 966
310 124
310 279
310 475
310 630
310 966
311 124
311 280
311 474
311 630
311 966
312 124
312 280
312 474
312 630
312 966
313 124
313 280
313 474
313 630
313 966
314 124
314 280
314 281
314 473
314 474
314 630
314 966
315 124
315 281
315 473
315 630
315 966
316 124
316 281
316 473
316 630
316 966
317 124
317 281
317 473
317 630
317 966
318 125
318 282
318 472
318 629
318 966
319 125
319 282
319 472
319 629
319 966
320 125
320 282
320 472
320 629
320 966
321 125
321 283
321 471
321 629
321 965
322 125
322 283
322 471
322 629
322 965
323 125
323 284
323 470
323 629
323 965
324 125
324 284
324 470
324 629
324 965
325 126
325 284
325 470
325 628
325 965
326 126
326 285
326 469
326 628
326 965
327 126
327 285
327 469
327 628
327 965
328 126
328 286
328 468
328 628
328 965
329 126
329 286
329 468
329 628
329 965
330 126
330 287
330 467
330 628
330 965
331 127
331 287
331 467
331 627
331 965
332 127
332 288
332 466
332 627
332 965
333 127
333 288
333 466
333 627
333 965
334 127
334 289
334 465
334 627
334 965
335 127
335 289
335 465
335 627
335 964
336 127
336 290
336 464
336 627
336 964
337 128
337 290
337 464
337 626
337 964
338 128
338 291
338 463
338 626
338 964
339 128
339 292
339 462
339 626
339 964
340 128
340 292
340 462
340 626
340 964
341 129
341 293
341 461
341 625
341 964
342 129
342 293
342 294
342 460
342 461
342 625
342 964
343 129
343 294
343 460
343 625
343 964
344 129
344 295
344 459
344 625
344 964
345 129
345 296
345 458
345 625
345 964
346 130
346 296
346 297
346 457
346 458
346 624
346 963
347 130
347 297
347 457
347 624
347 963
348 130
348 298
348 456
348 624
348 963
349 130
349 299
349 455
349 624
349 963
350 131
350 299
350 300
350 454
350 455
350 623
350 963
351 131
351 300
351 301
351 453
351 454
351 623
351 963
352 131
352 301
352 453
352 623
352 963
353 131
353 302
353 452
353 623
353 963
354 132
354 303
354 451
354 622
354 963
355 132
355 304
355 450
355 622
355 962
356 132
356 305
356 449
356 622
356 962
357 133
357 306
357 448
357 621
357 962
358 133
358 307
358 447
358 621
358 962
359 133
359 308
359 446
359 621
359 962
360 133
360 134
360 309
360 445
360 620
360 621
360 962
361 134
361 310
361 444
361 620
361 962
362 134
362 311
362 312
362 442
362 443
362 620
362 962
363 134
363 312
363 313
363 441
363 442
363 620
363 961
364 135
364 313
364 314
364 440
364 441
364 619
364 961
365 135
365 315
365 439
365 619
365 961
366 135
366 316
366 317
366 437
366 438
366 619
366 961
367 136
367 317
367 318
367 436
367 437
367 618
367 961
368 136
368 319
368 435
368 618
368 961
369 136
369 320
369 321
369 433
369 434
369 618
369 961
370 137
370 321
370 322
370 432
370 433
370 617
370 960
371 137
371 323
371 324
371 430
371 431
371 617
371 960
372 137
372 138
372 325
372 429
372 616
372 617
372 960
373 138
373 326
373 327
373 427
373 428
373 616
373 960
374 138
374 328
374 329
374 425
374 426
374 616
374 960
375 139
375 330
375 331
375 423
375 424
375 615
375 960
376 139
376 332
376 333
376 421
376 422
376 615
376 960
377 139
377 334
377 335
377 419
377 420
377 615
377 959
378 140
378 336
378 337
378 417
378 418
378 614
378 959
379 140
379 338
379 339
379 340
379 414
379 415
379 416
379 614
379 959
380 140
380 141
380 341
380 342
380 412
380 413
380 613
380 614
380 959
381 141
381 343
381 344
381 345
381 409
381 410
381 411
381 613
381 959
382 141
382 346
382 347
382 348
382 349
382 405
382 406
382 407
382 408
382 613
382 959
383 142
383 349
383 350
383 351
383 352
383 402
383 403
383 404
383 405
383 612
383 958
384 142
384 353
384 354
384 355
384 356
384 357
384 397
384 398
384 399
384 400
384 401
384 612
384 958
385 143
385 358
385 359
385 360
385 361
385 362
385 392
385 393
385 394
385 395
385 396
385 611
385 958
386 143
386 363
386 364
386 365
386 366
386 367
386 368
386 369
386 370
386 371
386 372
386 373
386 374
386 375
386 376
386 377
386 378
386 379
386 380
386 381
386 382
386 383
386 384
386 385
386 386
386 387
386 388
386 389
386 390
386 391
386 611
386 958
387 143
387 611
387 958
388 144
388 610
388 958
389 144
389 610
389 957
390 145
390 609
390 957
391 145
391 609
391 957
392 146
392 608
392 957
393 146
393 608
393 957
394 147
394 607
394 957
395 147
395 607
395 956
396 147
396 148
396 606
396 607
396 956
397 148
397 606
397 956
398 148
398 149
398 605
398 606
398 956
399 149
399 605
399 956
400 149
400 150
400 604
400 605
400 955
401 150
401 604
401 955
402 150
402 151
402 603
402 604
402 955
403 151
403 603
403 955
404 151
404 152
404 602
404 603
404 955
405 152
405 602
405 954
406 153
406 601
406 954
407 153
407 601
407 954
408 154
408 600
408 954
409 154
409 600
409 954
410 155
410 599
410 953
411 155
411 599
411 953
412 156
412 598
412 953
413 156
413 157
413 597
413 598
413 953
414 157
414 597
414 952
415 158
415 596
415 952
416 158
416 596
416 952
417 159
417 595
417 952
418 159
418 595
418 952
419 160
419 594
419 951
420 161
420 593
420 951
421 161
421 593
421 951
422 162
422 592
422 951
423 162
423 163
423 591
423 592
423 950
424 163
424 591
424 950
425 164
425 590
425 950
426 164
426 165
426 589
426 590
426 950
427 165
427 589
427 949
428 166
428 588
428 949
429 166
429 167
429 587
429 588
429 949
430 167
430 587
430 949
431 168
431 586
431 948
432 168
432 169
432 585
432 586
432 948
433 169
433 585
433 948
434 170
434 584
434 948
435 171
435 583
435 947
436 171
436 172
436 582
436 583
436 947
437 172
437 582
437 947
438 173
438 581
438 947
439 174
439 580
439 946
440 174
440 175
440 579
440 580
440 946
441 175
441 579
441 946
442 176
442 578
442 945
442 946
443 177
443 577
443 945
444 177
444 178
444 576
444 577
444 945
445 178
445 576
445 945
446 179
446 575
446 944
447 180
447 574
447 944
448 181
448 573
448 944
449 181
449 182
449 572
449 573
449 943
449 944
450 182
450 183
450 571
450 572
450 943
451 183
451 571
451 943
452 184
452 570
452 943
453 185
453 569
453 942
454 186
454 568
454 942
455 187
455 567
455 942
456 187
456 188
456 566
456 567
456 941
457 188
457 189
457 565
457 566
457 941
458 189
458 190
458 564
458 565
458 941
459 190
459 191
459 563
459 564
459 941
460 191
460 563
460 940
461 192
461 562
461 940
462 193
462 561
462 940
463 194
463 560
463 939
464 195
464 559
464 939
465 196
465 558
465 939
466 197
466 557
466 938
467 198
467 556
467 938
468 199
468 555
468 938
469 200
469 554
469 937
470 201
470 553
470 937
471 202
471 552
471 937
472 203
472 204
472 550
472 551
472 936
473 204
473 205
473 549
473 550
473 936
474 205
474 206
474 548
474 549
474 936
475 206
475 207
475 547
475 548
475 935
476 207
476 208
476 546
476 547
476 935
477 209
477 545
477 935
478 210
478 544
478 934
479 211
479 543
479 934
480 212
480 213
480 541
480 542
480 934
481 213
481 214
481 540
481 541
481 933
482 214
482 215
482 539
482 540
482 933
483 216
483 538
483 933
484 217
484 537
484 932
485 218
485 219
485 535
485 536
485 932
486 219
486 220
486 534
486 535
486 932
487 221
487 533
487 931
488 222
488 223
488 531
488 532
488 931
489 223
489 224
489 530
489 531
489 930
490 225
490 529
490 930
491 226
491 227
491 527
491 528
491 930
492 227
492 228
492 526
492 527
492 929
493 229
493 525
493 929
494 230
494 231
494 523
494 524
494 929
495 231
495 232
495 522
495 523
495 928
496 233
496 234
496 520
496 521
496 928
497 234
497 235
497 519
497 520
497 927
498 236
498 237
498 517
498 518
498 927
499 237
499 238
499 516
499 517
499 927
500 239
500 240
500 514
500 515
500 926
501 240
501 241
501 513
501 514
501 926
502 242
502 243
502 511
502 512
502 925
502 926
503 244
503 510
503 925
504 245
504 246
504 508
504 509
504 925
505 247
505 248
505 506
505 507
505 924
506 249
506 250
506 504
506 505
506 924
507 250
507 251
507 503
507 504
507 923
507 924
508 252
508 253
508 501
508 502
508 923
509 254
509 255
509 499
509 500
509 923
510 256
510 257
510 497
510 498
510 922
511 258
511 259
511 495
511 496
511 922
512 259
512 260
512 261
512 493
512 494
512 495
512 921
513 261
513 262
513 263
513 491
513 492
513 493
513 921
514 263
514 264
514 265
514 489
514 490
514 491
514 921
515 265
515 266
515 267
515 487
515 488
515 489
515 920
516 267
516 268
516 269
516 485
516 486
516 487
516 920
517 270
517 271
517 483
517 484
517 919
518 272
518 273
518 481
518 482
518 919
519 274
519 275
519 479
519 480
519 918
519 919
520 276
520 277
520 278
520 476
520 477
520 478
520 918
521 279
521 280
521 474
521 475
521 918
522 281
522 282
522 283
522 471
522 472
522 473
522 917
523 283
523 284
523 285
523 469
523 470
523 471
523 917
524 286
524 287
524 288
524 466
524 467
524 468
524 916
525 289
525 290
525 291
525 463
525 464
525 465
525 916
526 291
526 292
526 293
526 461
526 462
526 463
526 915
527 294
527 295
527 296
527 458
527 459
527 460
527 915
528 297
528 298
528 299
528 455
528 456
528 457
528 914
528 915
529 300
529 301
529 302
529 303
529 451
529 452
529 453
529 454
529 914
530 303
530 304
530 305
530 306
530 448
530 449
530 450
530 451
530 914
531 307
531 308
531 309
531 445
531 446
531 447
531 913
532 310
532 311
532 312
532 313
532 441
532 442
532 443
532 444
532 913
533 314
533 315
533 316
533 317
533 437
533 438
533 439
533 440
533 912
534 318
534 319
534 320
534 321
534 322
534 432
534 433
534 434
534 435
534 436
534 912
535 323
535 324
535 325
535 326
535 428
535 429
535 430
535 431
535 911
536 327
536 328
536 329
536 330
536 331
536 332
536 422
536 423
536 424
536 425
536 426
536 427
536 911
537 333
537 334
537 335
537 336
537 337
537 338
537 416
537 417
537 418
537 419
537 420
537 421
537 910
538 339
538 340
538 341
538 342
538 343
538 344
538 345
538 409
538 410
538 411
538 412
538 413
538 414
538 415
538 910
539 346
539 347
539 348
539 349
539 350
539 351
539 352
539 353
539 354
539 400
539 401
539 402
539 403
539 404
539 405
539 406
539 407
539 408
539 909
539 910
540 355
540 356
540 357
540 358
540 359
540 360
540 361
540 362
540 363
540 364
540 365
540 366
540 367
540 368
540 369
540 370
540 371
540 372
540 373
540 374
540 375
540 376
540 377
540 378
540 379
540 380
540 381
540 382
540 383
540 384
540 385
540 386
540 387
540 388
540 389
540 390
540 391
540 392
540 393
540 394
540 395
540 396
540 397
540 398
540 399
540 909
541 908
541 909
542 908
543 907
543 908
544 907
545 906
545 907
546 906
547 906
548 905
549 905
550 904
551 904
552 903
553 903
554 902
555 901
555 902
556 901
557 900
557 901
558 900
559 899
559 900
560 899
561 898
562 898
563 897
564 897
565 896
566 896
567 895
568 895
569 894
570 894
571 893
572 892
572 893
573 892
574 891
575 891
576 890
577 890
578 889
579 888
579 889
580 888
581 887
582 887
583 886
584 886
585 885
586 884
586 885
587 884
588 883
589 883
590 882
591 881
591 882
592 881
593 880
594 880
595 879
596 878
597 878
598 877
599 876
599 877
600 876
601 875
602 875
603 874
604 873
605 873
606 872
607 871
607 872
608 871
609 870
610 869
610 870
611 869
612 868
613 867
613 868
614 867
615 866
616 865
616 866
617 865
618 864
619 863
619 864
620 863
621 862
622 861
623 861
624 860
625 859
626 858
626 859
627 858
628 857
629 856
629 857
630 856
631 855
632 854
633 853
633 854
634 853
635 852
636 851
637 850
637 851
638 850
639 849
640 848
641 847
641 848
642 847
643 846
644 845
645 844
645 845
646 844
647 843
648 842
649 841
649 842
649 1000
650 841
650 1000
651 840
651 999
652 839
652 999
653 838
653 998
654 837
654 838
654 998
655 837
655 997
656 836
656 996
657 835
657 996
658 834
658 995
659 833
659 834
659 995
660 833
660 994
661 832
661 993
662 831
662 993
663 830
663 992
664 829
664 830
664 991
664 992
665 828
665 829
665 991
666 828
666 990
667 827
667 990
668 826
668 989
669 825
669 988
669 989
670 824
670 988
671 823
671 824
671 987
672 822
672 823
672 986
672 987
673 822
673 986
674 821
674 985
675 820
675 985
676 819
676 984
677 818
677 983
678 817
678 983
679 816
679 817
679 982
680 815
680 816
680 981
680 982
681 814
681 815
681 981
682 814
682 980
683 813
683 979
683 980
684 812
684 979
685 811
685 978
686 810
686 977
686 978
687 809
687 977
688 808
688 976
689 807
689 975
689 976
690 806
690 975
691 805
691 806
691 974
692 804
692 805
692 973
692 974
693 803
693 804
693 973
694 802
694 803
694 972
695 801
695 802
695 971
696 800
696 801
696 971
697 799
697 800
697 970
698 798
698 799
698 969
699 797
699 798
699 968
699 969
700 796
700 797
700 968
701 795
701 796
701 967
702 794
702 795
702 966
702 967
703 793
703 794
703 966
704 792
704 793
704 965
705 791
705 792
705 964
706 790
706 791
706 964
707 789
707 790
707 963
708 788
708 789
708 962
709 787
709 788
709 961
709 962
710 786
710 787
710 961
711 785
711 786
711 960
712 784
712 785
712 959
713 783
713 784
713 958
713 959
714 782
714 783
714 958
715 781
715 782
715 957
716 780
716 956
717 779
717 955
717 956
718 778
718 955
719 777
719 954
720 776
720 953
721 775
721 952
721 953
722 774
722 952
723 772
723 773
723 951
724 771
724 772
724 950
725 770
725 771
725 949
725 950
726 769
726 770
726 949
727 768
727 948
728 767
728 947
729 766
729 946
729 947
730 765
730 946
731 763
731 764
731 945
732 762
732 763
732 944
733 761
733 762
733 943
734 760
734 942
734 943
735 759
735 942
736 758
736 941
737 756
737 757
737 940
738 755
738 756
738 939
738 940
739 754
739 755
739 938
739 939
740 1
740 753
740 938
741 2
741 752
741 937
742 3
742 4
742 750
742 751
742 936
743 4
743 5
743 749
743 750
743 935
744 6
744 748
744 934
744 935
745 7
745 747
745 934
746 8
746 9
746 745
746 746
746 933
747 9
747 10
747 744
747 745
747 932
748 11
748 743
748 931
749 12
749 742
749 930
750 13
750 14
750 740
750 741
750 929
750 930
751 14
751 15
751 739
751 740
751 929
752 16
752 738
752 928
753 17
753 18
753 736
753 737
753 927
754 18
754 19
754 735
754 736
754 926
755 20
755 734
755 925
756 21
756 22
756 732
756 733
756 924
756 925
757 22
757 23
757 731
757 732
757 923
757 924
758 24
758 730
758 923
759 25
759 26
759 728
759 729
759 922
760 26
760 27
760 727
760 728
760 921
761 28
761 726
761 920
762 29
762 30
762 724
762 725
762 919
763 30
763 31
763 723
763 724
763 918
764 32
764 722
764 917
764 918
765 33
765 34
765 720
765 721
765 916
765 917
766 34
766 35
766 719
766 720
766 915
766 916
767 36
767 37
767 717
767 718
767 915
768 37
768 38
768 716
768 717
768 914
769 39
769 715
769 913
770 40
770 41
770 713
770 714
770 912
771 42
771 712
771 911
772 43
772 44
772 710
772 711
772 910
773 44
773 45
773 709
773 710
773 909
773 910
774 46
774 47
774 707
774 708
774 908
774 909
775 47
775 48
775 706
775 707
775 907
775 908
776 49
776 50
776 704
776 705
776 906
776 907
777 50
777 51
777 703
777 704
777 905
777 906
778 52
778 53
778 701
778 702
778 905
779 53
779 54
779 700
779 701
779 904
780 55
780 56
780 698
780 699
780 903
781 56
781 57
781 697
781 698
781 902
782 58
782 59
782 695
782 696
782 901
783 60
783 694
783 900
784 61
784 62
784 692
784 693
784 899
785 63
785 64
785 690
785 691
785 898
786 64
786 65
786 689
786 690
786 897
787 66
787 67
787 687
787 688
787 896
788 68
788 686
788 895
789 69
789 70
789 684
789 685
789 894
790 71
790 72
790 682
790 683
790 893
791 72
791 73
791 681
791 682
791 892
791 893
792 74
792 75
792 679
792 680
792 891
792 892
793 76
793 77
793 677
793 678
793 890
793 891
794 77
794 78
794 676
794 677
794 889
794 890
795 79
795 80
795 674
795 675
795 888
795 889
796 81
796 82
796 672
796 673
796 887
796 888
797 83
797 84
797 670
797 671
797 886
797 887
798 84
798 85
798 669
798 670
798 885
798 886
799 86
799 87
799 667
799 668
799 884
799 885
800 88
800 89
800 665
800 666
800 883
800 884
801 90
801 91
801 663
801 664
801 882
801 883
802 91
802 92
802 662
802 663
802 881
802 882
803 93
803 94
803 660
803 661
803 880
804 95
804 96
804 658
804 659
804 879
805 97
805 98
805 656
805 657
805 878
806 99
806 100
806 654
806 655
806 877
807 101
807 102
807 652
807 653
807 876
808 103
808 104
808 650
808 651
808 875
809 104
809 105
809 106
809 648
809 649
809 650
809 874
810 106
810 107
810 108
810 646
810 647
810 648
810 873
811 108
811 109
811 645
811 646
811 872
812 110
812 111
812 643
812 644
812 871
813 112
813 113
813 641
813 642
813 870
814 114
814 115
814 639
814 640
814 868
814 869
815 116
815 117
815 118
815 636
815 637
815 638
815 867
815 868
816 118
816 119
816 120
816 634
816 635
816 636
816 866
816 867
817 120
817 121
817 122
817 632
817 633
817 634
817 865
817 866
818 122
818 123
818 124
818 630
818 631
818 632
818 864
818 865
819 124
819 125
819 126
819 628
819 629
819 630
819 863
819 864
820 127
820 128
820 626
820 627
820 862
821 129
821 130
821 624
821 625
821 861
822 131
822 132
822 622
822 623
822 860
823 133
823 134
823 135
823 619
823 620
823 621
823 859
824 135
824 136
824 137
824 617
824 618
824 619
824 857
824 858
825 138
825 139
825 615
825 616
825 856
825 857
826 140
826 141
826 613
826 614
826 855
826 856
827 142
827 143
827 144
827 610
827 611
827 612
827 854
827 855
828 144
828 145
828 146
828 608
828 609
828 610
828 853
829 147
829 148
829 606
829 607
829 852
830 149
830 150
830 151
830 603
830 604
830 605
830 851
831 152
831 153
831 601
831 602
831 850
832 154
832 155
832 156
832 598
832 599
832 600
832 848
832 849
833 156
833 157
833 158
833 596
833 597
833 598
833 847
833 848
834 159
834 160
834 161
834 593
834 594
834 595
834 846
834 847
835 161
835 162
835 163
835 591
835 592
835 593
835 845
836 164
836 165
836 166
836 588
836 589
836 590
836 844
837 167
837 168
837 586
837 587
837 843
838 169
838 170
838 171
838 583
838 584
838 585
838 841
838 842
839 172
839 173
839 174
839 580
839 581
839 582
839 840
839 841
840 175
840 176
840 578
840 579
840 839
841 177
841 178
841 179
841 575
841 576
841 577
841 838
842 180
842 181
842 182
842 572
842 573
842 574
842 837
843 183
843 184
843 185
843 569
843 570
843 571
843 835
843 836
844 186
844 187
844 188
844 566
844 567
844 568
844 834
844 835
845 189
845 190
845 191
845 563
845 564
845 565
845 833
846 192
846 193
846 194
846 560
846 561
846 562
846 832
847 195
847 196
847 197
847 557
847 558
847 559
847 830
847 831
848 198
848 199
848 200
848 554
848 555
848 556
848 829
848 830
849 201
849 202
849 203
849 551
849 552
849 553
849 828
849 829
850 204
850 205
850 206
850 207
850 547
850 548
850 549
850 550
850 827
851 208
851 209
851 210
851 544
851 545
851 546
851 825
851 826
852 211
852 212
852 213
852 214
852 540
852 541
852 542
852 543
852 824
852 825
853 214
853 215
853 216
853 217
853 537
853 538
853 539
853 540
853 823
854 218
854 219
854 220
854 221
854 533
854 534
854 535
854 536
854 822
855 221
855 222
855 223
855 224
855 530
855 531
855 532
855 533
855 820
855 821
856 225
856 226
856 227
856 228
856 526
856 527
856 528
856 529
856 819
856 820
857 229
857 230
857 231
857 232
857 522
857 523
857 524
857 525
857 818
858 233
858 234
858 235
858 236
858 518
858 519
858 520
858 521
858 816
858 817
859 237
859 238
859 239
859 240
859 514
859 515
859 516
859 517
859 815
859 816
860 241
860 242
860 243
860 244
860 510
860 511
860 512
860 513
860 814
861 245
861 246
861 247
861 248
861 249
861 505
861 506
861 507
861 508
861 509
861 812
861 813
862 250
862 251
862 252
862 253
862 501
862 502
862 503
862 504
862 811
862 812
863 254
863 255
863 256
863 257
863 258
863 496
863 497
863 498
863 499
863 500
863 810
864 259
864 260
864 261
864 262
864 263
864 491
864 492
864 493
864 494
864 495
864 808
864 809
865 264
865 265
865 266
865 267
865 268
865 486
865 487
865 488
865 489
865 490
865 807
865 808
866 269
866 270
866 271
866 272
866 273
866 274
866 480
866 481
866 482
866 483
866 484
866 485
866 806
867 275
867 276
867 277
867 278
867 279
867 280
867 474
867 475
867 476
867 477
867 478
867 479
867 804
867 805
868 281
868 282
868 283
868 284
868 285
868 286
868 468
868 469
868 470
868 471
868 472
868 473
868 803
868 804
869 287
869 288
869 289
869 290
869 291
869 292
869 293
869 461
869 462
869 463
869 464
869 465
869 466
869 467
869 802
870 294
870 295
870 296
870 297
870 298
870 299
870 300
870 454
870 455
870 456
870 457
870 458
870 459
870 460
870 800
870 801
871 301
871 302
871 303
871 304
871 305
871 306
871 307
871 308
871 446
871 447
871 448
871 449
871 450
871 451
871 452
871 453
871 799
871 800
872 309
872 310
872 311
872 312
872 313
872 314
872 315
872 316
872 317
872 437
872 438
872 439
872 440
872 441
872 442
872 443
872 444
872 445
872 798
873 318
873 319
873 320
873 321
873 322
873 323
873 324
873 325
873 326
873 327
873 328
873 426
873 427
873 428
873 429
873 430
873 431
873 432
873 433
873 434
873 435
873 436
873 796
873 797
874 329
874 330
874 331
874 332
874 333
874 334
874 335
874 336
874 337
874 338
874 339
874 340
874 341
874 342
874 412
874 413
874 414
874 415
874 416
874 417
874 418
874 419
874 420
874 421
874 422
874 423
874 424
874 425
874 795
874 1000
875 343
875 344
875 345
875 346
875 347
875 348
875 349
875 350
875 351
875 352
875 353
875 354
875 355
875 356
875 357
875 358
875 359
875 360
875 361
875 362
875 363
875 364
875 365
875 366
875 367
875 368
875 369
875 370
875 371
875 372
875 373
875 374
875 375
875 376
875 377
875 378
875 379
875 380
875 381
875 382
875 383
875 384
875 385
875 386
875 387
875 388
875 389
875 390
875 391
875 392
875 393
875 394
875 395
875 396
875 397
875 398
875 399
875 400
875 401
875 402
875 403
875 404
875 405
875 406
875 407
875 408
875 409
875 410
875 411
875 793
875 794
875 999
876 792
876 793
876 998
877 790
877 791
877 997
878 789
878 790
878 996
879 788
879 995
880 786
880 787
880 994
881 785
881 993
882 783
882 784
882 992
883 782
883 783
883 991
884 780
884 781
884 990
885 779
885 780
885 989
886 777
886 778
886 988
887 776
887 777
887 987
888 774
888 775
888 986
889 773
889 774
889 985
890 771
890 772
890 984
891 770
891 771
891 983
892 768
892 769
892 982
893 767
893 981
894 765
894 766
894 980
895 763
895 764
895 979
896 762
896 763
896 978
897 760
897 761
897 977
898 759
898 760
898 976
899 757
899 758
899 975
900 755
900 756
900 974
901 754
901 755
901 973
902 1
902 2
902 752
902 753
902 972
903 3
903 751
903 971
904 4
904 5
904 749
904 750
904 970
905 6
905 7
905 747
905 748
905 969
906 8
906 746
906 968
907 9
907 10
907 744
907 745
907 967
908 11
908 12
908 742
908 743
908 966
909 13
909 14
909 740
909 741
909 965
910 14
910 15
910 739
910 740
910 963
910 964
911 16
911 17
911 737
911 738
911 962
911 963
912 18
912 19
912 735
912 736
912 961
912 962
913 20
913 21
913 733
913 734
913 960
913 961
914 21
914 22
914 732
914 733
914 959
914 960
915 23
915 24
915 730
915 731
915 958
915 959
916 25
916 26
916 728
916 729
916 957
917 27
917 28
917 726
917 727
917 956
918 28
918 29
918 725
918 726
918 955
919 30
919 31
919 723
919 724
919 954
920 32
920 33
920 721
920 722
920 953
921 34
921 35
921 719
921 720
921 952
922 36
922 37
922 717
922 718
922 950
922 951
923 38
923 39
923 715
923 716
923 949
923 950
924 40
924 41
924 713
924 714
924 948
924 949
925 41
925 42
925 43
925 711
925 712
925 713
925 947
925 948
926 43
926 44
926 710
926 711
926 946
927 45
927 46
927 708
927 709
927 945
928 47
928 48
928 706
928 707
928 944
929 49
929 50
929 704
929 705
929 943
930 51
930 52
930 702
930 703
930 941
930 942
931 53
931 54
931 700
931 701
931 940
931 941
932 55
932 56
932 698
932 699
932 939
932 940
933 57
933 58
933 696
933 697
933 938
934 59
934 60
934 694
934 695
934 937
935 61
935 62
935 692
935 693
935 936
936 63
936 64
936 65
936 689
936 690
936 691
936 934
936 935
937 65
937 66
937 67
937 687
937 688
937 689
937 933
937 934
938 67
938 68
938 69
938 685
938 686
938 687
938 932
938 933
939 69
939 70
939 71
939 683
939 684
939 685
939 931
939 932
940 72
940 73
940 681
940 682
940 930
941 74
941 75
941 679
941 680
941 929
942 76
942 77
942 677
942 678
942 927
942 928
943 78
943 79
943 80
943 674
943 675
943 676
943 926
943 927
944 80
944 81
944 82
944 672
944 673
944 674
944 925
944 926
945 83
945 84
945 670
945 671
945 924
946 85
946 86
946 668
946 669
946 923
947 87
947 88
947 89
947 665
947 666
947 667
947 921
947 922
948 89
948 90
948 91
948 663
948 664
948 665
948 920
948 921
949 92
949 93
949 661
949 662
949 919
949 920
950 94
950 95
950 96
950 658
950 659
950 660
950 918
951 96
951 97
951 98
951 656
951 657
951 658
951 916
951 917
952 99
952 100
952 654
952 655
952 915
952 916
953 101
953 102
953 103
953 651
953 652
953 653
953 914
953 915
954 104
954 105
954 649
954 650
954 913
955 106
955 107
955 108
955 646
955 647
955 648
955 912
956 108
956 109
956 110
956 644
956 645
956 646
956 910
956 911
957 111
957 112
957 113
957 641
957 642
957 643
957 909
957 910
958 113
958 114
958 115
958 639
958 640
958 641
958 908
959 116
959 117
959 118
959 636
959 637
959 638
959 906
959 907
960 119
960 120
960 634
960 635
960 905
960 906
961 121
961 122
961 123
961 631
961 632
961 633
961 904
961 905
962 124
962 125
962 126
962 628
962 629
962 630
962 903
963 127
963 128
963 626
963 627
963 901
963 902
963 1000
964 129
964 130
964 131
964 623
964 624
964 625
964 900
964 901
964 999
964 1000
965 132
965 133
965 134
965 620
965 621
965 622
965 899
965 998
965 999
966 135
966 136
966 137
966 617
966 618
966 619
966 897
966 898
966 997
966 998
967 138
967 139
967 140
967 614
967 615
967 616
967 896
967 897
967 996
967 997
968 141
968 142
968 143
968 611
968 612
968 613
968 895
968 995
969 143
969 144
969 145
969 146
969 608
969 609
969 610
969 611
969 893
969 894
969 994
970 146
970 147
970 148
970 606
970 607
970 608
970 892
970 893
970 993
971 149
971 150
971 151
971 152
971 602
971 603
971 604
971 605
971 891
971 992
972 152
972 153
972 154
972 155
972 599
972 600
972 601
972 602
972 889
972 890
972 991
973 155
973 156
973 157
973 158
973 596
973 597
973 598
973 599
973 888
973 889
973 989
973 990
974 159
974 160
974 161
974 593
974 594
974 595
974 887
974 988
974 989
975 162
975 163
975 164
975 590
975 591
975 592
975 885
975 886
975 987
975 988
976 165
976 166
976 167
976 587
976 588
976 589
976 884
976 885
976 986
976 987
977 168
977 169
977 170
977 171
977 583
977 584
977 585
977 586
977 883
977 985
978 172
978 173
978 174
978 580
978 581
978 582
978 881
978 882
978 984
979 175
979 176
979 177
979 178
979 576
979 577
979 578
979 579
979 880
979 881
979 983
980 178
980 179
980 180
980 181
980 573
980 574
980 575
980 576
980 879
980 981
980 982
981 182
981 183
981 184
981 185
981 569
981 570
981 571
981 572
981 877
981 878
981 980
981 981
982 185
982 186
982 187
982 188
982 566
982 567
982 568
982 569
982 876
982 877
982 979
982 980
983 189
983 190
983 191
983 192
983 562
983 563
983 564
983 565
983 874
983 875
983 978
983 979
984 193
984 194
984 195
984 196
984 558
984 559
984 560
984 561
984 873
984 874
984 977
985 197
985 198
985 199
985 200
985 554
985 555
985 556
985 557
985 872
985 976
986 201
986 202
986 203
986 204
986 550
986 551
986 552
986 553
986 870
986 871
986 974
986 975
987 205
987 206
987 207
987 208
987 546
987 547
987 548
987 549
987 869
987 973
987 974
988 209
988 210
988 211
988 212
988 542
988 543
988 544
988 545
988 867
988 868
988 972
988 973
989 213
989 214
989 215
989 216
989 538
989 539
989 540
989 541
989 866
989 867
989 971
989 972
990 217
990 218
990 219
990 220
990 221
990 533
990 534
990 535
990 536
990 537
990 864
990 865
990 970
991 222
991 223
991 224
991 225
991 529
991 530
991 531
991 532
991 863
991 864
991 969
992 226
992 227
992 228
992 229
992 230
992 524
992 525
992 526
992 527
992 528
992 862
992 967
992 968
993 231
993 232
993 233
993 234
993 235
993 519
993 520
993 521
993 522
993 523
993 860
993 861
993 966
993 967
994 236
994 237
994 238
994 239
994 240
994 514
994 515
994 516
994 517
994 518
994 859
994 965
994 966
995 241
995 242
995 243
995 244
995 245
995 246
995 508
995 509
995 510
995 511
995 512
995 513
995 857
995 858
995 964
996 246
996 247
996 248
996 249
996 250
996 251
996 503
996 504
996 505
996 506
996 507
996 508
996 856
996 963
997 252
997 253
997 254
997 255
997 256
997 257
997 497
997 498
997 499
997 500
997 501
997 502
997 854
997 855
997 961
997 962
998 258
998 259
998 260
998 261
998 262
998 263
998 491
998 492
998 493
998 494
998 495
998 496
998 853
998 960
998 961
999 264
999 265
999 266
999 267
999 268
999 269
999 485
999 486
999 487
999 488
999 489
999 490
999 851
999 852
999 959
1000 270
1000 271
1000 272
1000 273
1000 274
1000 275
1000 276
1000 478
1000 479
1000 480
1000 481
1000 482
1000 483
1000 484
1000 850
1000 958
