4817 572 622
1 5
2 4
3 3
3 4
4 2
4 3
5 1
5 2
6 1
140 593
140 594
140 595
140 596
140 597
140 598
140 599
140 600
140 601
140 602
140 603
140 604
140 605
140 606
140 607
140 608
140 609
140 610
140 611
140 612
140 613
140 614
140 615
140 616
140 617
140 618
140 619
140 620
140 621
140 622
140 623
140 624
140 625
140 626
140 627
140 628
140 629
140 630
140 631
140 632
140 633
140 634
140 635
140 636
140 637
140 638
140 639
140 640
140 641
140 642
140 643
140 644
140 645
140 646
140 647
140 648
140 649
140 650
140 651
141 581
141 582
141 583
141 584
141 585
141 586
141 587
141 588
141 589
141 590
141 591
141 592
141 652
141 653
141 654
141 655
141 656
141 657
141 658
141 659
141 660
141 661
141 662
141 663
142 572
142 573
142 574
142 575
142 576
142 577
142 578
142 579
142 580
142 664
142 665
142 666
142 667
142 668
142 669
142 670
142 671
142 672
143 564
143 565
143 566
143 567
143 568
143 569
143 570
143 571
143 673
143 674
143 675
143 676
143 677
143 678
143 679
143 680
144 557
144 558
144 559
144 560
144 561
144 562
144 563
144 681
144 682
144 683
144 684
144 685
144 686
144 687
145 551
145 552
145 553
145 554
145 555
145 556
145 688
145 689
145 690
145 691
145 692
145 693
146 545
146 546
146 547
146 548
146 549
146 550
146 694
146 695
146 696
146 697
146 698
146 699
147 540
147 541
147 542
147 543
147 544
147 700
147 701
147 702
147 703
147 704
148 535
148 536
148 537
148 538
148 539
148 705
148 706
148 707
148 708
148 709
149 530
149 531
149 532
149 533
149 534
149 710
149 711
149 712
149 713
149 714
150 526
150 527
150 528
150 529
150 715
150 716
150 717
150 718
151 521
151 522
151 523
151 524
151 525
151 719
151 720
151 721
151 722
151 723
152 517
152 518
152 519
152 520
152 724
152 725
152 726
152 727
153 513
153 514
153 515
153 516
153 728
153 729
153 730
153 731
154 510
154 511
154 512
154 732
154 733
154 734
155 506
155 507
155 508
155 509
155 735
155 736
155 737
155 738
156 502
156 503
156 504
156 505
156 739
156 740
156 741
156 742
157 499
157 500
157 501
157 502
157 742
157 743
157 744
157 745
158 496
158 497
158 498
158 746
158 747
158 748
159 492
159 493
159 494
159 495
159 749
159 750
159 751
159 752
160 489
160 490
160 491
160 492
160 752
160 753
160 754
160 755
161 486
161 487
161 488
161 756
161 757
161 758
162 483
162 484
162 485
162 759
162 760
162 761
163 480
163 481
163 482
163 762
163 763
163 764
164 478
164 479
164 480
164 764
164 765
164 766
165 475
165 476
165 477
165 767
165 768
165 769
166 472
166 473
166 474
166 770
166 771
166 772
167 469
167 470
167 471
167 773
167 774
167 775
168 467
168 468
168 469
168 775
168 776
168 777
169 464
169 465
169 466
169 778
169 779
169 780
170 462
170 463
170 781
170 782
171 459
171 460
171 461
171 783
171 784
171 785
172 457
172 458
172 786
172 787
173 454
173 455
173 456
173 788
173 789
173 790
174 452
174 453
174 454
174 790
174 791
174 792
175 450
175 451
175 793
175 794
176 447
176 448
176 449
176 795
176 796
176 797
177 445
177 446
177 447
177 797
177 798
177 799
178 443
178 444
178 800
178 801
179 441
179 442
179 802
179 803
180 439
180 440
180 804
180 805
181 436
181 437
181 438
181 806
181 807
181 808
182 434
182 435
182 436
182 808
182 809
182 810
183 432
183 433
183 434
183 810
183 811
183 812
184 430
184 431
184 432
184 812
184 813
184 814
185 428
185 429
185 430
185 814
185 815
185 816
186 426
186 427
186 428
186 816
186 817
186 818
187 424
187 425
187 426
187 818
187 819
187 820
188 422
188 423
188 424
188 820
188 821
188 822
189 421
189 422
189 822
189 823
190 419
190 420
190 824
190 825
191 417
191 418
191 826
191 827
192 415
192 416
192 828
192 829
193 413
193 414
193 830
193 831
194 411
194 412
194 832
194 833
195 410
195 411
195 833
195 834
196 408
196 409
196 835
196 836
197 406
197 407
197 837
197 838
198 404
198 405
198 839
198 840
199 403
199 404
199 840
199 841
200 401
200 402
200 842
200 843
201 399
201 400
201 844
201 845
202 398
202 399
202 845
202 846
203 396
203 397
203 847
203 848
204 394
204 395
204 849
204 850
205 393
205 394
205 850
205 851
206 391
206 392
206 852
206 853
207 390
207 854
208 388
208 389
208 855
208 856
209 386
209 387
209 857
209 858
210 385
210 386
210 858
210 859
211 383
211 384
211 860
211 861
212 382
212 383
212 861
212 862
213 380
213 381
213 863
213 864
214 379
214 380
214 864
214 865
215 377
215 378
215 866
215 867
216 376
216 377
216 867
216 868
217 375
217 869
218 373
218 374
218 870
218 871
219 372
219 872
220 370
220 371
220 873
220 874
221 369
221 370
221 874
221 875
222 368
222 876
223 366
223 367
223 877
223 878
224 365
224 366
224 878
224 879
225 364
225 880
226 362
226 363
226 881
226 882
227 361
227 362
227 882
227 883
228 360
228 884
229 358
229 359
229 885
229 886
230 357
230 358
230 886
230 887
231 356
231 888
232 354
232 355
232 889
232 890
233 353
233 354
233 890
233 891
234 352
234 892
235 351
235 893
236 349
236 350
236 894
236 895
237 348
237 349
237 895
237 896
238 347
238 348
238 896
238 897
239 346
239 898
240 345
240 899
241 343
241 344
241 900
241 901
242 342
242 343
242 901
242 902
243 341
243 342
243 902
243 903
244 340
244 904
245 339
245 905
246 338
246 906
247 336
247 337
247 907
247 908
248 335
248 336
248 908
248 909
249 334
249 335
249 909
249 910
250 333
250 334
250 910
250 911
251 332
251 912
252 331
252 913
253 330
253 914
254 329
254 915
255 328
255 916
256 326
256 327
256 917
256 918
257 325
257 326
257 918
257 919
258 324
258 325
258 919
258 920
259 323
259 324
259 920
259 921
260 322
260 323
260 921
260 922
261 321
261 322
261 922
261 923
262 320
262 321
262 923
262 924
263 319
263 320
263 924
263 925
264 318
264 319
264 925
264 926
265 317
265 318
265 926
265 927
266 316
266 317
266 927
266 928
267 315
267 316
267 928
267 929
268 314
268 315
268 929
268 930
269 313
269 314
269 930
269 931
270 312
270 313
270 931
270 932
271 311
271 312
271 932
271 933
272 310
272 311
272 933
272 934
273 309
273 310
273 934
273 935
274 308
274 309
274 935
274 936
275 307
275 308
275 936
275 937
276 306
276 307
276 937
276 938
277 306
277 938
278 305
278 939
279 304
279 940
280 303
280 941
281 302
281 942
282 301
282 943
283 300
283 944
284 299
284 300
284 944
284 945
285 298
285 299
285 945
285 946
286 297
286 298
286 946
286 947
287 297
287 947
288 296
288 948
289 295
289 949
290 294
290 950
291 293
291 951
292 292
292 293
292 951
292 952
293 291
293 292
293 952
293 953
294 291
294 953
295 290
295 954
296 289
296 955
297 288
297 956
298 287
298 288
298 956
298 957
299 286
299 287
299 957
299 958
300 286
300 958
301 285
301 959
302 284
302 960
303 283
303 961
304 282
304 283
304 961
304 962
305 282
305 962
306 281
306 963
307 280
307 964
308 279
308 280
308 964
308 965
309 279
309 965
310 278
310 966
311 277
311 967
312 276
312 277
312 967
312 968
313 276
313 968
314 275
314 969
315 274
315 970
316 273
316 274
316 970
316 971
317 273
317 971
318 272
318 972
319 271
319 973
320 270
320 271
320 973
320 974
321 270
321 974
322 269
322 975
323 268
323 976
324 268
324 976
325 267
325 977
326 266
326 978
327 265
327 266
327 978
327 979
328 265
328 979
329 264
329 980
330 263
330 264
330 980
330 981
331 263
331 981
332 262
332 982
333 261
333 262
333 982
333 983
334 261
334 983
335 260
335 984
336 259
336 260
336 984
336 985
337 259
337 985
338 258
338 986
339 258
339 986
340 257
340 987
341 256
341 988
342 256
342 988
343 255
343 989
344 254
344 255
344 989
344 990
345 254
345 990
346 253
346 991
347 253
347 991
348 252
348 992
349 251
349 252
349 992
349 993
350 251
350 993
351 250
351 994
352 250
352 994
353 249
353 995
354 248
354 249
354 995
354 996
355 248
355 996
356 247
356 997
357 247
357 997
358 246
358 998
359 246
359 998
360 245
360 999
361 244
361 245
361 999
361 1000
362 244
362 1000
363 243
364 243
365 242
366 242
367 241
368 241
369 240
370 240
371 239
372 238
372 239
373 238
374 237
374 238
375 237
376 236
376 237
377 236
378 235
378 236
379 235
380 234
380 235
381 234
382 233
382 234
382 603
382 604
382 605
382 606
382 607
382 608
382 609
382 610
382 611
382 612
382 613
382 614
382 615
382 616
382 617
382 618
382 619
382 620
382 621
382 622
382 623
382 624
382 625
382 626
382 627
382 628
382 629
382 630
382 631
382 632
382 633
382 634
382 635
382 636
382 637
382 638
382 639
382 640
382 641
383 233
383 595
383 596
383 597
383 598
383 599
383 600
383 601
383 602
383 642
383 643
383 644
383 645
383 646
383 647
383 648
383 649
384 232
384 233
384 589
384 590
384 591
384 592
384 593
384 594
384 650
384 651
384 652
384 653
384 654
384 655
385 232
385 584
385 585
385 586
385 587
385 588
385 656
385 657
385 658
385 659
385 660
386 231
386 232
386 579
386 580
386 581
386 582
386 583
386 661
386 662
386 663
386 664
386 665
387 231
387 575
387 576
387 577
387 578
387 666
387 667
387 668
387 669
388 231
388 571
388 572
388 573
388 574
388 670
388 671
388 672
388 673
389 230
389 568
389 569
389 570
389 674
389 675
389 676
390 230
390 565
390 566
390 567
390 677
390 678
390 679
391 229
391 562
391 563
391 564
391 680
391 681
391 682
392 229
392 559
392 560
392 561
392 683
392 684
392 685
393 228
393 556
393 557
393 558
393 686
393 687
393 688
394 228
394 553
394 554
394 555
394 689
394 690
394 691
395 227
395 551
395 552
395 692
395 693
396 227
396 548
396 549
396 550
396 694
396 695
396 696
397 226
397 227
397 546
397 547
397 548
397 696
397 697
397 698
398 226
398 544
398 545
398 699
398 700
399 226
399 542
399 543
399 701
399 702
400 225
400 539
400 540
400 541
400 703
400 704
400 705
401 225
401 537
401 538
401 539
401 705
401 706
401 707
402 224
402 535
402 536
402 537
402 707
402 708
402 709
403 224
403 534
403 535
403 709
403 710
404 223
404 224
404 532
404 533
404 711
404 712
405 223
405 530
405 531
405 713
405 714
406 223
406 528
406 529
406 715
406 716
407 222
407 526
407 527
407 717
407 718
408 222
408 525
408 526
408 718
408 719
409 221
409 523
409 524
409 720
409 721
410 221
410 521
410 522
410 722
410 723
411 221
411 520
411 521
411 723
411 724
412 220
412 518
412 519
412 725
412 726
413 220
413 517
413 727
414 219
414 515
414 516
414 728
414 729
415 219
415 514
415 730
416 219
416 512
416 513
416 731
416 732
417 218
417 511
417 512
417 732
417 733
418 218
418 510
418 734
419 217
419 218
419 508
419 509
419 735
419 736
420 217
420 507
420 508
420 736
420 737
421 217
421 506
421 738
422 216
422 504
422 505
422 739
422 740
423 216
423 503
423 504
423 740
423 741
424 216
424 502
424 742
425 215
425 501
425 743
426 215
426 499
426 500
426 744
426 745
427 215
427 498
427 499
427 745
427 746
428 214
428 497
428 498
428 746
428 747
429 214
429 496
429 748
430 213
430 214
430 495
430 749
431 213
431 494
431 750
432 213
432 493
432 751
433 212
433 492
433 752
434 212
434 490
434 491
434 753
434 754
435 212
435 489
435 490
435 754
435 755
436 211
436 488
436 489
436 755
436 756
437 211
437 487
437 488
437 756
437 757
438 211
438 486
438 487
438 757
438 758
439 210
439 485
439 486
439 758
439 759
440 210
440 484
440 485
440 759
440 760
441 210
441 484
441 760
442 209
442 210
442 483
442 761
443 209
443 482
443 762
444 209
444 481
444 763
445 209
445 480
445 764
446 208
446 479
446 765
447 208
447 478
447 766
448 208
448 477
448 478
448 766
448 767
449 207
449 476
449 477
449 767
449 768
450 207
450 476
450 768
451 207
451 475
451 769
452 206
452 207
452 474
452 770
453 206
453 473
453 771
454 206
454 472
454 473
454 771
454 772
455 206
455 472
455 772
456 205
456 471
456 773
457 205
457 470
457 774
458 205
458 469
458 470
458 774
458 775
459 205
459 469
459 607
459 608
459 609
459 610
459 611
459 612
459 613
459 614
459 615
459 616
459 617
459 618
459 619
459 620
459 621
459 622
459 623
459 624
459 625
459 626
459 627
459 628
459 629
459 630
459 631
459 632
459 633
459 634
459 635
459 636
459 637
459 775
460 204
460 468
460 601
460 602
460 603
460 604
460 605
460 606
460 607
460 637
460 638
460 639
460 640
460 641
460 642
460 643
460 776
461 204
461 467
461 597
461 598
461 599
461 600
461 644
461 645
461 646
461 647
461 777
462 204
462 466
462 467
462 593
462 594
462 595
462 596
462 648
462 649
462 650
462 651
462 777
462 778
463 203
463 466
463 589
463 590
463 591
463 592
463 652
463 653
463 654
463 655
463 778
464 203
464 465
464 586
464 587
464 588
464 656
464 657
464 658
464 779
465 203
465 464
465 583
465 584
465 585
465 659
465 660
465 661
465 780
466 203
466 464
466 581
466 582
466 662
466 663
466 780
467 202
467 463
467 578
467 579
467 580
467 664
467 665
467 666
467 781
468 202
468 462
468 576
468 577
468 667
468 668
468 782
469 202
469 462
469 574
469 575
469 669
469 670
469 782
470 202
470 461
470 572
470 573
470 671
470 672
470 783
471 201
471 460
471 461
471 570
471 571
471 673
471 674
471 783
471 784
472 201
472 460
472 568
472 569
472 675
472 676
472 784
473 201
473 459
473 566
473 567
473 677
473 678
473 785
474 201
474 459
474 564
474 565
474 679
474 680
474 785
475 201
475 458
475 563
475 564
475 680
475 681
475 786
476 200
476 457
476 458
476 561
476 562
476 682
476 683
476 786
476 787
477 200
477 457
477 559
477 560
477 684
477 685
477 787
478 200
478 456
478 558
478 559
478 685
478 686
478 788
479 200
479 456
479 557
479 687
479 788
480 199
480 455
480 555
480 556
480 688
480 689
480 789
481 199
481 455
481 554
481 555
481 689
481 690
481 789
482 199
482 454
482 553
482 691
482 790
483 199
483 454
483 551
483 552
483 692
483 693
483 790
484 199
484 453
484 550
484 551
484 693
484 694
484 791
485 198
485 452
485 453
485 549
485 695
485 791
485 792
486 198
486 452
486 548
486 696
486 792
487 198
487 451
487 452
487 547
487 697
487 792
487 793
488 198
488 451
488 545
488 546
488 698
488 699
488 793
489 198
489 450
489 451
489 544
489 545
489 699
489 700
489 793
489 794
490 197
490 450
490 543
490 544
490 700
490 701
490 794
491 197
491 450
491 542
491 543
491 701
491 702
491 794
492 197
492 449
492 541
492 542
492 702
492 703
492 795
493 197
493 449
493 540
493 541
493 703
493 704
493 795
494 197
494 448
494 539
494 540
494 704
494 705
494 796
495 196
495 448
495 538
495 539
495 705
495 706
495 796
496 196
496 447
496 538
496 706
496 797
497 196
497 447
497 537
497 707
497 797
498 196
498 446
498 447
498 536
498 708
498 797
498 798
499 196
499 446
499 535
499 709
499 798
500 196
500 446
500 534
500 610
500 611
500 612
500 613
500 614
500 615
500 616
500 617
500 618
500 619
500 620
500 621
500 622
500 623
500 624
500 625
500 626
500 627
500 628
500 629
500 630
500 631
500 632
500 633
500 634
500 710
500 798
501 195
501 445
501 533
501 534
501 606
501 607
501 608
501 609
501 610
501 634
501 635
501 636
501 637
501 638
501 710
501 711
501 799
502 195
502 445
502 533
502 602
502 603
502 604
502 605
502 639
502 640
502 641
502 642
502 711
502 799
503 195
503 444
503 532
503 599
503 600
503 601
503 643
503 644
503 645
503 712
503 800
504 195
504 444
504 531
504 596
504 597
504 598
504 646
504 647
504 648
504 713
504 800
505 195
505 444
505 530
505 531
505 594
505 595
505 649
505 650
505 713
505 714
505 800
506 195
506 443
506 530
506 591
506 592
506 593
506 651
506 652
506 653
506 714
506 801
507 194
507 443
507 529
507 589
507 590
507 591
507 653
507 654
507 655
507 715
507 801
508 194
508 443
508 528
508 587
508 588
508 589
508 655
508 656
508 657
508 716
508 801
509 194
509 442
509 527
509 528
509 586
509 587
509 657
509 658
509 716
509 717
509 802
510 194
510 442
510 527
510 584
510 585
510 659
510 660
510 717
510 802
511 194
511 442
511 526
511 582
511 583
511 661
511 662
511 718
511 802
512 194
512 441
512 526
512 581
512 582
512 662
512 663
512 718
512 803
513 194
513 441
513 525
513 580
513 664
513 719
513 803
514 193
514 441
514 524
514 525
514 578
514 579
514 665
514 666
514 719
514 720
514 803
515 193
515 440
515 524
515 577
515 578
515 666
515 667
515 720
515 804
516 193
516 440
516 523
516 576
516 668
516 721
516 804
517 193
517 440
517 523
517 575
517 669
517 721
517 804
518 193
518 439
518 522
518 573
518 574
518 670
518 671
518 722
518 805
519 193
519 439
519 522
519 572
519 573
519 671
519 672
519 722
519 805
520 193
520 439
520 521
520 571
520 572
520 672
520 673
520 723
520 805
521 193
521 438
521 521
521 570
521 571
521 673
521 674
521 723
521 806
522 192
522 438
522 520
522 569
522 570
522 674
522 675
522 724
522 806
523 192
523 438
523 520
523 568
523 569
523 675
523 676
523 724
523 806
524 192
524 438
524 519
524 568
524 676
524 725
524 806
525 192
525 437
525 519
525 567
525 677
525 725
525 807
526 192
526 437
526 518
526 566
526 678
526 726
526 807
527 192
527 437
527 518
527 565
527 679
527 726
527 807
528 192
528 437
528 517
528 564
528 565
528 679
528 680
528 727
528 807
529 192
529 436
529 517
529 564
529 680
529 727
529 808
530 192
530 436
530 517
530 563
530 681
530 727
530 808
531 191
531 436
531 516
531 562
531 682
531 728
531 808
532 191
532 436
532 516
532 561
532 562
532 682
532 683
532 728
532 808
533 191
533 436
533 515
533 561
533 683
533 729
533 808
534 191
534 435
534 515
534 560
534 684
534 729
534 809
535 191
535 435
535 515
535 560
535 684
535 729
535 809
536 191
536 435
536 514
536 559
536 685
536 730
536 809
537 191
537 435
537 514
537 558
537 559
537 685
537 686
537 730
537 809
538 191
538 435
538 514
538 558
538 686
538 730
538 809
539 191
539 434
539 513
539 557
539 558
539 686
539 687
539 731
539 810
540 191
540 434
540 513
540 557
540 687
540 731
540 810
541 191
541 434
541 513
541 556
541 557
541 687
541 688
541 731
541 810
542 191
542 434
542 513
542 556
542 615
542 616
542 617
542 618
542 619
542 620
542 621
542 622
542 623
542 624
542 625
542 626
542 627
542 628
542 629
542 688
542 731
542 810
543 190
543 434
543 512
543 556
543 612
543 613
543 614
543 630
543 631
543 632
543 688
543 732
543 810
544 190
544 434
544 512
544 555
544 609
544 610
544 611
544 633
544 634
544 635
544 689
544 732
544 810
545 190
545 433
545 512
545 555
545 607
545 608
545 636
545 637
545 689
545 732
545 811
546 190
546 433
546 512
546 554
546 606
546 607
546 637
546 638
546 690
546 732
546 811
547 190
547 433
547 511
547 554
547 604
547 605
547 639
547 640
547 690
547 733
547 811
548 190
548 433
548 511
548 554
548 603
548 604
548 640
548 641
548 690
548 733
548 811
549 190
549 433
549 511
549 553
549 602
549 642
549 691
549 733
549 811
550 190
550 433
550 511
550 553
550 601
550 643
550 691
550 733
550 811
551 190
551 433
551 510
551 553
551 600
551 644
551 691
551 734
551 811
552 190
552 433
552 510
552 552
552 599
552 645
552 692
552 734
552 811
553 190
553 432
553 510
553 552
553 598
553 646
553 692
553 734
553 812
554 190
554 432
554 510
554 552
554 597
554 598
554 646
554 647
554 692
554 734
554 812
555 190
555 432
555 510
555 552
555 597
555 647
555 692
555 734
555 812
556 190
556 432
556 510
556 551
556 596
556 648
556 693
556 734
556 812
557 190
557 432
557 509
557 510
557 551
557 595
557 596
557 648
557 649
557 693
557 734
557 735
557 812
558 190
558 432
558 509
558 551
558 595
558 649
558 693
558 735
558 812
559 190
559 432
559 509
559 551
559 594
559 650
559 693
559 735
559 812
560 190
560 432
560 509
560 550
560 551
560 594
560 650
560 693
560 694
560 735
560 812
561 190
561 432
561 509
561 550
561 594
561 650
561 694
561 735
561 812
562 190
562 432
562 509
562 550
562 593
562 651
562 694
562 735
562 812
563 190
563 432
563 509
563 550
563 593
563 651
563 694
563 735
563 812
564 190
564 432
564 509
564 550
564 593
564 651
564 694
564 735
564 812
565 190
565 432
565 509
565 550
565 592
565 652
565 694
565 735
565 812
566 190
566 432
566 509
566 550
566 592
566 652
566 694
566 735
566 812
567 190
567 432
567 509
567 550
567 592
567 652
567 694
567 735
567 812
568 190
568 432
568 509
568 550
568 592
568 652
568 694
568 735
568 812
569 190
569 432
569 509
569 550
569 592
569 652
569 694
569 735
569 812
570 190
570 432
570 509
570 550
570 592
570 652
570 694
570 735
570 812
571 190
571 432
571 509
571 550
571 592
571 652
571 694
571 735
571 812
572 190
572 432
572 509
572 550
572 592
572 652
572 694
572 735
572 812
573 190
573 432
573 509
573 550
573 592
573 652
573 694
573 735
573 812
574 190
574 432
574 509
574 550
574 592
574 652
574 694
574 735
574 812
575 190
575 432
575 509
575 550
575 592
575 652
575 694
575 735
575 812
576 190
576 432
576 509
576 550
576 592
576 652
576 694
576 735
576 812
577 190
577 432
577 509
577 550
577 592
577 652
577 694
577 735
577 812
578 190
578 432
578 509
578 550
578 592
578 652
578 694
578 735
578 812
579 190
579 432
579 509
579 550
579 592
579 652
579 694
579 735
579 812
580 190
580 432
580 509
580 550
580 593
580 651
580 694
580 735
580 812
581 190
581 432
581 509
581 550
581 593
581 651
581 694
581 735
581 812
582 190
582 432
582 509
582 550
582 593
582 651
582 694
582 735
582 812
583 190
583 432
583 509
583 550
583 594
583 650
583 694
583 735
583 812
584 190
584 432
584 509
584 550
584 551
584 594
584 650
584 693
584 694
584 735
584 812
585 190
585 432
585 509
585 551
585 594
585 650
585 693
585 735
585 812
586 190
586 432
586 509
586 551
586 595
586 649
586 693
586 735
586 812
587 190
587 432
587 509
587 510
587 551
587 595
587 596
587 648
587 649
587 693
587 734
587 735
587 812
588 190
588 432
588 510
588 551
588 596
588 648
588 693
588 734
588 812
589 190
589 432
589 510
589 552
589 597
589 647
589 692
589 734
589 812
590 190
590 432
590 510
590 552
590 597
590 598
590 646
590 647
590 692
590 734
590 812
591 190
591 432
591 510
591 552
591 598
591 646
591 692
591 734
591 812
592 190
592 433
592 510
592 552
592 599
592 645
592 692
592 734
592 811
593 190
593 433
593 510
593 553
593 600
593 644
593 691
593 734
593 811
594 190
594 433
594 511
594 553
594 601
594 643
594 691
594 733
594 811
595 190
595 433
595 511
595 553
595 602
595 642
595 691
595 733
595 811
596 190
596 433
596 511
596 554
596 603
596 604
596 640
596 641
596 690
596 733
596 811
597 190
597 433
597 511
597 554
597 604
597 605
597 639
597 640
597 690
597 733
597 811
598 190
598 433
598 512
598 554
598 606
598 607
598 637
598 638
598 690
598 732
598 811
599 190
599 433
599 512
599 555
599 607
599 608
599 636
599 637
599 689
599 732
599 811
600 190
600 434
600 512
600 555
600 609
600 610
600 611
600 633
600 634
600 635
600 689
600 732
600 810
601 190
601 434
601 512
601 556
601 612
601 613
601 614
601 630
601 631
601 632
601 688
601 732
601 810
602 191
602 434
602 513
602 556
602 615
602 616
602 617
602 618
602 619
602 620
602 621
602 622
602 623
602 624
602 625
602 626
602 627
602 628
602 629
602 688
602 731
602 810
603 191
603 434
603 513
603 556
603 557
603 687
603 688
603 731
603 810
604 191
604 434
604 513
604 557
604 687
604 731
604 810
605 191
605 434
605 513
605 557
605 558
605 686
605 687
605 731
605 810
606 191
606 435
606 514
606 558
606 686
606 730
606 809
607 191
607 435
607 514
607 558
607 559
607 685
607 686
607 730
607 809
608 191
608 435
608 514
608 559
608 685
608 730
608 809
609 191
609 435
609 515
609 560
609 684
609 729
609 809
610 191
610 435
610 515
610 560
610 684
610 729
610 809
611 191
611 436
611 515
611 561
611 683
611 729
611 808
612 191
612 436
612 516
612 561
612 562
612 682
612 683
612 728
612 808
613 191
613 436
613 516
613 562
613 682
613 728
613 808
614 192
614 436
614 517
614 563
614 681
614 727
614 808
615 192
615 436
615 517
615 564
615 680
615 727
615 808
616 192
616 437
616 517
616 564
616 565
616 679
616 680
616 727
616 807
617 192
617 437
617 518
617 565
617 679
617 726
617 807
618 192
618 437
618 518
618 566
618 678
618 726
618 807
619 192
619 437
619 519
619 567
619 677
619 725
619 807
620 192
620 438
620 519
620 568
620 676
620 725
620 806
621 192
621 438
621 520
621 568
621 569
621 675
621 676
621 724
621 806
622 192
622 438
622 520
622 569
622 570
622 674
622 675
622 724
622 806
623 193
623 438
623 521
623 570
623 571
623 673
623 674
623 723
623 806
624 193
624 439
624 521
624 571
624 572
624 672
624 673
624 723
624 805
625 193
625 439
625 522
625 572
625 573
625 671
625 672
625 722
625 805
626 193
626 439
626 522
626 573
626 574
626 670
626 671
626 722
626 805
627 193
627 440
627 523
627 575
627 669
627 721
627 804
628 193
628 440
628 523
628 576
628 668
628 721
628 804
629 193
629 440
629 524
629 577
629 578
629 666
629 667
629 720
629 804
630 193
630 441
630 524
630 525
630 578
630 579
630 665
630 666
630 719
630 720
630 803
631 194
631 441
631 525
631 580
631 664
631 719
631 803
632 194
632 441
632 526
632 581
632 582
632 662
632 663
632 718
632 803
633 194
633 442
633 526
633 582
633 583
633 661
633 662
633 718
633 802
634 194
634 442
634 527
634 584
634 585
634 659
634 660
634 717
634 802
635 194
635 442
635 527
635 528
635 586
635 587
635 657
635 658
635 716
635 717
635 802
636 194
636 443
636 528
636 587
636 588
636 589
636 655
636 656
636 657
636 716
636 801
637 194
637 443
637 529
637 589
637 590
637 591
637 653
637 654
637 655
637 715
637 801
638 195
638 443
638 530
638 591
638 592
638 593
638 651
638 652
638 653
638 714
638 801
639 195
639 444
639 530
639 531
639 594
639 595
639 649
639 650
639 713
639 714
639 800
640 195
640 444
640 531
640 596
640 597
640 598
640 646
640 647
640 648
640 713
640 800
641 195
641 444
641 532
641 599
641 600
641 601
641 643
641 644
641 645
641 712
641 800
642 195
642 445
642 533
642 602
642 603
642 604
642 605
642 639
642 640
642 641
642 642
642 711
642 799
643 195
643 445
643 533
643 534
643 606
643 607
643 608
643 609
643 610
643 634
643 635
643 636
643 637
643 638
643 710
643 711
643 799
644 196
644 446
644 534
644 610
644 611
644 612
644 613
644 614
644 615
644 616
644 617
644 618
644 619
644 620
644 621
644 622
644 623
644 624
644 625
644 626
644 627
644 628
644 629
644 630
644 631
644 632
644 633
644 634
644 710
644 798
645 196
645 446
645 535
645 709
645 798
646 196
646 446
646 447
646 536
646 708
646 797
646 798
647 196
647 447
647 537
647 707
647 797
648 196
648 447
648 538
648 706
648 797
649 196
649 448
649 538
649 539
649 705
649 706
649 796
650 197
650 448
650 539
650 540
650 704
650 705
650 796
651 197
651 449
651 540
651 541
651 703
651 704
651 795
652 197
652 449
652 541
652 542
652 702
652 703
652 795
653 197
653 450
653 542
653 543
653 701
653 702
653 794
654 197
654 450
654 543
654 544
654 700
654 701
654 794
655 198
655 450
655 451
655 544
655 545
655 699
655 700
655 793
655 794
656 198
656 451
656 545
656 546
656 698
656 699
656 793
657 198
657 451
657 452
657 547
657 697
657 792
657 793
658 198
658 452
658 548
658 696
658 792
659 198
659 452
659 453
659 549
659 695
659 791
659 792
660 199
660 453
660 550
660 551
660 693
660 694
660 791
661 199
661 454
661 551
661 552
661 692
661 693
661 790
662 199
662 454
662 553
662 691
662 790
663 199
663 455
663 554
663 555
663 689
663 690
663 789
664 199
664 455
664 555
664 556
664 688
664 689
664 789
665 200
665 456
665 557
665 687
665 788
666 200
666 456
666 558
666 559
666 685
666 686
666 788
667 200
667 457
667 559
667 560
667 684
667 685
667 787
668 200
668 457
668 458
668 561
668 562
668 682
668 683
668 786
668 787
669 201
669 458
669 563
669 564
669 680
669 681
669 786
670 201
670 459
670 564
670 565
670 679
670 680
670 785
671 201
671 459
671 566
671 567
671 677
671 678
671 785
672 201
672 460
672 568
672 569
672 675
672 676
672 784
673 201
673 460
673 461
673 570
673 571
673 673
673 674
673 783
673 784
674 202
674 461
674 572
674 573
674 671
674 672
674 783
675 202
675 462
675 574
675 575
675 669
675 670
675 782
676 202
676 462
676 576
676 577
676 667
676 668
676 782
677 202
677 463
677 578
677 579
677 580
677 664
677 665
677 666
677 781
678 203
678 464
678 581
678 582
678 662
678 663
678 780
679 203
679 464
679 583
679 584
679 585
679 659
679 660
679 661
679 780
680 203
680 465
680 586
680 587
680 588
680 656
680 657
680 658
680 779
681 203
681 466
681 589
681 590
681 591
681 592
681 652
681 653
681 654
681 655
681 778
682 204
682 466
682 467
682 593
682 594
682 595
682 596
682 648
682 649
682 650
682 651
682 777
682 778
683 204
683 467
683 597
683 598
683 599
683 600
683 644
683 645
683 646
683 647
683 777
684 204
684 468
684 601
684 602
684 603
684 604
684 605
684 606
684 607
684 637
684 638
684 639
684 640
684 641
684 642
684 643
684 776
685 205
685 469
685 607
685 608
685 609
685 610
685 611
685 612
685 613
685 614
685 615
685 616
685 617
685 618
685 619
685 620
685 621
685 622
685 623
685 624
685 625
685 626
685 627
685 628
685 629
685 630
685 631
685 632
685 633
685 634
685 635
685 636
685 637
685 775
686 205
686 469
686 470
686 774
686 775
687 205
687 470
687 774
688 205
688 471
688 773
689 206
689 472
689 772
690 206
690 472
690 473
690 771
690 772
691 206
691 473
691 771
692 206
692 207
692 474
692 770
693 207
693 475
693 769
694 207
694 476
694 768
695 207
695 476
695 477
695 767
695 768
696 208
696 477
696 478
696 766
696 767
697 208
697 478
697 766
698 208
698 479
698 765
699 209
699 480
699 764
700 209
700 481
700 763
701 209
701 482
701 762
702 209
702 210
702 483
702 761
703 210
703 484
703 760
704 210
704 484
704 485
704 759
704 760
705 210
705 485
705 486
705 758
705 759
706 211
706 486
706 487
706 757
706 758
707 211
707 487
707 488
707 756
707 757
708 211
708 488
708 489
708 755
708 756
709 212
709 489
709 490
709 754
709 755
710 212
710 490
710 491
710 753
710 754
711 212
711 492
711 752
712 213
712 493
712 751
713 213
713 494
713 750
714 213
714 214
714 495
714 749
715 214
715 496
715 748
716 214
716 497
716 498
716 746
716 747
717 215
717 498
717 499
717 745
717 746
718 215
718 499
718 500
718 744
718 745
719 215
719 501
719 743
720 216
720 502
720 742
721 216
721 503
721 504
721 740
721 741
722 216
722 504
722 505
722 739
722 740
723 217
723 506
723 738
724 217
724 507
724 508
724 736
724 737
725 217
725 218
725 508
725 509
725 735
725 736
726 218
726 510
726 734
727 218
727 511
727 512
727 732
727 733
728 219
728 512
728 513
728 731
728 732
729 219
729 514
729 730
730 219
730 515
730 516
730 728
730 729
731 220
731 517
731 727
732 220
732 518
732 519
732 725
732 726
733 221
733 520
733 521
733 723
733 724
734 221
734 521
734 522
734 722
734 723
735 221
735 523
735 524
735 720
735 721
736 222
736 525
736 526
736 718
736 719
737 222
737 526
737 527
737 717
737 718
738 223
738 528
738 529
738 715
738 716
739 223
739 530
739 531
739 713
739 714
740 223
740 224
740 532
740 533
740 711
740 712
741 224
741 534
741 535
741 709
741 710
742 224
742 535
742 536
742 537
742 707
742 708
742 709
743 225
743 537
743 538
743 539
743 705
743 706
743 707
744 225
744 539
744 540
744 541
744 703
744 704
744 705
745 226
745 542
745 543
745 701
745 702
746 226
746 544
746 545
746 699
746 700
747 226
747 227
747 546
747 547
747 548
747 696
747 697
747 698
748 227
748 548
748 549
748 550
748 694
748 695
748 696
749 227
749 551
749 552
749 692
749 693
750 228
750 553
750 554
750 555
750 689
750 690
750 691
751 228
751 556
751 557
751 558
751 686
751 687
751 688
752 229
752 559
752 560
752 561
752 683
752 684
752 685
753 229
753 562
753 563
753 564
753 680
753 681
753 682
754 230
754 565
754 566
754 567
754 677
754 678
754 679
755 230
755 568
755 569
755 570
755 674
755 675
755 676
756 231
756 571
756 572
756 573
756 574
756 670
756 671
756 672
756 673
757 231
757 575
757 576
757 577
757 578
757 666
757 667
757 668
757 669
758 231
758 232
758 579
758 580
758 581
758 582
758 583
758 661
758 662
758 663
758 664
758 665
759 232
759 584
759 585
759 586
759 587
759 588
759 656
759 657
759 658
759 659
759 660
760 232
760 233
760 589
760 590
760 591
760 592
760 593
760 594
760 650
760 651
760 652
760 653
760 654
760 655
761 233
761 595
761 596
761 597
761 598
761 599
761 600
761 601
761 602
761 642
761 643
761 644
761 645
761 646
761 647
761 648
761 649
762 233
762 234
762 603
762 604
762 605
762 606
762 607
762 608
762 609
762 610
762 611
762 612
762 613
762 614
762 615
762 616
762 617
762 618
762 619
762 620
762 621
762 622
762 623
762 624
762 625
762 626
762 627
762 628
762 629
762 630
762 631
762 632
762 633
762 634
762 635
762 636
762 637
762 638
762 639
762 640
762 641
763 234
764 234
764 235
765 235
766 235
766 236
767 236
768 236
768 237
769 237
770 237
770 238
771 238
772 238
772 239
773 239
774 240
775 240
776 241
777 241
778 242
779 242
780 243
781 243
782 244
782 1000
783 244
783 245
783 999
783 1000
784 245
784 999
785 246
785 998
786 246
786 998
787 247
787 997
788 247
788 997
789 248
789 996
790 248
790 249
790 995
790 996
791 249
791 995
792 250
792 994
793 250
793 994
794 251
794 993
795 251
795 252
795 992
795 993
796 252
796 992
797 253
797 991
798 253
798 991
799 254
799 990
800 254
800 255
800 989
800 990
801 255
801 989
802 256
802 988
803 256
803 988
804 257
804 987
805 258
805 986
806 258
806 986
807 259
807 985
808 259
808 260
808 984
808 985
809 260
809 984
810 261
810 983
811 261
811 262
811 982
811 983
812 262
812 982
813 263
813 981
814 263
814 264
814 980
814 981
815 264
815 980
816 265
816 979
817 265
817 266
817 978
817 979
818 266
818 978
819 267
819 977
820 268
820 976
821 268
821 976
822 269
822 975
823 270
823 974
824 270
824 271
824 973
824 974
825 271
825 973
826 272
826 972
827 273
827 971
828 273
828 274
828 970
828 971
829 274
829 970
830 275
830 969
831 276
831 968
832 276
832 277
832 967
832 968
833 277
833 967
834 278
834 966
835 279
835 965
836 279
836 280
836 964
836 965
837 280
837 964
838 281
838 963
839 282
839 962
840 282
840 283
840 961
840 962
841 283
841 961
842 284
842 960
843 285
843 959
844 286
844 958
845 286
845 287
845 957
845 958
846 287
846 288
846 956
846 957
847 288
847 956
848 289
848 955
849 290
849 954
850 291
850 953
851 291
851 292
851 952
851 953
852 292
852 293
852 951
852 952
853 293
853 951
854 294
854 950
855 295
855 949
856 296
856 948
857 297
857 947
858 297
858 298
858 946
858 947
859 298
859 299
859 945
859 946
860 299
860 300
860 944
860 945
861 300
861 944
862 301
862 943
863 302
863 942
864 303
864 941
865 304
865 940
866 305
866 939
867 306
867 938
868 306
868 307
868 937
868 938
869 307
869 308
869 936
869 937
870 308
870 309
870 935
870 936
871 309
871 310
871 934
871 935
872 310
872 311
872 933
872 934
873 311
873 312
873 932
873 933
874 312
874 313
874 931
874 932
875 313
875 314
875 930
875 931
876 314
876 315
876 929
876 930
877 315
877 316
877 928
877 929
878 316
878 317
878 927
878 928
879 317
879 318
879 926
879 927
880 318
880 319
880 925
880 926
881 319
881 320
881 924
881 925
882 320
882 321
882 923
882 924
883 321
883 322
883 922
883 923
884 322
884 323
884 921
884 922
885 323
885 324
885 920
885 921
886 324
886 325
886 919
886 920
887 325
887 326
887 918
887 919
888 326
888 327
888 917
888 918
889 328
889 916
890 329
890 915
891 330
891 914
892 331
892 913
893 332
893 912
894 333
894 334
894 910
894 911
895 334
895 335
895 909
895 910
896 335
896 336
896 908
896 909
897 336
897 337
897 907
897 908
898 338
898 906
899 339
899 905
900 340
900 904
901 341
901 342
901 902
901 903
902 342
902 343
902 901
902 902
903 343
903 344
903 900
903 901
904 345
904 899
905 346
905 898
906 347
906 348
906 896
906 897
907 348
907 349
907 895
907 896
908 349
908 350
908 894
908 895
909 351
909 893
910 352
910 892
911 353
911 354
911 890
911 891
912 354
912 355
912 889
912 890
913 356
913 888
914 357
914 358
914 886
914 887
915 358
915 359
915 885
915 886
916 360
916 884
917 361
917 362
917 882
917 883
918 362
918 363
918 881
918 882
919 364
919 880
920 365
920 366
920 878
920 879
921 366
921 367
921 877
921 878
922 368
922 876
923 369
923 370
923 874
923 875
924 370
924 371
924 873
924 874
925 372
925 872
926 373
926 374
926 870
926 871
927 375
927 869
928 376
928 377
928 867
928 868
929 377
929 378
929 866
929 867
930 379
930 380
930 864
930 865
931 380
931 381
931 863
931 864
932 382
932 383
932 861
932 862
933 383
933 384
933 860
933 861
934 385
934 386
934 858
934 859
935 386
935 387
935 857
935 858
936 388
936 389
936 855
936 856
937 390
937 854
938 391
938 392
938 852
938 853
939 393
939 394
939 850
939 851
940 394
940 395
940 849
940 850
941 396
941 397
941 847
941 848
942 398
942 399
942 845
942 846
943 399
943 400
943 844
943 845
944 401
944 402
944 842
944 843
945 403
945 404
945 840
945 841
946 404
946 405
946 839
946 840
947 406
947 407
947 837
947 838
948 408
948 409
948 835
948 836
949 410
949 411
949 833
949 834
950 411
950 412
950 832
950 833
951 413
951 414
951 830
951 831
952 415
952 416
952 828
952 829
953 417
953 418
953 826
953 827
954 419
954 420
954 824
954 825
955 421
955 422
955 822
955 823
956 422
956 423
956 424
956 820
956 821
956 822
957 424
957 425
957 426
957 818
957 819
957 820
958 426
958 427
958 428
958 816
958 817
958 818
959 428
959 429
959 430
959 814
959 815
959 816
960 430
960 431
960 432
960 812
960 813
960 814
961 432
961 433
961 434
961 810
961 811
961 812
962 434
962 435
962 436
962 808
962 809
962 810
963 436
963 437
963 438
963 806
963 807
963 808
964 439
964 440
964 804
964 805
965 441
965 442
965 802
965 803
966 443
966 444
966 800
966 801
967 445
967 446
967 447
967 797
967 798
967 799
968 447
968 448
968 449
968 795
968 796
968 797
969 450
969 451
969 793
969 794
970 452
970 453
970 454
970 790
970 791
970 792
971 454
971 455
971 456
971 788
971 789
971 790
972 457
972 458
972 786
972 787
973 459
973 460
973 461
973 783
973 784
973 785
974 462
974 463
974 781
974 782
975 464
975 465
975 466
975 778
975 779
975 780
976 467
976 468
976 469
976 775
976 776
976 777
977 469
977 470
977 471
977 773
977 774
977 775
978 472
978 473
978 474
978 770
978 771
978 772
979 475
979 476
979 477
979 767
979 768
979 769
980 478
980 479
980 480
980 764
980 765
980 766
981 480
981 481
981 482
981 762
981 763
981 764
982 483
982 484
982 485
982 759
982 760
982 761
983 486
983 487
983 488
983 756
983 757
983 758
984 489
984 490
984 491
984 492
984 752
984 753
984 754
984 755
985 492
985 493
985 494
985 495
985 749
985 750
985 751
985 752
986 496
986 497
986 498
986 746
986 747
986 748
987 499
987 500
987 501
987 502
987 742
987 743
987 744
987 745
988 502
988 503
988 504
988 505
988 739
988 740
988 741
988 742
989 506
989 507
989 508
989 509
989 735
989 736
989 737
989 738
990 510
990 511
990 512
990 732
990 733
990 734
991 513
991 514
991 515
991 516
991 728
991 729
991 730
991 731
992 517
992 518
992 519
992 520
992 724
992 725
992 726
992 727
993 521
993 522
993 523
993 524
993 525
993 719
993 720
993 721
993 722
993 723
994 526
994 527
994 528
994 529
994 715
994 716
994 717
994 718
995 530
995 531
995 532
995 533
995 534
995 710
995 711
995 712
995 713
995 714
996 535
996 536
996 537
996 538
996 539
996 705
996 706
996 707
996 708
996 709
997 540
997 541
997 542
997 543
997 544
997 700
997 701
997 702
997 703
997 704
998 545
998 546
998 547
998 548
998 549
998 550
998 694
998 695
998 696
998 697
998 698
998 699
999 551
999 552
999 553
999 554
999 555
999 556
999 688
999 689
999 690
999 691
999 692
999 693
1000 557
1000 558
1000 559
1000 560
1000 561
1000 562
1000 563
1000 681
1000 682
1000 683
1000 684
1000 685
1000 686
1000 687
