8
3
1 2 3 4 5 5
3 4 5 6 7 5
4 5 1 2 3 5 6 7 8 9
5
10 11 15 61 42 14 112 34
12 13 11 61 42 10 34 12 14 112
10 10 13 11 112 54 61 13 13 34
11 112 15 42 13 34 17 10
71 10 11 112 75 63 15 42 34 56 67
4
1 2
3 4 5
6 7 8 9
10 11 12 13 14
2
1 11 111 1111 11111
1 11 111 1111 11111
3
1 2 3
1 2 3
1 2 3
5
100 150 200 250 300 350
1 2 3 4
100 150 200 250
1 2 3 4
300 400
7
1 1 1 4 5 5 7 8 8 9 10 11 14 15 16 17 20
11 10 14 15 4 5 3 1
14 15 4 3 3 1
14 15 4 3 8 1 12 11
11 10 12 123 23 24 14 15 4 5 3 1
14 15 4 14 3 121 76 1
14 15 4 3 8 1 12 11 40 21
10
45 46 4 47 48
55 56 4 57 58 59
1 2 4
3 4
5 4 6
4 7 8
4 9 10
1 2 4
1 2 4
3 4
