100 100
21 27
38 17
26 0
14 21
20 28
0 5
23 27
5 8
11 18
25 0
36 23
2 28
38 16
4 29
3 16
15 21
30 14
20 13
37 35
17 19
22 32
29 21
22 0
27 13
32 35
40 30
30 18
12 11
34 40
40 3
31 1
29 28
5 14
24 7
34 28
24 16
9 5
28 10
20 29
24 19
10 5
20 15
26 24
7 1
34 8
22 4
1 12
22 15
26 18
15 39
37 32
39 36
19 4
38 27
13 22
38 0
2 36
31 11
30 40
27 30
19 28
9 29
1 15
8 38
13 12
3 33
34 30
9 9
31 35
24 0
1 7
12 19
38 4
6 36
24 33
30 5
8 18
3 37
26 15
33 3
23 34
16 27
31 22
19 21
8 20
15 9
3 24
33 11
8 35
36 8
26 31
16 37
34 21
0 3
13 1
1 18
39 19
29 11
8 4
28 16
