1000 50000
35 128
495 465
63 467
270 257
220 236
346 421
59 344
7 231
430 327
115 147
39 165
8 48
253 464
43 469
200 390
219 450
441 133
294 5
18 113
228 147
238 185
416 358
297 231
115 326
79 320
94 253
131 488
484 225
51 412
227 464
424 305
20 196
24 47
203 286
152 301
349 10
102 316
107 267
487 57
389 74
365 484
181 274
460 83
260 136
46 362
222 94
373 52
284 373
441 493
175 273
174 56
281 420
110 168
119 318
33 52
112 448
432 250
396 199
216 104
434 453
301 50
474 43
303 449
484 91
57 472
56 32
51 72
387 41
287 494
97 465
182 136
486 456
81 208
141 424
148 379
346 317
270 388
303 261
227 47
445 202
462 233
276 456
153 14
87 338
148 261
88 60
94 226
321 396
191 173
249 414
88 448
154 378
266 323
251 191
171 245
119 157
397 313
263 234
227 86
367 155
402 500
293 186
145 469
88 266
158 91
166 486
289 9
329 86
314 422
410 65
241 171
387 209
10 55
8 312
108 244
145 273
170 493
135 297
236 70
27 404
299 272
349 92
106 242
162 330
238 53
341 423
14 24
279 219
350 481
424 165
373 167
432 21
336 266
457 469
357 263
316 388
442 435
298 374
176 271
178 158
38 67
150 376
457 220
397 153
478 243
227 44
196 456
408 494
112 25
56 329
55 370
18 251
111 46
123 494
236 311
489 403
221 412
422 264
383 94
43 443
336 342
67 428
171 437
270 249
70 334
302 302
11 235
84 158
392 449
480 210
5 276
468 351
197 492
134 19
469 27
340 20
92 191
51 215
4 149
10 432
397 321
445 2
397 146
47 131
3 269
156 299
79 260
286 339
300 168
2 243
132 486
459 151
448 99
468 436
479 22
488 156
473 250
42 103
185 472
122 269
0 358
409 401
99 267
335 193
355 320
428 339
58 275
125 248
266 184
131 215
0 170
352 453
275 262
81 316
409 403
457 391
29 221
318 453
493 461
107 209
420 403
228 13
31 53
106 42
436 174
283 135
216 487
190 191
305 262
118 263
69 29
8 380
141 294
202 220
110 405
250 67
70 245
386 150
156 387
453 467
144 307
75 379
493 398
50 266
316 414
445 241
455 470
382 159
58 277
269 203
436 3
313 442
283 38
247 301
72 360
303 201
182 376
356 91
232 380
191 139
64 247
297 325
109 238
292 413
429 361
191 126
414 228
49 329
355 18
72 204
4 216
320 66
89 319
92 275
284 7
264 145
177 461
321 376
458 312
87 401
85 275
393 165
100 163
320 326
483 205
156 230
368 380
342 79
450 334
112 433
133 361
207 290
77 246
166 88
219 304
32 374
406 57
250 33
440 103
341 448
147 249
280 427
76 114
298 133
269 267
29 345
237 112
214 84
42 131
433 68
258 40
465 115
299 37
393 177
188 192
233 245
252 154
209 6
224 60
117 184
387 96
256 61
209 233
72 51
331 172
40 94
238 482
404 43
213 62
259 214
98 483
142 321
402 272
152 388
192 414
23 4
131 130
196 249
126 235
271 500
455 489
432 398
84 210
35 148
20 280
215 264
214 180
206 436
352 197
230 237
202 248
348 468
227 271
446 184
33 297
334 484
294 218
270 111
263 390
446 207
82 23
354 219
266 421
196 248
259 70
295 157
448 451
223 253
17 99
234 77
254 186
154 424
214 297
189 436
9 252
196 355
223 112
279 433
343 274
124 303
147 310
81 201
419 1
66 287
327 316
336 36
111 27
36 454
42 91
45 122
161 437
10 444
250 442
61 405
312 19
200 133
230 80
413 427
141 125
386 483
442 423
460 63
278 489
497 123
100 60
192 267
407 190
301 116
392 158
390 103
137 498
459 222
206 54
148 169
77 89
491 168
463 75
296 2
450 153
324 281
300 196
42 140
261 68
342 33
207 143
220 31
230 43
331 464
420 29
71 80
330 429
408 462
35 218
124 2
19 181
209 301
116 272
133 269
484 442
152 148
27 256
336 469
189 96
120 496
319 294
234 358
381 68
178 439
277 283
475 387
188 57
162 38
233 86
129 163
311 139
39 3
193 267
168 17
263 276
287 47
83 334
123 242
143 359
70 266
422 258
145 42
62 177
218 234
214 194
484 148
327 389
295 102
51 422
40 456
29 55
306 399
240 2
44 243
158 275
60 135
388 331
424 26
205 9
294 497
345 262
174 400
158 214
345 200
392 341
364 200
97 163
292 431
264 347
287 283
225 354
350 187
400 25
360 355
305 79
219 492
460 345
248 294
445 359
492 370
14 318
83 413
392 191
49 416
454 332
476 245
56 452
8 461
395 14
481 40
426 402
340 205
343 270
162 20
234 168
150 398
284 287
461 3
332 169
53 281
55 209
40 371
3 274
44 240
79 106
142 421
68 50
492 37
470 137
445 168
165 158
386 143
263 166
320 301
157 228
296 263
222 12
129 154
471 387
273 122
42 110
32 65
300 371
89 111
484 391
132 28
264 216
91 410
177 110
228 364
176 68
313 325
91 43
197 194
339 343
161 475
375 183
239 245
320 307
428 237
264 403
123 208
215 383
109 172
445 232
215 219
68 56
28 412
277 382
420 460
82 441
279 137
209 273
295 465
491 394
28 60
499 197
317 234
380 84
183 123
40 297
334 388
147 279
445 135
80 483
463 146
83 391
212 251
289 182
380 495
91 145
243 193
394 136
220 226
353 442
116 158
266 80
60 265
266 356
34 402
414 30
134 496
325 127
408 39
314 488
196 139
429 475
439 246
441 450
24 473
268 139
80 256
486 61
248 182
465 490
320 254
286 313
10 62
86 209
127 247
90 333
398 163
460 50
131 314
22 117
187 405
377 252
461 302
97 398
276 207
254 121
244 485
132 264
20 499
387 112
133 63
121 173
486 273
154 158
137 411
191 21
286 35
476 395
443 330
144 423
127 305
239 183
412 234
253 238
167 123
328 31
254 279
406 66
331 113
18 397
361 109
469 469
478 379
131 263
115 452
322 260
276 93
49 314
367 167
281 349
462 140
327 369
214 68
214 60
267 79
280 260
257 328
233 95
314 130
308 402
491 343
29 220
229 296
55 240
195 344
342 174
223 446
305 379
414 457
484 260
459 169
355 247
231 38
134 361
203 327
43 274
370 427
275 47
319 310
370 293
451 381
444 223
321 47
481 344
300 305
456 472
77 493
88 394
420 398
250 336
263 404
203 267
259 467
396 13
265 167
154 274
34 79
101 88
203 463
374 258
223 423
167 293
79 164
237 233
313 52
369 82
228 49
369 383
284 105
451 221
180 46
216 454
425 334
182 190
469 479
105 242
137 397
49 112
87 102
315 123
220 385
495 99
410 390
355 278
111 357
16 322
382 496
38 500
329 233
351 1
380 326
435 380
399 172
376 335
412 97
3 484
293 345
306 249
426 366
148 108
92 97
371 20
247 47
357 226
142 338
397 463
284 85
252 476
499 113
196 126
494 308
34 134
465 410
352 427
29 391
403 229
459 138
143 25
209 287
363 472
273 102
364 21
470 299
417 413
154 281
409 374
173 335
175 329
437 145
126 468
181 375
28 245
126 131
156 358
412 281
225 50
62 209
315 281
69 356
49 15
349 243
196 292
154 159
81 112
385 442
471 279
409 105
367 391
118 303
239 78
120 417
349 2
139 40
446 229
130 187
409 190
465 245
365 330
380 185
31 141
483 470
384 488
23 371
62 4
433 376
478 453
85 88
491 447
26 4
56 365
387 294
169 213
23 426
483 323
126 37
270 348
408 303
353 352
464 326
185 93
98 422
371 32
69 155
17 124
117 266
236 477
422 453
277 256
24 412
113 374
344 95
135 20
260 155
288 180
39 167
314 444
290 375
332 121
456 17
306 50
348 311
26 243
473 445
437 5
420 464
260 339
399 147
139 68
195 39
296 158
500 348
354 94
197 476
468 365
346 121
153 212
430 263
331 35
139 237
107 23
432 498
121 292
41 55
24 310
315 136
487 225
459 15
431 490
91 253
451 139
142 4
325 225
188 220
119 356
25 381
485 367
93 445
112 100
285 137
173 427
14 160
418 305
457 108
334 277
426 236
139 57
423 320
398 192
94 269
361 141
286 314
92 490
66 146
342 403
269 208
489 221
495 343
326 213
352 91
448 311
165 407
103 219
65 125
95 245
465 317
240 166
265 343
422 420
382 95
181 43
95 334
483 138
443 255
306 99
284 97
52 317
1 32
49 466
446 265
157 332
240 434
16 387
17 252
188 263
456 33
288 181
391 494
464 464
301 27
316 36
173 81
134 92
181 75
201 348
353 452
354 319
315 435
257 445
479 186
312 284
379 384
101 48
143 72
350 64
229 404
74 328
195 473
388 244
454 59
432 307
161 243
49 81
345 363
229 221
122 148
441 311
113 302
322 498
36 320
381 360
223 30
3 479
245 454
123 264
438 405
71 479
133 474
477 375
236 473
162 297
470 173
394 414
239 138
12 97
186 129
364 292
129 346
106 98
305 55
274 129
363 249
