2000 100000
103 253
182 612
9 640
169 45
73 444
105 956
107 508
144 345
17 438
192 527
9 941
18 761
13 650
44 583
171 556
117 499
63 172
70 39
166 540
170 545
167 980
117 821
167 434
37 845
87 127
85 141
4 298
115 163
69 589
113 343
98 852
106 188
117 404
16 202
131 575
194 283
112 478
110 581
100 627
37 560
58 146
96 87
15 595
170 644
4 553
92 879
38 515
89 313
104 188
15 925
200 808
95 851
5 703
67 773
180 883
86 881
43 298
1 190
74 526
184 934
173 589
85 363
4 128
91 446
127 955
184 575
39 379
132 368
10 85
141 178
97 106
52 799
160 361
134 33
50 248
0 332
18 147
78 814
123 55
147 18
106 819
117 426
93 140
170 192
27 694
141 580
122 65
111 910
130 942
100 411
156 983
192 105
11 169
31 105
57 343
147 674
119 450
161 207
159 25
157 798
103 519
151 156
101 278
162 265
170 780
19 723
192 364
180 377
122 878
119 788
115 862
109 963
186 561
106 954
73 157
89 568
50 324
34 835
170 969
94 588
9 937
113 190
190 373
196 830
102 74
77 303
14 981
22 387
56 627
98 706
142 969
74 557
138 221
121 117
64 724
57 860
8 646
23 973
162 944
55 806
131 150
113 327
171 115
49 586
166 245
47 201
192 801
32 954
49 786
78 867
126 205
12 325
47 770
1 815
78 625
15 644
174 857
83 5
2 208
166 970
158 588
114 444
28 789
133 829
103 185
174 21
188 434
163 473
117 915
157 609
34 469
48 543
73 585
88 741
109 876
176 951
182 239
84 198
31 490
111 179
96 306
118 411
91 90
53 915
163 698
56 270
180 334
93 783
158 427
38 490
13 111
9 53
67 405
32 403
197 584
120 386
43 321
22 134
1 722
42 186
88 973
178 261
5 458
34 727
105 678
52 543
102 919
10 792
190 749
144 612
118 966
45 187
96 428
100 94
56 237
175 916
157 927
144 932
14 850
104 798
108 618
116 498
178 678
17 906
133 321
27 907
137 972
25 236
23 901
163 414
199 821
39 288
4 790
117 446
25 883
76 242
103 583
163 927
127 244
11 755
84 378
66 572
2 966
75 381
123 176
153 62
179 907
94 487
90 667
199 200
138 358
133 370
24 56
163 741
52 596
191 49
54 952
169 682
151 462
159 414
22 829
134 60
123 48
14 982
51 227
188 254
159 832
68 929
33 832
2 307
187 850
46 397
70 107
46 992
155 127
122 622
151 902
94 194
48 216
17 300
150 192
40 646
20 164
167 47
43 215
124 975
145 194
102 123
144 471
134 459
42 863
152 354
85 172
168 559
136 90
3 806
48 657
83 993
103 288
174 125
142 600
91 443
49 792
175 890
15 1
127 388
47 293
189 174
173 656
161 555
178 920
134 833
116 307
121 201
184 961
86 244
178 986
126 181
16 763
122 383
151 693
58 328
109 178
13 668
131 950
190 905
64 891
178 121
193 774
161 479
101 759
158 921
20 32
36 980
53 599
61 739
184 30
192 30
199 987
158 571
69 429
198 780
1 505
133 968
124 452
13 463
110 495
147 588
134 505
76 491
157 397
24 701
154 941
17 135
54 967
154 870
22 468
104 594
38 993
131 966
10 462
195 315
55 205
62 846
150 538
13 63
122 492
15 546
49 56
102 31
12 537
12 316
49 732
154 466
74 367
153 419
58 380
165 594
96 439
3 648
35 578
77 650
52 527
35 810
79 593
130 433
46 359
80 488
67 966
4 354
113 723
190 675
19 255
108 340
150 749
86 22
91 104
184 609
192 716
154 626
180 716
32 909
62 255
178 170
76 496
3 894
89 847
92 689
139 478
30 119
85 922
156 658
99 538
105 758
128 803
27 80
26 2
114 738
36 936
15 693
170 642
131 451
82 357
86 380
60 253
15 877
172 970
135 930
45 211
69 676
156 763
156 341
46 708
156 268
140 114
32 80
130 987
76 90
21 982
101 844
154 793
6 929
38 268
102 759
173 628
127 84
189 516
155 773
138 512
176 341
191 893
178 834
24 938
94 887
5 704
59 415
62 71
2 290
32 197
156 68
170 322
135 108
157 134
33 549
95 415
190 114
92 300
9 431
110 587
164 872
57 671
137 378
56 570
112 75
58 773
77 905
27 920
103 438
72 448
143 871
45 594
60 579
132 886
45 790
33 31
173 556
67 919
171 386
145 878
198 878
98 444
59 619
84 322
66 19
12 188
2 913
164 122
196 38
91 417
135 154
35 836
122 729
59 663
184 174
111 186
32 249
135 456
187 949
87 53
51 992
157 767
119 749
179 698
127 49
119 628
28 754
195 611
80 761
133 90
62 508
170 22
51 148
144 785
185 742
45 336
130 838
51 482
111 642
142 918
157 335
130 799
119 396
79 992
87 203
11 235
92 700
43 445
195 900
192 895
93 448
27 667
39 568
80 453
51 667
179 210
6 1000
61 274
162 421
105 57
177 986
47 108
131 211
74 889
178 875
180 444
63 364
143 279
54 652
118 568
165 124
64 245
78 808
36 474
167 409
93 527
58 914
86 503
121 669
189 200
119 833
98 918
99 162
81 299
83 899
189 957
32 572
78 205
180 488
23 96
101 701
177 553
129 389
88 470
57 784
151 395
57 619
65 769
50 980
5 407
153 750
178 506
114 56
116 670
84 973
197 420
189 148
174 962
14 231
115 998
61 850
55 202
48 783
113 704
68 683
146 291
166 929
68 380
116 593
95 148
122 359
84 520
118 594
183 295
22 86
166 333
165 464
173 527
103 287
35 690
107 345
28 602
179 48
198 198
167 815
55 20
171 636
4 222
0 420
31 124
8 881
103 621
162 80
154 249
36 704
54 488
176 523
146 923
100 682
16 407
150 787
84 68
15 378
173 960
127 305
115 784
168 889
107 328
53 32
150 608
52 50
157 333
195 973
200 437
13 779
61 317
61 344
175 759
121 445
55 470
187 388
49 573
155 582
180 993
5 63
193 576
167 502
200 279
188 400
66 90
160 340
188 109
85 691
68 936
132 391
126 157
56 632
88 852
126 967
179 316
94 761
125 445
93 28
67 350
139 777
49 621
59 443
192 127
186 720
46 659
117 477
196 426
55 743
1 906
36 253
174 618
68 492
107 143
31 704
186 113
60 697
70 33
149 877
143 390
172 830
77 974
0 517
13 631
112 943
35 833
188 796
83 702
47 502
52 312
194 762
131 644
109 475
26 769
64 666
171 454
134 355
96 633
52 968
83 796
106 930
10 25
125 894
80 195
170 790
35 831
94 941
91 522
72 595
112 818
7 13
53 564
134 112
131 766
41 878
79 711
157 296
53 991
189 331
57 322
122 366
63 882
149 186
151 435
146 195
137 316
72 931
17 347
112 66
160 348
115 679
104 344
105 392
140 893
185 750
66 643
3 603
175 597
0 96
40 246
95 609
70 76
88 125
81 91
79 443
196 40
70 842
131 878
183 367
183 827
59 232
28 707
18 165
134 903
109 465
135 840
34 6
176 88
89 809
102 433
44 967
88 342
26 205
193 793
118 865
136 846
145 655
167 769
13 384
108 416
66 530
34 684
128 758
63 463
60 330
6 529
38 596
70 546
74 153
17 396
21 278
53 312
26 633
1 436
38 779
85 77
114 230
8 199
50 486
49 535
113 193
20 269
151 452
108 716
45 460
105 391
145 435
157 264
76 752
21 920
30 136
92 180
16 157
189 263
149 469
197 872
151 627
143 879
18 77
23 444
197 480
56 74
176 445
56 983
23 363
72 510
43 49
91 991
155 442
166 405
15 319
138 859
164 528
68 641
183 416
68 906
200 573
70 214
51 921
186 289
91 40
75 196
58 81
34 588
33 373
117 145
100 857
137 535
32 142
36 778
1 152
18 611
186 821
174 463
27 847
66 603
193 52
63 303
96 554
97 941
197 30
122 450
56 102
27 526
175 809
22 281
80 948
174 252
57 873
48 530
92 146
25 769
33 89
76 249
112 442
132 51
65 495
26 685
86 326
8 60
158 371
3 909
124 509
155 290
93 222
101 881
84 395
158 804
127 718
185 27
53 958
96 742
46 312
7 938
2 938
77 135
130 180
28 427
94 705
39 713
163 37
183 659
37 61
172 642
28 689
91 70
74 801
3 606
42 48
169 116
65 130
77 601
24 51
71 691
104 662
2 20
64 311
158 92
9 444
56 911
185 114
70 156
22 710
167 280
173 179
189 356
59 208
44 223
71 486
13 418
90 826
52 289
64 779
26 642
118 675
194 520
119 554
91 263
109 711
172 334
122 28
1 711
172 471
109 12
102 752
22 441
22 785
114 792
9 911
82 783
52 279
145 74
99 942
134 177
15 327
191 980
53 739
42 415
93 99
14 579
90 139
43 554
198 758
2 911
30 678
97 189
6 632
179 7
49 639
188 413
110 971
13 627
145 658
8 239
73 302
51 657
23 869
125 695
25 353
62 925
180 478
119 976
136 698
27 301
179 871
57 953
100 835
70 603
124 762
157 818
128 906
50 131
132 597
157 295
186 886
166 999
167 407
118 92
37 460
170 1000
116 63
63 772
172 673
152 290
65 465
132 211
172 496
153 336
139 398
48 163
154 133
169 601
107 492
77 42
68 52
3 251
192 831
199 700
147 265
4 14
199 852
29 582
54 299
187 407
107 94
162 665
48 494
17 926
90 976
199 655
63 616
28 140
120 953
136 396
128 491
121 751
118 562
65 784
61 968
134 278
163 554
47 63
123 776
59 849
153 189
170 347
6 804
183 899
181 420
105 478
53 587
4 541
122 468
37 441
114 133
43 75
91 57
156 311
70 943
142 178
57 683
67 986
140 833
99 387
25 841
200 378
197 496
183 866
15 901
190 220
40 569
1 277
92 718
158 762
17 494
189 670
199 475
200 184
101 4
190 281
53 328
42 315
118 525
78 400
179 769
137 732
197 291
79 344
120 76
181 127
134 321
90 802
42 759
132 857
38 882
107 187
69 69
9 360
149 406
103 779
157 928
148 177
131 825
92 985
119 504
0 103
40 397
183 973
75 462
129 554
62 718
62 684
133 926
108 419
57 918
13 284
103 608
51 43
100 802
178 560
157 47
193 720
18 8
4 570
36 883
56 659
97 479
122 728
50 485
82 789
28 108
50 876
78 899
127 198
82 983
188 909
46 467
25 364
162 581
142 574
106 719
122 479
75 388
135 455
152 928
82 806
148 154
148 101
19 76
177 27
41 278
85 168
132 327
6 226
64 552
96 378
114 496
113 771
95 366
94 503
122 678
127 454
27 115
97 991
4 464
65 427
71 254
104 534
34 603
28 376
11 662
134 386
80 819
88 445
96 510
24 941
76 458
136 247
46 624
132 109
183 325
70 578
10 560
152 827
134 735
185 724
54 310
122 436
13 127
151 593
143 517
75 973
90 622
160 88
142 668
75 67
73 452
158 39
80 378
7 160
69 404
180 34
149 154
10 406
75 476
149 308
32 780
182 595
15 864
75 574
17 609
47 418
120 567
133 755
114 61
26 310
96 577
107 474
138 955
167 837
28 396
78 910
28 379
70 110
26 600
66 715
54 114
163 397
9 704
129 672
55 651
10 535
41 300
20 332
8 553
134 502
43 225
90 222
92 627
133 415
103 615
69 210
84 103
136 339
51 264
106 274
82 164
50 247
95 402
177 245
111 633
194 453
60 634
109 540
54 881
132 265
150 351
51 72
136 34
147 561
130 397
87 862
163 774
1 300
40 901
3 587
6 65
51 368
8 500
75 296
110 778
189 783
111 883
119 901
129 847
15 137
146 56
40 401
128 815
133 254
147 447
18 589
68 965
130 871
185 117
99 667
197 305
22 622
159 651
8 182
39 180
158 517
84 834
129 737
15 508
200 747
25 366
163 625
66 642
47 198
189 789
26 554
140 960
116 337
52 961
117 652
191 604
68 594
128 929
12 201
35 763
4 62
18 48
84 949
173 425
71 827
182 221
194 837
200 388
155 132
3 52
8 304
100 628
56 375
47 909
89 287
76 608
195 770
54 676
157 930
31 229
69 895
96 197
25 859
149 181
76 95
26 751
44 735
36 127
75 963
118 699
81 857
101 729
165 662
122 251
182 289
32 383
144 533
113 715
184 248
175 86
50 545
174 534
170 604
26 622
63 960
78 559
146 724
100 293
159 556
141 446
19 988
155 621
44 405
185 18
77 411
71 203
197 553
56 875
53 132
99 101
67 308
176 990
74 884
67 821
172 245
57 375
1 291
22 865
27 163
198 523
165 901
160 495
46 920
97 760
23 509
130 93
200 318
1 104
184 800
186 902
141 584
153 117
106 993
136 619
26 34
138 722
132 124
126 40
89 527
158 678
57 742
27 51
15 621
168 916
179 89
43 808
71 901
17 236
188 671
151 40
75 868
26 120
15 53
76 230
168 938
152 997
117 174
2 965
18 504
4 992
47 488
52 611
177 64
108 77
49 429
11 247
26 3
191 301
34 875
73 763
2 652
105 549
146 764
39 423
83 478
62 581
119 408
16 546
92 901
90 743
170 25
35 192
24 909
80 429
116 18
155 198
4 845
152 889
195 761
88 765
58 205
61 813
106 535
114 531
149 350
161 301
28 501
33 884
146 325
198 335
171 841
116 26
17 54
190 552
107 40
180 311
78 893
104 915
19 168
99 714
152 948
177 823
136 816
61 244
197 819
54 966
66 116
155 404
190 972
147 256
138 144
120 568
88 334
32 95
25 69
103 864
96 490
156 347
20 6
187 568
78 649
0 373
191 89
111 918
152 657
179 360
101 617
82 617
56 312
188 800
96 405
69 837
165 186
93 332
98 547
41 475
18 790
43 626
187 184
167 895
131 695
167 943
66 17
49 122
25 779
197 170
95 233
130 879
177 657
45 110
79 474
137 872
110 5
7 801
52 760
59 158
195 846
19 874
134 868
131 873
155 946
159 746
104 316
149 328
123 370
183 931
106 752
0 307
99 848
43 844
73 759
126 876
36 997
191 7
95 325
1 619
176 680
38 576
17 174
58 739
154 728
38 688
197 146
37 174
17 291
152 229
146 939
126 140
105 348
4 656
115 127
20 956
28 949
79 986
107 140
173 641
56 637
165 554
81 680
8 847
183 502
36 895
178 341
188 823
4 515
155 394
35 381
196 346
72 768
30 697
40 290
196 641
147 618
131 87
82 57
50 490
84 492
66 814
42 425
193 498
48 97
80 382
118 58
106 979
147 551
48 211
66 613
200 648
200 460
191 490
154 167
177 800
175 392
95 843
191 160
128 236
127 124
156 30
90 652
169 798
104 620
24 288
66 518
131 279
34 973
187 353
32 108
152 152
26 289
99 294
73 641
17 314
31 860
12 139
192 636
65 25
191 198
155 906
97 856
50 103
38 60
47 696
156 444
124 638
4 207
182 220
127 918
87 383
174 767
56 506
152 11
157 28
153 16
111 734
191 941
85 943
45 144
197 523
105 271
11 652
64 140
133 984
19 161
120 526
198 655
42 853
43 728
49 759
84 652
14 672
190 924
31 777
57 839
106 611
28 321
153 849
0 272
51 573
116 597
106 652
0 716
137 92
198 786
51 688
143 720
14 186
61 19
157 640
92 412
175 740
18 846
180 544
112 989
98 919
95 293
188 726
40 979
159 862
45 709
64 281
134 886
141 96
25 462
107 673
93 36
8 393
163 65
43 520
150 994
133 355
122 169
73 719
122 325
190 697
53 82
143 906
110 463
92 557
30 81
67 870
24 52
38 357
113 436
169 962
172 973
110 654
91 523
148 52
111 119
19 322
55 882
23 535
145 512
99 165
128 828
101 219
46 313
170 460
165 758
183 929
176 206
48 563
84 112
115 111
2 414
168 194
192 46
62 329
106 533
4 519
144 930
41 40
173 964
137 745
1 404
145 757
50 266
117 732
13 253
40 42
154 106
152 433
62 816
145 489
178 64
40 990
95 327
15 290
156 293
135 444
4 116
152 565
114 520
77 281
155 37
181 230
187 545
3 727
40 206
67 654
117 428
95 741
49 478
133 929
109 400
60 980
182 709
166 563
176 861
153 764
28 682
8 894
157 654
77 184
120 415
68 207
33 248
146 542
174 515
28 512
101 574
87 440
17 990
17 793
101 581
62 66
159 650
67 719
197 886
183 186
85 796
81 553
155 856
22 533
107 529
61 436
9 849
147 184
196 75
113 300
24 187
169 254
59 938
99 738
2 536
194 624
91 810
139 516
106 13
126 366
161 633
94 919
156 7
91 968
76 427
26 609
189 718
148 54
106 460
85 490
18 997
97 965
43 538
41 570
9 119
164 717
138 798
129 521
92 240
39 655
10 913
133 550
86 162
66 422
130 286
150 252
103 118
65 19
67 841
0 770
114 31
53 862
147 180
140 966
8 643
69 924
117 30
7 71
137 897
58 696
102 805
48 698
145 775
37 556
33 254
173 792
52 474
185 211
84 152
123 352
59 533
194 610
143 934
4 323
41 807
131 340
105 352
67 346
140 244
85 258
110 973
84 43
199 598
51 745
69 937
82 915
131 34
60 122
78 353
61 479
140 928
104 367
118 857
115 909
99 979
149 747
160 180
45 957
17 207
125 484
41 761
141 406
64 142
42 335
180 152
186 619
88 30
72 669
45 699
180 605
161 153
142 944
110 530
93 659
132 600
77 590
168 360
45 620
45 327
141 164
47 699
104 879
127 478
55 994
40 134
39 999
117 198
114 186
63 514
32 187
82 726
171 862
177 634
19 191
139 673
27 822
156 880
45 114
123 636
74 612
165 344
5 632
48 125
146 245
63 648
148 90
166 751
174 57
59 52
155 847
100 974
130 908
119 76
185 316
185 499
46 913
95 323
121 642
190 536
69 382
106 876
4 97
166 819
48 997
81 344
187 570
47 892
95 629
192 848
7 201
11 997
99 916
106 427
129 64
196 353
32 321
20 488
47 697
199 839
174 943
179 837
67 183
94 47
123 718
162 164
6 302
