900 6143
1279.970000
-30 156
727 -829
368 997
695 366
450 337
-737 -609
536 -293
377 -873
686 -908
-977 -395
209 211
109 -386
-150 -821
-340 894
61 -677
-840 398
659 -272
900 -869
896 339
-441 -54
339 680
312 419
315 -131
-715 -728
-786 525
104 804
262 -893
-743 167
-121 596
471 780
-602 -110
282 940
-812 391
-570 488
-11 -65
-158 -511
-45 -44
-498 2
839 -380
875 -8
-560 -6
-394 885
731 501
728 966
-229 -93
-852 -903
840 209
823 925
-931 -420
974 -671
625 -958
-684 81
338 837
-805 -903
932 -417
831 -468
363 -922
-56 530
201 856
-206 -950
-295 -119
972 -630
-691 -584
-629 632
233 -738
-121 -783
-60 -120
-773 570
-956 494
-802 543
-911 -587
-565 -28
366 -976
20 -89
970 823
-90 -544
237 599
41 -181
-890 -771
648 525
-660 146
-921 -802
413 -563
-397 -890
481 -827
-690 -896
326 752
-919 -191
-705 358
-763 412
14 -890
855 -586
583 622
525 -454
482 -468
405 347
-961 461
321 993
-945 -764
556 421
-377 -400
873 11
-417 869
695 23
-232 -848
33 447
307 -406
272 327
457 -786
-893 -4
740 917
-580 -117
937 162
-810 -826
-930 -631
661 918
107 -619
-743 51
-682 -489
404 -624
-909 -706
-59 -802
453 -452
45 -736
-3 237
756 903
433 -393
903 48
-77 -509
655 -243
362 281
728 570
113 237
-829 359
962 238
-166 665
-711 -779
26 556
203 -221
343 -952
-368 -241
-473 513
-834 936
-913 -424
604 533
139 559
25 177
-816 746
358 -615
-783 781
-195 749
60 95
-746 -22
-852 880
-434 562
789 194
-10 -618
-116 -465
-944 -806
607 352
158 919
736 -337
96 -482
-219 -643
47 -474
-205 743
-917 -514
-525 -697
40 876
-906 -902
645 606
717 -434
-956 -498
668 -49
929 277
-861 -402
-747 984
470 -890
-323 -625
318 341
911 105
-159 690
562 -512
-380 -929
-831 -371
522 536
-737 509
-501 -978
602 -147
-568 -571
770 -617
-865 386
-189 644
-452 142
294 -662
-888 792
-843 -804
-100 -284
905 -605
-136 -876
-875 725
-412 958
598 -87
-637 447
-24 896
176 -809
218 -700
-897 886
-113 -41
833 700
229 404
541 97
-990 -433
-778 119
-128 614
-321 -4
608 308
-959 -850
-771 498
353 2
290 728
-510 927
-525 -234
254 -130
681 -349
-957 142
-594 -348
618 643
350 -179
784 38
922 99
519 421
150 -900
-151 -136
264 917
-584 245
-733 851
-705 -264
-663 -139
-993 402
-480 665
-301 -93
80 -968
838 197
-322 -938
-235 475
-860 425
-207 -192
-226 503
-464 35
180 25
122 685
-274 -542
-377 -423
-379 396
497 549
-613 793
-704 418
-631 616
-111 -466
932 -230
-204 -129
-902 -307
726 -513
782 -371
-151 194
464 68
147 990
-611 729
-176 645
179 431
424 222
807 592
-36 691
-206 -257
-75 996
-671 658
-848 -159
214 308
394 37
397 -1
-823 626
707 -726
356 790
809 -142
-106 714
977 278
-240 483
679 375
93 -548
-637 -226
-549 381
164 184
-302 -961
677 -613
166 -481
514 -171
804 -756
253 882
-950 -888
-84 -767
523 310
-182 177
786 191
553 61
855 -912
983 -813
391 -58
132 748
-378 321
599 -854
604 364
-520 -673
-226 -735
342 30
-138 319
-49 577
872 646
-929 -65
236 -283
-431 -105
964 -357
247 290
48 -78
885 -243
768 -757
-976 287
833 -715
378 734
775 258
-991 -697
20 939
-910 -651
-393 -940
-195 466
534 -776
-510 923
-589 685
75 296
-441 -918
-672 -370
700 450
800 254
-883 -31
986 239
695 456
-900 -730
544 -461
107 713
615 -203
653 964
-914 586
-561 -974
-366 -443
-317 701
-480 -279
300 895
-542 -22
589 723
-21 -629
394 673
-623 588
319 -292
209 -814
99 -699
23 -714
-413 458
-928 -689
261 54
148 535
576 -308
620 -900
-929 -880
-665 430
-860 869
-767 445
-498 324
908 -931
-744 32
-706 -693
-891 -982
668 -646
-45 551
-300 -401
-783 79
-858 459
-935 437
-36 390
-29 -119
-168 431
-214 97
-554 -922
-112 293
-852 406
-590 439
-616 458
-775 -7
-523 385
709 -992
8 -278
-426 -109
725 969
875 -471
-419 -67
-555 189
176 -466
-417 359
922 243
-137 894
784 -923
467 717
-74 638
288 18
364 -587
851 -577
5 882
-821 608
-602 -871
3 -240
256 358
543 -672
-30 -704
879 -739
271 -212
-695 -53
3 768
196 -455
223 632
57 705
571 319
-402 876
973 -783
316 887
717 758
523 -254
-848 -956
894 409
356 -301
-315 -1000
839 47
730 -341
774 307
917 599
713 136
-838 825
-764 619
486 992
-173 269
503 -957
-631 734
829 552
-38 -788
756 859
-619 779
1 -778
-130 533
-445 -330
139 861
80 -850
-694 369
7 365
602 -411
487 -979
508 283
-574 -118
-77 -537
537 -816
-657 -173
276 -553
-45 153
236 -516
-174 -319
-761 221
-144 -266
-846 841
-702 -871
883 888
410 -216
363 570
386 -348
-564 694
-256 -234
-195 -236
626 -628
-118 266
63 322
-475 349
519 -638
-237 -253
-642 435
-749 704
-40 58
-453 -247
-111 460
660 103
201 450
-744 622
444 -822
-739 -866
-341 995
-120 -988
773 452
133 -154
-769 136
744 822
-682 818
590 404
554 443
-43 -913
-113 523
667 704
645 864
-351 333
654 578
763 -278
433 -569
660 44
776 -840
-104 584
409 -625
-140 306
-263 -174
414 184
667 -437
434 625
-223 378
969 56
327 89
-635 -478
749 993
704 179
-427 540
-143 626
-777 -762
-382 43
943 -611
942 115
274 -220
-628 -537
-874 861
276 -456
-973 546
-612 -322
233 22
121 712
-367 664
120 -484
-859 -382
-132 176
85 -939
476 -942
656 -356
35 -722
255 -395
779 857
-901 280
-239 -702
278 -13
459 -686
519 -919
39 476
858 404
-680 134
811 -195
-403 -141
-927 -166
300 399
907 -674
633 -16
-120 -712
-404 156
54 -78
991 337
-189 194
913 341
-793 532
-143 307
-882 -898
794 817
624 -631
527 52
168 995
78 -433
-883 806
-738 -619
768 -153
-609 663
640 882
-568 -381
48 221
457 797
389 -510
-227 680
-964 121
-938 -709
344 -774
-809 -715
543 671
-41 -319
375 891
675 -631
172 -915
-583 608
742 612
686 -855
631 -159
-388 121
410 779
-311 124
153 -282
-547 995
318 793
-722 646
-607 432
745 155
823 -226
445 -510
-478 559
936 -864
-172 -601
-965 -48
-205 -898
-89 -40
-599 257
939 165
515 270
-479 306
782 631
744 321
579 -778
-925 826
176 129
227 710
692 888
92 529
-559 -70
-157 701
-244 -549
24 697
868 245
258 627
979 762
700 -226
-354 -199
-815 728
-563 -747
-364 93
-562 -879
-922 -997
880 -715
870 89
73 968
-989 864
451 -381
-260 -154
23 318
88 -971
622 866
560 505
121 989
639 23
-732 334
551 86
483 22
717 273
864 -422
340 750
878 479
935 50
227 305
718 -256
468 760
-482 371
722 -477
-750 -357
896 -408
806 -897
955 -619
856 -813
-887 -885
-104 172
804 546
374 -424
540 346
342 851
111 -247
-699 -678
-973 -34
-21 355
797 351
951 614
-8 -175
553 558
318 277
33 931
78 -808
26 432
603 8
79 316
-741 389
-736 -160
836 -205
485 -117
555 406
-254 555
-709 -988
582 -882
820 895
-419 -667
233 -82
693 -839
717 -431
-340 752
564 894
-249 -346
173 799
528 757
191 -416
-100 62
-157 -679
696 394
-285 -248
589 -316
844 -570
987 268
770 -369
-527 247
437 408
158 965
-221 83
-48 -19
881 672
-797 760
779 -955
-417 156
696 558
972 -726
389 32
-617 218
-147 342
399 -196
836 10
829 -431
652 101
-265 379
-679 690
71 304
-449 -493
543 -452
571 778
-44 -365
-499 -306
271 -224
164 445
-835 -225
940 274
192 994
-979 576
-309 -699
404 421
666 42
-975 125
-924 582
784 -394
-162 889
-255 936
-475 -625
262 -882
-87 -538
-850 -917
-214 135
680 -385
228 -375
461 326
-163 -634
-375 204
-77 -21
-861 172
-287 9
118 -441
947 137
-55 460
321 438
858 278
-955 -916
-964 -688
-252 604
-580 -781
298 -584
521 -335
-250 355
149 245
-180 708
-366 -809
-943 935
-321 323
469 -31
984 68
569 -448
835 903
445 765
-854 -775
-149 -25
-22 -621
-55 554
572 -413
-709 325
-441 194
945 -704
-670 -874
-391 -129
-984 270
-121 -335
945 -498
158 -373
-821 195
897 573
-703 -475
-726 840
-173 955
-947 -443
437 789
-659 -443
-726 -775
-57 372
329 -119
454 152
-649 80
400 -278
692 -214
-234 -365
993 -667
893 -898
665 540
55 -942
651 215
-444 934
-114 172
-668 325
894 839
-677 -971
-342 -711
265 800
635 56
-232 271
-632 956
-833 -448
-427 749
634 -203
401 251
-952 945
806 -910
-130 -931
875 -814
-934 -930
624 661
-825 -644
45 338
-538 -280
-108 -809
-298 -720
632 -401
-179 2
-85 -516
873 -506
350 -669
-411 729
980 783
171 -532
440 328
-764 -157
-190 -365
447 -451
227 589
583 908
-251 773
568 112
825 892
837 753
999 -80
471 -367
906 227
375 -477
621 940
157 -416
-905 -371
-684 817
496 318
68 893
-882 -388
219 -15
321 88
696 -433
164 992
-826 158
-633 -650
-817 354
-519 46
886 -80
-159 531
311 465
604 797
417 266
831 293
368 5
882 353
735 135
417 56
520 445
763 849
865 65
464 440
235 784
523 309
642 526
671 210
637 17
848 604
685 345
185 195
528 844
865 86
78 436
164 151
499 104
722 701
481 468
521 779
328 607
411 861
254 317
537 202
155 322
375 67
126 786
68 249
885 592
509 837
64 180
181 290
565 451
269 246
183 70
386 557
317 76
76 320
525 100
91 801
172 734
743 473
598 358
623 861
142 80
232 345
386 421
248 825
470 167
384 456
674 247
182 198
490 489
635 92
889 115
432 519
791 138
632 496
714 431
184 671
287 146
655 852
23 471
118 70
366 373
892 164
379 300
686 615
118 770
69 286
835 351
628 99
149 789
326 812
268 431
389 833
255 807
373 384
364 294
781 428
768 50
94 213
849 583
721 828
494 387
424 802
733 114
6 79
449 154
673 567
874 213
510 463
506 595
687 629
119 496
771 630
8 246
874 551
164 107
375 523
780 746
98 145
149 59
699 646
168 361
736 411
791 429
642 610
477 806
655 726
233 721
73 291
839 814
471 497
603 541
592 248
182 516
653 68
568 508
782 572
132 13
263 795
166 764
671 569
329 463
171 309
654 586
160 440
570 331
805 867
571 311
247 524
350 184
523 59
540 758
499 677
217 825
750 487
475 543
75 136
153 580
43 872
588 100
96 878
59 785
496 35
374 124
825 787
832 676
516 324
440 764
146 898
244 106
217 313
626 329
718 833
770 492
807 43
281 144
205 554
898 862
571 466
374 634
761 856
437 625
140 502
284 405
574 189
295 266
571 731
519 249
327 811
525 799
388 57
143 485
198 708
349 142
99 115
765 678
578 644
391 895
751 856
248 384
347 785
220 645
333 889
525 583
144 120
898 225
371 272
678 198
579 210
488 537
530 396
791 164
661 416
403 307
76 636
718 722
874 765
524 581
801 466
877 107
410 136
685 772
547 354
403 822
384 439
600 822
150 662
613 324
685 185
548 121
612 46
660 117
840 619
773 28
776 259
641 54
888 36
44 319
105 323
353 875
265 785
192 371
580 593
645 261
850 851
54 732
781 235
232 360
608 350
347 259
297 175
586 646
602 897
261 57
630 370
667 101
704 64
308 351
707 334
612 441
228 28
701 246
825 143
267 213
463 221
887 99
77 475
404 130
899 324
146 594
565 889
697 541
895 735
660 738
288 498
377 507
638 538
88 602
889 849
392 1
379 250
764 688
558 855
842 384
256 236
252 37
372 290
796 576
732 347
887 620
480 153
436 227
137 862
596 167
255 859
431 559
474 461
699 130
329 631
263 900
428 648
73 685
188 706
858 35
797 696
717 174
714 406
554 698
347 728
768 299
105 80
676 158
133 684
898 488
677 642
149 307
543 779
223 374
146 317
565 45
595 145
514 106
176 726
564 720
15 522
725 779
847 657
810 590
303 433
851 219
538 42
108 56
361 509
881 432
94 301
460 843
793 239
314 477
864 310
56 767
838 517
241 35
794 117
720 725
815 322
405 447
622 862
732 152
673 350
299 405
479 346
726 415
15 563
427 130
633 569
105 657
253 341
350 97
483 795
167 621
468 84
485 31
133 402
357 536
241 366
612 166
327 254
230 831
463 62
317 219
899 374
37 889
230 898
161 838
672 857
737 236
156 284
616 832
874 113
726 666
556 122
267 895
21 621
731 741
249 342
805 223
578 505
520 622
58 590
54 371
142 214
629 337
866 610
420 210
535 811
586 692
810 117
405 536
502 736
552 758
633 701
277 587
681 755
893 280
273 228
665 471
271 738
181 815
664 891
209 568
578 86
714 720
139 593
324 340
581 19
801 788
350 68
631 890
365 615
294 535
832 455
811 689
394 175
694 261
515 602
777 630
621 713
888 668
810 16
413 509
101 185
155 588
156 470
530 697
130 424
873 670
337 175
1 566
180 33
227 347
866 358
667 113
810 550
876 255
414 142
259 696
320 804
394 19
506 838
305 349
146 409
410 686
322 843
454 284
54 365
497 690
276 741
435 709
171 469
42 438
713 877
15 299
873 224
501 314
724 762
378 448
186 301
233 208
572 106
239 71
121 720
820 320
336 478
164 820
669 856
613 721
80 236
12 361
432 298
561 370
846 283
243 817
389 419
412 309
765 433
371 881
829 530
110 45
428 292
737 714
427 707
429 485
753 201
173 468
632 634
12 31
231 557
262 307
519 77
277 198
376 857
706 456
866 772
513 481
809 374
632 356
829 386
362 159
346 304
460 248
490 171
668 182
680 581
101 800
668 31
415 187
505 580
35 381
694 283
644 842
618 338
314 652
306 803
704 448
413 78
551 126
501 191
35 368
403 129
373 127
24 194
317 13
230 363
306 632
315 612
222 864
291 600
261 128
331 266
58 560
715 900
562 614
265 177
530 649
194 35
247 36
173 458
387 324
306 248
699 535
558 242
255 20
351 257
452 339
750 373
421 16
442 91
756 495
244 200
220 523
767 354
864 699
561 601
766 390
694 295
655 241
850 69
227 31
752 545
491 369
778 863
275 742
184 831
871 843
349 74
736 714
159 578
442 354
234 351
724 468
4 640
143 176
717 166
10 873
838 255
841 859
455 650
661 313
650 846
353 248
437 246
76 823
235 596
401 113
493 193
866 341
124 721
741 628
543 565
595 420
521 436
842 810
51 753
227 846
731 99
825 276
358 363
245 766
583 460
433 157
24 703
515 327
695 214
412 814
523 165
879 335
801 81
283 45
644 616
724 114
724 80
261 701
342 328
77 361
399 104
414 323
226 576
675 151
360 317
860 431
722 147
897 324
708 783
310 191
848 240
447 278
323 509
572 830
141 692
98 644
434 839
336 607
471 438
394 29
494 296
716 164
567 455
816 248
437 854
127 580
389 281
666 391
33 732
609 279
555 561
98 811
560 797
794 842
466 771
500 390
418 751
464 721
786 576
201 11
153 20
247 828
492 193
802 810
5 604
384 252
213 737
870 136
104 666
128 293
336 75
80 155
283 880
677 364
290 753
75 137
577 680
692 8
328 595
221 294
464 731
129 640
528 321
528 872
388 443
442 97
199 805
713 768
593 735
405 672
753 591
722 349
100 549
256 641
381 622
846 365
884 581
795 529
58 282
510 142
189 870
80 398
869 795
541 799
735 445
65 322
8 378
778 474
562 701
740 357
158 40
560 828
834 880
363 329
846 631
185 689
365 450
17 386
718 656
403 117
528 725
204 653
678 177
319 167
662 507
608 397
8 184
425 498
172 701
744 127
269 132
570 130
741 88
732 618
169 159
670 891
198 739
441 326
491 75
268 267
841 188
197 559
85 452
529 720
362 466
383 805
508 892
1 31
739 470
68 285
524 834
254 9
63 250
578 632
475 149
141 54
417 661
640 36
871 811
138 195
785 68
108 775
112 347
893 98
673 12
719 175
121 505
432 301
186 563
187 286
215 463
582 735
153 543
416 364
114 420
540 358
575 643
869 269
399 484
502 429
324 672
205 215
189 129
192 823
368 534
737 775
79 138
828 194
161 882
562 830
785 764
241 487
31 82
665 412
625 673
772 830
890 378
480 771
555 511
673 873
307 348
190 425
298 660
353 316
793 320
577 435
896 469
856 331
310 684
183 808
322 674
675 384
842 482
170 63
184 268
294 203
664 618
107 747
124 256
630 201
877 533
8 559
763 83
361 379
60 74
467 504
295 648
325 435
483 722
332 714
797 87
181 814
471 392
838 80
437 615
265 176
452 762
805 849
318 814
455 718
462 122
50 162
230 680
16 448
201 85
134 65
685 159
764 893
839 476
182 423
456 403
868 443
503 359
481 543
72 291
452 454
491 135
114 849
435 591
387 699
853 770
703 343
709 628
19 612
589 523
674 210
465 752
104 269
316 653
362 328
350 660
524 556
83 194
876 388
794 861
341 599
401 169
91 592
676 258
838 709
523 20
791 548
820 534
740 244
528 818
627 707
154 257
654 177
838 361
291 701
196 159
662 893
650 90
338 883
74 570
881 146
421 168
280 800
686 239
1 388
591 585
867 11
673 134
800 328
655 295
880 115
134 770
415 33
19 50
831 125
314 2
103 64
732 709
497 544
632 79
229 159
816 156
579 149
386 261
583 575
170 279
208 269
15 626
590 466
393 722
883 82
285 221
673 27
214 411
826 380
276 163
294 744
607 244
634 650
538 153
794 135
596 900
406 398
240 201
496 538
458 630
152 552
145 828
649 711
205 147
493 482
521 304
209 474
487 176
731 444
375 57
197 729
290 615
284 21
394 559
515 456
54 516
612 886
403 365
293 899
191 858
29 401
542 630
393 39
749 694
488 757
330 416
258 628
650 253
417 141
734 67
135 657
460 668
355 316
602 126
596 560
243 867
192 539
222 863
848 327
162 260
695 652
837 215
100 791
164 353
484 243
761 286
246 300
62 399
129 38
266 794
232 454
604 16
898 410
295 355
664 599
547 868
49 629
265 108
582 409
785 677
179 823
527 7
420 291
117 242
203 415
840 542
699 769
855 418
837 93
185 831
569 807
494 28
103 12
813 611
113 37
246 353
574 413
213 797
80 734
697 113
674 297
340 400
813 793
249 331
3 641
670 765
882 591
14 403
130 514
64 667
854 744
373 125
269 850
731 259
677 429
449 779
592 512
749 468
568 276
612 186
185 621
308 494
352 395
155 750
363 248
427 7
236 785
847 677
849 495
264 517
14 890
861 596
779 229
194 666
577 497
853 13
681 617
125 167
843 747
347 91
561 856
774 779
869 763
92 494
75 188
27 798
726 355
849 202
254 752
38 604
307 599
388 66
703 843
646 666
610 786
626 789
638 607
585 627
152 128
160 715
883 838
15 163
55 470
817 213
66 261
295 783
604 875
443 503
878 427
431 130
175 282
878 329
384 899
632 568
486 88
775 335
789 898
281 95
746 97
776 775
2 335
169 691
656 682
92 352
358 75
55 318
443 435
477 758
567 107
197 43
213 828
108 853
670 404
744 493
146 757
395 374
171 212
341 569
602 804
635 542
335 858
501 627
740 583
727 572
851 193
337 624
574 572
691 546
871 15
87 100
347 434
220 98
23 875
773 329
747 178
324 406
795 882
827 655
40 628
484 304
873 2
344 833
144 339
580 856
42 580
223 46
488 445
549 97
396 374
885 862
521 425
95 460
349 675
779 617
869 466
856 98
794 789
213 529
792 335
315 762
265 660
632 443
15 192
844 658
39 425
594 539
219 633
35 274
42 359
645 495
364 479
770 285
633 849
349 451
139 315
651 170
730 179
620 540
197 382
713 156
267 15
391 481
93 173
780 867
895 586
345 533
496 3
94 638
138 110
56 378
580 92
791 307
893 41
472 624
256 802
544 241
784 60
497 870
163 317
414 253
214 692
793 51
528 54
453 710
237 171
653 498
710 613
369 60
557 764
422 295
65 541
585 419
672 59
634 465
202 889
782 55
149 837
289 530
496 630
63 206
141 79
54 454
684 70
486 258
812 586
876 157
128 702
540 28
864 373
33 191
730 703
620 79
874 364
156 292
61 650
460 657
799 494
606 789
871 80
424 895
598 226
13 593
580 171
82 726
414 239
723 855
138 811
469 437
243 855
253 695
16 659
228 670
777 415
535 526
114 243
196 295
896 181
257 493
357 146
841 292
115 869
775 36
410 848
436 350
429 398
471 790
831 526
259 561
396 384
158 100
677 724
157 576
359 217
287 396
151 206
178 317
207 242
498 602
861 669
326 81
568 218
340 371
835 128
344 396
176 188
18 485
319 84
683 301
629 311
649 533
97 351
760 483
61 200
86 298
889 59
16 482
666 659
417 10
828 461
209 350
583 750
347 39
789 576
806 325
290 246
488 799
779 777
5 33
725 334
28 27
439 695
322 303
789 322
488 865
253 451
558 42
615 467
463 523
18 75
430 657
732 356
270 832
246 615
785 843
887 796
711 792
612 82
240 310
179 673
555 118
33 385
278 230
702 165
197 886
58 328
77 746
583 33
765 236
865 739
219 470
250 534
136 800
668 264
896 731
521 199
824 865
753 169
67 21
660 584
626 887
588 687
801 94
568 39
790 352
402 176
272 274
223 770
321 146
371 898
168 736
674 314
732 744
769 191
483 742
650 829
556 389
237 760
780 679
754 109
383 48
372 509
731 837
56 252
508 284
764 494
693 280
218 810
273 710
12 352
874 664
46 860
104 651
848 105
468 192
97 330
839 474
776 24
772 646
371 381
218 485
867 879
206 446
216 725
646 662
142 674
215 173
137 607
625 359
780 182
777 585
400 560
398 470
491 481
395 732
33 421
202 64
607 43
612 428
397 842
262 495
230 224
420 404
715 597
475 297
175 816
575 727
92 362
367 469
317 769
603 357
373 266
172 892
469 129
733 145
665 118
429 635
197 191
870 200
195 236
686 634
178 895
883 50
532 596
283 511
29 513
88 96
804 39
743 115
364 176
443 285
582 187
213 121
470 417
851 372
484 893
298 50
655 796
818 605
23 866
192 842
595 149
827 165
751 423
205 652
517 356
507 213
21 445
650 792
49 609
357 206
423 232
125 192
77 157
166 365
218 670
343 10
43 594
562 541
717 305
74 158
202 605
375 220
827 358
69 649
710 21
496 13
866 274
523 245
690 750
189 476
284 649
12 458
786 56
771 747
410 684
539 516
217 782
767 268
241 802
855 665
127 52
406 383
433 527
586 854
574 259
778 437
894 393
403 741
177 888
151 549
529 692
381 662
503 516
785 405
810 68
39 635
762 270
428 377
845 885
596 637
757 534
395 681
4 69
602 54
486 872
763 263
38 305
126 480
642 590
5 399
324 781
123 726
489 193
560 136
423 541
379 653
388 734
630 850
445 729
251 469
433 435
53 860
722 258
504 202
541 635
188 761
157 685
603 169
354 12
495 566
385 203
273 844
265 210
723 368
788 143
404 552
744 55
809 554
135 125
137 45
376 753
808 569
830 706
605 846
13 142
643 410
617 223
218 583
706 40
711 41
813 113
389 689
646 196
355 872
354 790
365 871
338 867
316 240
57 195
330 336
546 662
851 437
272 432
899 254
584 180
476 855
149 455
254 220
599 27
747 837
670 331
76 199
84 95
739 441
508 555
171 578
498 578
458 25
645 713
627 99
814 240
339 206
814 99
516 887
43 749
393 244
48 359
90 518
452 93
742 898
1 553
32 507
535 849
893 58
329 291
393 105
21 719
435 256
505 436
624 890
546 630
612 747
219 644
842 786
241 279
817 700
437 291
393 453
285 46
694 636
774 7
593 562
226 39
680 559
433 28
568 882
14 380
231 813
182 882
896 67
287 328
18 631
490 112
524 851
892 308
419 606
157 647
276 338
20 839
330 471
635 215
469 239
432 309
406 279
421 482
512 223
870 504
866 558
435 133
293 165
194 702
533 476
660 810
572 539
508 604
19 395
553 798
704 114
185 654
358 429
159 438
467 814
116 856
575 757
656 427
101 216
112 530
878 868
778 651
197 705
383 814
502 319
670 156
139 298
574 798
241 264
399 159
632 517
256 356
710 796
47 135
783 772
348 287
36 743
361 41
395 703
318 465
344 746
360 427
425 307
836 124
677 807
800 567
778 313
631 280
893 472
685 464
559 820
518 781
755 684
786 298
148 632
645 48
491 630
709 277
701 122
697 35
204 264
546 460
211 94
579 376
378 186
449 809
461 458
837 262
97 468
575 242
643 215
736 77
368 594
347 69
662 516
701 885
898 529
272 78
428 291
685 279
203 823
378 158
565 322
266 102
113 343
729 862
533 460
453 867
155 333
776 171
195 189
369 687
395 22
892 534
622 633
327 408
109 602
489 18
610 421
696 145
123 898
440 474
536 127
74 69
747 154
305 40
404 679
552 492
239 266
123 26
277 357
863 85
550 138
473 836
748 795
143 233
614 742
898 744
13 182
290 399
651 731
131 100
138 522
146 835
817 351
130 305
8 564
612 225
377 510
246 44
439 586
98 722
183 315
876 452
675 509
852 517
334 816
742 65
698 490
182 287
722 291
749 57
255 430
524 395
789 820
791 831
355 169
414 186
400 551
50 38
630 508
305 476
523 698
206 646
411 261
181 401
64 586
28 509
299 25
398 409
170 592
421 844
482 695
314 123
823 597
879 892
401 641
895 4
114 193
586 242
402 507
669 867
624 887
694 552
429 332
431 387
589 544
19 894
86 727
506 837
357 563
456 395
466 196
556 48
104 487
262 844
561 517
835 60
737 555
499 74
112 305
287 535
433 62
757 113
814 635
153 767
429 741
619 195
282 363
394 71
147 624
590 49
642 77
147 166
592 510
414 667
861 188
856 519
741 231
63 166
557 535
364 617
748 794
477 880
880 249
861 214
424 301
542 190
143 16
504 130
419 831
476 108
86 48
407 492
173 51
604 337
4 660
10 273
232 443
545 644
528 452
417 239
637 22
300 452
628 484
466 395
588 625
100 250
36 62
673 109
343 262
336 455
883 192
706 580
835 303
20 744
731 208
261 318
470 627
77 97
829 468
428 381
827 90
702 74
174 881
651 156
567 153
594 647
111 782
836 531
419 891
731 511
456 45
316 666
251 513
474 371
8 752
134 671
535 504
237 854
506 376
599 869
589 756
230 530
873 33
857 208
269 683
334 567
122 612
289 827
710 10
306 652
200 348
770 294
836 153
11 37
52 827
758 123
337 220
863 238
857 51
133 69
492 69
98 493
749 252
593 250
635 266
621 672
351 50
451 20
659 115
786 427
655 249
593 326
332 882
799 38
779 316
495 680
116 821
234 841
123 172
301 71
199 147
571 665
186 33
586 677
650 585
827 745
53 457
203 822
868 483
568 780
818 698
701 525
260 683
412 149
21 440
488 378
377 429
577 799
638 174
23 345
776 895
759 826
563 141
826 244
288 832
399 588
255 502
451 432
24 243
53 841
349 447
171 366
568 848
531 628
791 811
684 118
463 686
235 30
877 451
834 841
768 843
682 229
148 766
685 431
1 462
313 855
48 601
331 665
890 120
289 218
189 614
277 287
322 383
272 422
526 377
282 35
250 57
705 339
306 880
491 316
721 427
544 822
610 875
672 660
89 461
824 80
607 366
678 232
586 816
478 809
572 628
568 771
571 412
136 622
802 886
897 144
629 477
666 592
546 515
570 371
203 315
219 696
517 878
379 409
753 878
616 161
721 213
34 614
563 88
604 495
810 164
199 546
139 791
489 644
898 754
404 415
90 504
208 470
580 869
543 247
661 62
506 611
26 303
801 348
830 358
565 515
152 227
884 251
433 860
631 770
167 334
815 736
790 697
286 527
605 885
627 855
732 714
853 499
333 762
596 442
346 898
261 322
377 612
476 345
32 542
227 634
327 205
558 856
243 520
439 237
655 693
537 386
823 305
263 862
336 719
830 222
840 310
392 581
328 747
395 184
595 528
372 238
351 150
660 332
321 706
313 167
863 872
578 100
853 121
896 493
169 474
269 275
304 154
508 594
726 853
276 73
486 489
783 674
210 244
842 527
167 132
892 654
235 588
474 667
574 534
249 328
441 405
870 650
453 67
118 304
673 836
112 532
769 243
654 347
870 674
20 580
6 661
676 883
265 329
864 650
665 153
528 653
862 111
575 648
783 333
611 737
742 831
726 767
668 162
755 350
195 886
528 93
540 789
777 523
130 829
436 867
119 854
531 348
362 287
495 671
283 518
159 265
119 488
594 306
601 416
144 443
720 879
76 586
75 641
767 43
797 511
478 463
47 171
399 554
43 563
326 386
318 806
237 73
31 762
171 277
578 8
753 336
415 296
409 129
784 92
288 835
658 781
201 138
29 548
82 499
226 355
775 446
427 798
433 5
378 496
834 299
665 804
258 744
293 780
650 731
133 146
698 649
472 747
505 544
476 878
407 448
669 392
890 529
734 646
711 135
247 657
854 314
64 79
132 877
600 705
516 667
397 141
612 652
480 803
123 604
782 470
190 643
390 247
775 838
687 144
703 352
112 144
559 9
703 49
565 463
677 163
420 300
744 727
565 454
325 152
149 373
423 36
598 871
43 669
278 751
826 8
432 703
389 54
840 387
838 783
533 507
15 875
549 654
296 88
785 535
639 680
295 184
735 397
147 694
205 773
330 497
301 591
315 198
453 76
530 714
518 173
776 183
392 817
812 672
656 283
840 376
350 211
778 654
282 243
725 632
218 638
587 99
411 429
634 190
566 644
380 811
896 274
510 606
68 775
672 293
509 389
202 262
225 603
441 508
231 824
404 582
424 824
258 64
180 384
518 611
413 191
458 789
867 267
499 546
834 433
396 606
92 686
687 742
192 270
375 50
366 188
359 585
461 59
765 799
367 792
594 762
636 527
95 438
39 320
774 490
712 640
466 204
880 897
514 488
256 753
610 138
787 401
655 850
598 356
108 893
689 102
75 795
441 796
423 879
175 760
231 849
899 520
591 100
582 323
211 38
22 272
663 191
710 875
302 273
785 401
516 816
397 778
547 348
441 1
411 437
217 453
462 362
560 340
737 683
468 801
830 335
573 664
387 780
798 514
550 51
324 725
607 868
451 815
23 330
11 207
174 39
738 366
106 783
263 298
642 312
676 61
210 824
446 563
658 695
128 76
536 461
504 442
590 613
386 518
390 752
88 298
383 415
108 734
536 832
616 4
359 898
271 469
679 87
659 67
611 215
394 425
174 571
776 184
621 877
643 807
621 512
77 767
711 98
193 340
535 442
685 87
207 785
876 576
730 217
886 259
95 552
261 289
639 663
558 732
130 403
720 689
594 435
286 27
840 804
814 230
802 129
469 479
842 873
31 566
153 361
28 819
413 26
108 243
402 660
90 75
27 86
103 771
282 64
86 226
256 558
586 763
51 499
84 577
388 772
307 316
817 588
823 12
192 747
460 534
280 809
430 326
410 269
850 454
757 442
689 621
837 445
762 873
299 220
173 655
5 673
18 6
217 376
217 266
205 419
139 552
680 233
129 412
500 866
694 871
849 321
327 221
876 665
599 701
560 505
668 227
703 102
329 373
261 30
204 192
195 132
298 303
543 497
636 284
68 89
877 555
515 497
27 220
171 116
400 195
568 399
165 233
568 400
594 302
744 761
370 39
538 408
28 480
282 874
353 281
710 119
821 781
180 63
174 668
60 6
487 516
16 218
649 855
495 535
102 735
408 714
423 871
374 871
346 451
352 693
662 594
173 124
179 541
497 780
798 572
605 788
868 414
648 320
237 788
295 636
612 162
682 799
711 235
222 503
42 861
390 131
776 289
822 270
494 392
176 325
22 112
474 447
402 35
634 252
515 151
413 620
157 3
144 860
70 634
431 115
662 192
553 420
337 789
164 229
859 206
479 863
417 377
868 142
807 506
35 232
38 46
163 883
747 131
896 262
415 577
55 182
703 807
542 393
67 29
83 534
880 346
67 369
319 686
861 364
152 791
511 688
318 532
807 587
136 830
259 170
898 508
588 734
723 720
506 667
272 771
211 789
766 713
188 670
301 311
642 441
279 511
833 446
381 552
71 671
846 27
808 240
719 870
59 238
680 150
663 151
489 350
587 468
852 824
584 565
289 137
559 57
489 734
530 337
650 629
679 142
565 788
179 301
198 1
646 621
420 704
584 472
596 458
763 67
175 664
9 188
308 741
234 586
342 418
452 180
690 433
395 46
665 180
504 706
730 717
88 71
192 765
168 625
543 596
527 851
413 528
741 251
197 892
245 879
21 526
587 245
898 411
899 643
658 741
326 268
364 215
709 668
411 311
624 866
651 476
635 669
111 272
681 360
1 169
746 463
138 369
264 15
781 722
307 287
195 112
230 71
18 799
140 69
549 206
687 451
391 377
298 129
211 422
211 437
450 843
653 97
57 778
843 130
69 229
781 600
893 357
759 24
850 871
718 715
317 75
689 773
760 572
789 680
832 276
409 14
281 601
314 398
25 851
653 778
494 442
15 346
302 609
80 79
409 558
441 467
568 259
514 278
388 589
466 299
319 785
305 745
264 805
562 432
87 851
545 709
227 309
724 471
339 633
314 187
761 759
390 301
93 870
849 93
549 658
474 746
477 105
656 501
274 414
651 90
317 281
461 367
522 895
47 623
615 844
552 795
221 45
869 431
732 133
730 236
788 895
145 424
704 757
740 501
591 848
177 874
149 527
133 533
144 772
9 694
836 78
655 516
660 882
885 852
80 430
249 771
455 314
5 703
751 273
195 803
662 500
312 96
289 637
292 19
722 511
268 706
78 161
181 75
883 117
617 862
354 499
454 123
604 666
484 9
278 240
779 743
724 526
84 382
242 805
603 575
844 589
562 208
32 400
66 512
293 757
559 686
741 400
397 373
484 393
564 167
340 204
317 190
255 392
457 11
677 789
502 861
278 863
489 55
291 213
335 441
14 352
749 604
361 523
321 398
814 878
773 865
27 475
140 49
61 537
770 692
726 617
164 459
326 66
577 129
230 276
847 318
774 742
611 621
22 351
213 30
768 177
844 176
451 705
168 409
500 471
348 891
533 884
208 359
503 125
502 439
86 794
365 24
531 869
322 285
363 503
15 390
157 71
664 453
311 485
724 125
393 450
45 633
848 160
803 221
341 568
608 725
328 124
46 503
148 704
264 870
448 89
120 582
434 712
140 173
341 192
105 580
198 777
778 865
94 747
421 755
778 657
271 236
571 738
189 413
510 853
321 836
541 584
702 329
463 562
625 556
726 851
253 449
726 232
431 705
84 655
309 322
858 404
584 570
511 346
718 896
718 705
94 591
804 869
714 84
610 408
117 747
538 62
291 758
385 396
654 168
206 530
307 631
29 620
769 880
686 647
767 95
61 539
790 93
26 333
389 413
355 508
746 296
895 659
495 570
495 785
80 23
368 389
729 310
340 138
660 415
727 196
590 709
716 666
897 213
847 48
802 712
684 330
80 288
738 373
70 121
668 792
783 510
613 539
778 230
202 261
770 384
728 179
329 36
541 296
656 304
419 668
442 579
307 382
748 449
165 640
133 313
807 525
81 597
714 127
384 581
47 208
205 543
899 636
686 164
232 572
588 727
374 362
435 45
351 238
780 779
863 883
795 688
24 442
11 109
480 748
403 191
780 325
436 421
387 844
538 470
161 237
648 51
456 717
691 184
269 81
74 25
467 28
394 398
355 387
408 521
31 508
382 622
540 528
511 275
107 167
271 75
336 233
753 660
701 283
847 324
449 73
572 181
874 26
646 761
475 717
716 201
522 583
178 33
557 218
556 481
356 267
99 360
312 840
337 540
315 861
234 380
725 18
762 681
3 492
243 240
273 188
891 211
837 549
850 783
186 604
442 673
428 64
264 561
322 126
189 678
572 171
789 541
74 38
536 101
614 872
572 454
285 761
809 200
832 721
847 402
376 602
74 178
396 698
143 760
516 894
468 356
122 894
694 547
289 821
267 436
739 781
386 325
264 346
332 703
822 570
162 509
16 206
369 139
28 880
787 279
595 251
175 866
2 691
663 77
478 331
93 796
161 150
520 65
413 251
542 314
856 305
698 215
250 184
898 622
519 760
344 638
527 670
480 574
71 466
20 225
408 709
859 515
764 367
769 503
470 8
281 754
485 459
369 439
441 476
602 607
253 185
717 800
715 460
585 11
172 245
670 18
316 677
231 862
859 468
787 883
855 90
451 783
553 564
523 891
25 396
379 63
330 607
16 318
351 702
679 544
155 435
19 15
516 210
394 225
760 759
770 232
832 483
717 522
255 86
507 454
434 20
135 583
261 702
226 209
215 136
560 11
766 783
448 215
769 314
132 421
129 315
530 476
64 226
68 768
472 418
791 143
375 482
303 752
802 748
324 286
230 652
662 752
345 748
641 144
899 738
32 80
226 714
888 134
432 817
332 821
622 359
23 801
617 713
542 837
310 821
862 848
360 157
502 260
612 556
196 672
853 526
570 164
491 549
250 564
715 596
685 740
495 611
147 739
342 882
116 273
723 93
623 327
674 38
656 599
219 558
203 824
130 758
723 569
884 240
560 258
33 785
274 742
165 490
512 238
120 435
177 75
738 811
527 836
54 481
55 296
269 752
791 613
527 145
540 273
260 891
82 175
453 347
371 560
128 561
71 198
145 784
424 505
422 209
787 807
17 669
50 348
527 743
703 534
216 489
767 130
847 537
648 404
528 671
92 490
129 302
774 143
889 550
293 131
599 726
245 830
353 78
635 728
719 191
364 847
468 673
611 608
345 681
330 429
837 140
548 310
690 420
407 381
252 545
189 842
401 486
142 89
484 477
803 253
335 353
740 61
391 805
837 150
889 628
687 156
616 16
844 308
192 124
256 369
162 634
638 827
248 245
132 457
9 214
448 679
448 34
93 644
308 497
778 470
672 264
882 369
800 25
123 420
690 592
323 552
867 163
185 247
674 468
593 510
259 694
429 844
824 59
304 74
196 239
428 843
798 624
258 518
126 443
796 804
401 64
424 422
866 59
696 857
513 689
683 394
254 78
426 703
290 204
307 722
374 771
274 235
589 669
582 617
516 248
368 680
31 336
311 174
59 48
409 564
91 772
175 428
182 247
757 243
589 274
480 751
542 58
452 38
293 541
219 62
352 520
490 166
328 298
897 486
502 638
642 143
893 865
596 419
459 629
141 470
406 477
884 891
308 728
621 254
788 172
40 455
796 480
814 821
373 657
187 104
286 794
640 513
79 681
626 818
437 590
602 247
496 880
834 662
863 559
546 641
843 646
168 243
869 689
564 875
118 860
663 509
68 145
534 859
275 550
232 207
806 89
675 821
375 537
435 853
223 111
522 728
447 557
818 334
852 512
293 499
831 498
295 115
817 350
54 639
520 577
424 704
513 343
211 595
553 21
760 197
25 27
768 98
415 55
82 426
372 326
334 378
793 206
730 26
94 79
111 815
830 899
758 320
27 107
519 301
521 419
450 857
558 103
321 168
414 600
598 385
127 879
94 98
766 819
266 809
60 294
375 36
574 296
270 333
318 121
364 17
654 82
616 541
706 338
450 329
415 208
262 887
469 72
848 176
741 406
103 375
508 790
165 393
816 166
307 284
51 674
300 435
393 766
523 569
739 646
519 685
543 296
749 806
844 613
208 12
343 268
239 311
248 192
148 625
227 724
26 781
276 834
32 817
420 396
221 562
615 767
200 558
841 516
422 457
387 287
849 193
845 224
301 436
217 326
276 693
572 434
20 200
240 226
845 132
683 57
332 467
592 312
270 818
766 195
595 11
715 117
802 257
127 701
270 880
24 593
573 267
852 768
280 706
294 20
249 448
504 730
735 853
860 511
547 881
881 15
338 309
171 730
864 669
178 725
369 276
263 369
867 458
74 718
81 71
60 771
818 191
605 222
502 187
118 533
799 63
117 398
13 31
388 145
435 849
472 467
302 138
7 601
729 60
479 866
790 433
660 776
162 715
688 662
151 49
463 410
28 300
808 430
899 492
5 578
518 201
793 870
860 316
424 220
237 192
641 20
432 612
555 27
514 301
115 487
707 869
226 231
562 742
300 806
749 384
454 623
46 461
676 621
513 798
45 587
203 484
429 70
568 486
188 323
545 217
499 29
785 518
139 717
868 165
409 284
220 295
572 859
54 284
386 572
557 10
729 40
98 464
770 127
870 502
783 642
76 360
142 149
554 766
539 524
216 406
900 829
103 574
149 692
239 860
338 259
364 644
798 234
499 766
48 537
590 403
496 631
553 659
31 256
388 385
624 510
483 488
651 820
127 115
786 275
630 20
407 87
278 329
294 23
648 813
107 333
450 399
738 218
113 867
852 645
750 659
199 247
231 791
710 681
122 668
474 492
298 486
670 504
218 612
876 195
38 59
495 725
581 155
75 636
585 434
81 481
61 859
566 376
315 619
686 575
226 679
12 733
711 227
669 461
284 48
879 460
821 436
585 796
829 19
476 798
818 803
80 675
546 180
126 508
404 472
629 894
636 791
283 38
756 531
513 694
361 661
23 709
829 8
92 47
842 596
322 288
464 117
371 591
163 222
252 812
392 107
327 255
493 870
542 686
274 84
320 77
501 20
827 287
16 769
266 393
60 141
878 573
586 626
899 699
548 102
630 587
552 245
484 96
480 323
662 761
837 78
367 615
527 674
175 215
878 812
729 535
134 592
339 191
529 446
495 574
258 657
757 596
767 83
853 315
785 670
23 68
20 830
557 516
243 458
623 881
528 896
123 438
855 577
766 457
280 606
535 66
387 715
337 770
374 177
875 420
52 628
734 290
579 380
510 368
165 707
862 443
561 611
21 563
740 609
725 13
163 208
51 871
492 602
829 703
439 688
628 772
800 461
375 511
121 86
188 64
476 831
861 41
505 542
737 813
622 556
434 723
695 587
773 673
149 202
519 777
523 140
382 482
10 169
881 852
20 657
9 286
858 241
203 776
709 45
577 209
525 774
764 700
846 113
440 754
17 891
569 720
120 657
813 640
757 738
423 694
388 799
454 786
414 428
699 795
207 671
552 291
386 64
373 217
64 259
83 390
752 35
465 439
90 274
817 248
546 714
355 330
646 346
336 354
777 193
485 680
564 738
18 223
690 675
766 445
793 857
556 641
264 118
731 178
770 95
773 186
355 666
851 268
638 623
427 876
645 889
425 848
802 590
542 370
807 639
232 442
841 273
679 260
289 417
494 53
382 871
697 231
849 577
468 851
894 404
640 229
599 123
408 329
396 740
814 774
566 876
374 654
61 876
714 69
332 823
52 600
127 748
239 107
545 334
742 98
425 880
36 468
557 850
289 462
424 579
69 560
241 585
82 627
844 121
46 706
485 374
302 395
432 3
574 185
372 410
882 405
337 649
10 440
370 874
857 278
571 89
892 678
513 453
431 896
686 821
724 842
571 434
391 888
420 598
406 128
423 167
768 704
530 98
82 273
557 248
178 879
626 68
55 866
44 259
74 288
297 544
213 103
823 859
521 676
726 807
427 550
260 331
36 250
114 174
445 437
34 75
696 387
734 35
292 165
688 41
300 803
301 523
24 195
325 784
349 826
205 718
492 845
713 208
148 546
516 460
411 621
119 195
689 788
856 816
646 496
508 264
247 184
725 415
129 138
639 188
325 661
470 519
624 633
778 791
373 522
582 333
573 522
366 209
294 786
632 104
889 160
31 766
141 846
90 790
71 489
59 113
358 85
198 493
378 180
43 261
326 296
432 744
128 838
11 40
874 220
664 72
107 498
20 606
681 359
5 542
249 378
301 768
648 365
830 328
418 613
356 176
642 448
508 451
179 520
844 264
769 828
211 715
645 538
395 77
80 616
281 348
133 286
728 404
37 251
825 888
553 329
276 190
550 53
842 347
362 264
423 537
821 469
527 795
562 83
89 728
50 145
497 140
548 245
401 583
423 172
604 390
257 549
409 819
812 725
33 709
852 319
793 124
825 723
402 676
700 435
571 12
885 88
667 722
236 228
81 568
477 782
246 154
560 459
237 297
337 317
374 366
326 9
584 446
458 137
380 408
424 548
835 52
682 510
388 364
161 146
382 107
321 427
669 420
843 385
257 633
318 577
359 45
114 422
599 420
388 98
764 523
571 766
5 747
58 346
535 367
190 884
611 116
582 875
45 793
827 563
859 142
348 500
227 186
487 31
797 429
890 141
315 89
509 92
77 337
266 219
66 228
569 24
298 842
18 397
325 872
331 356
799 540
490 253
46 96
290 673
130 465
506 39
408 438
167 76
574 227
756 526
141 651
176 826
580 99
603 19
690 435
580 743
709 449
457 502
91 546
479 211
62 843
881 491
596 407
220 778
606 254
407 696
217 341
792 411
817 222
495 90
492 810
424 434
444 546
538 758
135 647
218 741
612 617
850 532
358 744
340 183
23 187
275 361
61 79
532 267
100 570
434 474
485 602
129 77
192 14
537 360
28 812
805 425
568 706
70 497
685 247
802 95
585 474
163 819
65 894
468 24
618 845
228 767
298 616
336 470
166 231
637 323
83 587
533 229
602 662
23 728
591 257
159 225
532 348
740 106
120 278
100 790
673 94
451 225
472 640
900 809
94 689
600 755
30 274
394 750
798 448
110 469
725 891
131 270
180 282
303 505
428 406
153 386
496 296
142 257
793 34
27 194
297 402
238 346
184 720
787 282
198 72
425 49
190 64
323 416
657 90
725 450
382 820
119 623
818 253
249 309
310 702
417 337
208 687
493 148
193 236
401 151
540 354
866 826
855 102
239 136
309 568
441 215
816 139
402 41
505 274
667 678
204 215
676 148
859 865
292 814
394 219
669 481
429 542
12 491
619 157
798 238
276 303
788 644
228 249
601 458
283 334
439 745
274 195
775 672
434 584
468 401
719 793
97 475
176 747
853 507
739 772
570 174
494 510
798 363
811 556
374 505
613 611
349 406
52 159
801 533
850 701
424 745
820 828
261 56
131 562
527 50
664 96
800 555
192 143
709 696
320 121
378 637
765 809
630 246
422 456
34 312
813 482
144 644
23 543
766 705
139 394
417 548
550 675
567 106
435 803
676 628
787 764
634 497
439 280
746 702
388 553
20 210
397 845
494 171
545 487
171 246
420 629
319 17
309 788
250 773
508 726
831 799
100 508
256 442
499 88
853 287
473 450
47 84
498 600
602 839
388 745
390 736
238 753
672 774
798 716
311 797
791 133
265 270
313 64
715 573
827 88
298 63
353 730
282 560
578 385
338 854
192 890
60 172
788 791
879 793
355 248
174 211
866 516
128 888
715 453
624 827
703 862
857 251
730 677
218 675
557 22
303 316
427 93
569 83
740 332
689 565
58 458
255 16
428 100
846 32
365 748
269 736
288 454
231 545
354 403
94 371
634 191
414 6
784 520
574 561
861 626
258 295
88 21
552 378
145 431
68 577
797 798
387 578
752 592
686 735
437 263
855 385
151 397
501 686
304 191
582 344
104 92
823 544
40 496
254 464
277 265
805 13
844 797
336 846
493 258
692 776
194 423
233 845
493 584
686 152
234 406
653 215
633 616
454 561
43 523
384 825
423 239
574 172
524 709
866 480
755 39
143 260
208 459
860 451
898 809
481 796
50 147
654 117
159 202
720 353
414 439
311 647
375 153
873 868
235 859
874 717
34 6
320 20
341 289
461 651
589 17
649 163
92 886
554 664
333 476
808 231
180 424
368 601
844 12
176 575
666 428
663 778
474 381
710 519
494 32
533 441
386 437
692 252
127 820
851 83
24 877
279 599
438 703
534 726
500 642
753 785
516 124
361 724
462 727
521 893
705 545
307 786
75 665
559 232
567 590
787 374
372 403
690 513
135 754
406 165
300 44
441 776
359 351
892 507
869 714
32 473
723 259
112 630
632 605
347 26
887 462
828 782
679 567
130 792
214 786
576 635
817 184
150 232
823 785
156 85
446 623
686 742
107 338
62 419
617 596
650 43
567 307
394 509
705 98
88 366
440 486
608 661
323 299
785 192
164 434
776 790
883 869
522 211
39 248
680 751
263 598
405 286
378 787
550 395
206 881
385 766
159 751
447 164
860 556
564 43
747 740
500 840
244 660
231 381
268 253
790 894
878 502
409 52
304 435
654 155
509 499
24 467
74 29
581 124
647 164
810 263
794 780
27 570
474 74
878 710
674 35
557 871
80 318
525 559
414 623
64 741
118 139
537 624
834 739
259 682
179 556
177 544
72 879
835 430
578 583
357 211
487 749
459 476
45 450
527 617
738 896
537 147
612 830
112 234
661 163
478 519
505 380
806 843
445 834
84 36
27 171
421 425
680 313
786 588
510 203
323 217
157 431
15 568
583 666
605 425
767 832
37 759
560 254
595 160
196 340
610 707
142 436
329 755
380 511
659 70
619 34
413 58
775 840
875 566
496 826
506 632
597 469
382 892
756 126
657 685
37 428
429 679
450 53
435 149
412 637
206 751
401 111
634 517
160 36
513 485
233 258
398 164
137 490
297 693
131 473
581 129
604 162
110 659
749 584
486 46
367 503
475 252
93 227
599 502
372 198
475 737
576 184
738 129
209 17
123 303
422 352
114 553
679 430
222 614
470 532
343 644
293 79
304 604
411 327
610 96
779 90
750 865
520 727
140 77
375 443
496 210
664 206
273 56
746 760
760 645
585 639
502 412
361 389
154 282
657 632
635 571
892 602
264 837
308 36
533 277
310 168
846 190
787 729
765 747
881 669
420 552
259 140
92 158
292 145
634 376
577 695
428 501
65 369
138 282
440 171
135 98
706 721
772 888
182 458
439 710
185 484
820 393
424 482
235 21
840 833
856 396
890 37
235 215
704 108
648 825
164 160
415 559
829 720
137 726
339 115
629 614
40 514
81 411
389 810
494 873
771 145
288 861
421 690
200 469
265 144
311 219
30 387
260 847
897 252
492 271
685 494
93 273
772 718
122 198
851 203
68 125
591 593
523 789
36 831
826 727
761 279
89 214
557 686
877 80
192 580
571 114
896 53
588 252
338 258
683 407
795 876
53 172
793 181
794 719
160 378
103 107
580 117
452 766
261 288
619 809
54 609
384 302
858 219
449 828
299 254
241 652
476 700
458 388
222 455
28 753
687 410
55 116
314 44
3 585
286 838
628 725
571 107
851 486
448 177
757 90
130 751
453 291
777 378
688 20
433 858
898 147
149 286
762 309
178 705
631 54
256 70
781 246
30 828
796 560
621 869
786 689
268 753
198 107
587 688
545 460
327 896
481 106
644 613
780 217
596 727
63 575
774 243
692 308
459 863
199 768
334 614
505 368
467 885
505 227
777 490
720 528
485 714
285 158
449 124
108 226
868 188
319 316
40 726
340 897
813 691
842 156
90 666
153 141
557 665
688 322
491 788
173 526
815 636
605 234
201 440
876 103
429 472
459 155
402 169
93 739
754 775
732 495
380 798
367 152
274 632
512 611
573 589
587 354
57 47
97 452
580 511
744 514
12 685
370 275
351 192
861 154
147 65
638 620
833 546
829 207
139 812
184 32
546 239
304 444
433 651
589 710
65 123
247 92
324 102
457 775
348 364
213 625
201 641
136 411
757 550
559 437
674 557
804 375
620 443
552 433
632 248
735 834
540 625
154 345
335 377
123 220
465 684
232 881
665 462
28 190
793 841
84 310
341 823
42 561
542 601
503 450
881 608
497 878
150 683
455 152
510 349
829 705
640 174
360 50
24 75
272 126
798 59
629 140
471 298
816 646
211 459
356 132
444 445
295 389
831 736
885 503
631 291
753 106
188 800
407 657
165 171
407 605
573 284
663 558
467 377
875 399
197 226
673 863
580 720
782 320
489 252
23 393
422 362
805 213
332 344
83 750
890 203
303 531
711 334
682 537
437 375
34 556
234 691
900 735
25 504
894 551
126 94
329 816
279 144
231 316
828 190
37 222
693 344
297 285
601 605
87 834
118 572
897 355
568 358
838 802
267 813
606 67
259 680
391 747
3 464
276 524
171 706
31 651
768 403
367 899
526 198
47 390
707 453
451 636
511 20
61 233
117 156
354 400
220 449
268 670
343 67
232 550
618 438
171 603
336 515
408 503
447 681
161 568
775 82
161 584
816 697
315 650
456 181
442 845
459 465
637 46
741 87
370 637
471 841
599 854
728 423
27 115
5 540
851 232
381 899
125 659
797 554
87 883
757 441
561 357
257 810
880 112
445 128
512 22
340 206
296 230
573 204
528 574
327 502
693 376
213 187
463 647
30 737
830 575
620 225
790 777
554 73
472 33
867 134
666 824
869 289
221 515
676 890
608 236
731 886
635 399
826 148
363 336
609 309
365 877
797 114
808 647
592 386
82 438
575 781
266 439
619 207
427 591
472 651
400 67
705 524
712 891
776 672
885 277
186 52
266 592
758 241
770 369
77 778
627 870
351 400
743 39
209 870
255 283
783 662
671 522
496 318
478 112
471 559
803 291
183 698
793 536
274 687
544 166
374 712
496 688
327 428
303 159
835 391
447 437
615 777
446 195
523 209
715 181
473 619
663 368
435 550
106 64
334 600
158 622
746 645
22 869
130 348
278 181
207 624
837 254
229 371
34 179
709 290
216 774
730 736
613 772
694 888
317 271
164 529
819 291
582 794
604 114
325 490
136 309
130 621
44 814
580 370
714 470
883 281
16 416
555 798
233 844
310 708
515 603
155 680
836 535
794 340
523 346
294 149
661 438
178 824
392 849
724 898
343 261
172 387
504 871
271 875
798 556
697 583
577 480
591 476
495 161
152 656
525 17
659 860
713 473
801 92
724 594
104 328
686 545
552 721
390 353
125 436
197 135
590 827
777 820
547 334
666 189
597 142
204 556
669 818
738 491
158 858
744 120
774 293
747 458
614 104
3 870
609 784
29 747
404 7
46 154
644 4
410 21
645 307
449 654
743 516
774 793
604 116
584 628
475 205
861 866
807 808
790 111
804 485
121 91
36 701
748 884
105 537
845 523
431 239
531 99
402 700
702 138
139 229
844 879
129 66
808 484
606 463
47 180
257 307
547 669
645 94
529 241
438 895
490 807
651 268
250 241
892 798
169 185
232 188
775 290
757 224
381 107
11 132
454 831
703 52
527 209
835 537
224 765
374 263
485 819
433 127
182 271
45 446
272 226
265 571
717 681
70 427
449 278
414 201
563 248
55 160
633 69
114 730
390 885
201 554
284 215
62 559
470 5
322 373
330 769
626 838
669 73
95 315
270 166
413 88
539 451
706 481
568 32
769 890
680 53
131 694
717 246
890 448
398 277
527 80
24 810
854 100
353 155
644 413
579 548
292 551
229 379
676 650
842 77
467 704
634 206
593 159
79 801
695 161
272 209
337 579
461 447
464 457
573 108
241 198
477 29
612 744
103 500
447 471
209 757
644 727
602 731
789 855
349 832
531 185
785 387
398 750
515 852
561 149
446 503
250 110
160 868
25 188
870 339
303 832
355 339
740 483
580 101
96 193
252 696
83 231
208 31
601 160
87 514
283 282
722 304
443 778
217 40
781 453
85 394
333 132
343 176
357 436
733 512
796 618
129 509
550 147
2 515
212 2
315 855
27 861
93 329
879 336
287 261
684 734
698 246
358 698
592 348
287 867
544 186
567 774
699 466
837 530
171 378
335 245
100 687
860 10
844 418
822 364
667 654
706 236
12 812
537 570
184 559
319 629
256 390
670 430
295 280
885 282
623 384
509 696
335 668
612 99
284 176
285 241
824 359
124 75
418 769
791 779
506 637
768 87
755 759
333 654
27 680
259 508
115 400
249 82
662 114
727 92
716 750
208 872
324 833
93 347
520 515
60 198
554 536
354 714
22 868
199 498
403 490
462 155
600 170
623 678
802 635
285 123
729 715
515 340
788 94
785 141
734 101
102 720
609 503
651 572
132 744
783 690
434 782
533 735
409 7
871 124
598 760
576 474
578 697
388 238
735 176
842 749
591 764
613 51
33 854
152 256
100 4
535 380
174 824
511 824
855 415
476 359
410 328
256 841
45 788
305 191
352 374
809 659
121 356
688 616
833 229
462 172
191 731
342 104
578 166
836 702
871 430
164 717
755 723
183 756
422 233
775 224
74 789
480 112
600 565
509 241
721 179
808 799
867 302
721 455
307 657
845 103
672 893
773 540
63 19
870 577
50 828
480 822
859 445
793 552
853 273
825 574
97 606
86 672
886 386
330 91
787 831
853 682
110 481
884 833
64 540
319 623
720 749
323 877
122 579
536 142
482 847
622 9
32 43
711 324
123 111
243 15
426 715
481 478
116 582
791 140
671 650
895 204
151 546
219 898
758 377
57 64
640 42
579 184
775 793
889 647
441 457
449 125
369 558
848 357
264 889
424 634
403 851
276 707
568 536
184 374
3 318
277 33
755 97
604 39
173 795
581 813
376 451
430 456
203 649
713 839
263 619
17 21
123 39
885 112
22 587
375 737
388 108
878 687
789 830
216 645
94 252
737 86
97 824
344 696
624 626
253 474
195 785
311 120
437 488
491 636
145 639
502 578
279 47
592 398
119 892
692 411
493 830
819 455
246 141
737 678
255 415
863 245
450 140
269 225
19 881
199 891
183 338
166 328
443 648
521 654
754 618
818 517
832 813
540 252
431 138
325 52
334 154
212 187
263 691
381 619
612 535
213 561
259 286
209 508
351 93
599 255
336 47
174 329
239 557
154 776
595 406
708 551
893 857
638 169
416 266
199 300
891 575
257 276
308 611
520 627
779 577
431 864
867 333
128 409
692 251
96 399
322 233
194 654
559 124
755 597
25 206
381 349
177 138
105 592
360 64
754 554
401 798
206 402
790 327
739 344
746 544
654 493
736 665
89 262
148 453
103 281
417 157
878 120
401 442
17 73
564 801
24 307
193 608
572 571
250 544
459 539
867 462
323 579
825 791
729 323
836 796
289 105
52 399
519 789
773 11
896 821
847 88
789 725
402 808
260 146
300 31
328 371
736 295
456 897
75 259
394 491
247 376
805 682
597 897
886 671
386 331
210 312
274 607
433 370
386 55
743 776
439 526
827 144
895 771
292 58
472 738
587 17
224 459
871 480
441 116
100 638
733 324
319 223
442 765
804 634
770 389
335 158
201 40
614 704
826 416
843 232
694 185
18 871
603 79
211 273
191 392
181 613
250 710
879 402
543 10
209 449
81 788
5 1
730 612
213 84
322 177
440 94
278 884
200 405
869 581
301 138
136 330
155 343
640 200
710 623
224 462
635 731
392 282
161 268
868 307
385 376
866 893
731 284
416 673
288 458
697 275
796 633
799 155
802 50
233 321
409 884
714 273
476 885
216 488
795 295
482 853
881 25
333 63
209 849
737 860
323 731
260 273
619 37
464 699
384 840
375 532
600 29
781 820
453 235
104 62
382 572
849 823
784 756
471 804
555 841
766 243
692 437
668 486
463 10
480 835
285 581
307 757
816 580
117 272
235 813
859 280
768 760
705 115
133 457
374 845
637 476
737 806
5 366
842 837
184 242
42 877
422 51
627 669
836 554
253 279
754 27
485 842
131 112
643 53
321 218
281 315
100 228
790 626
827 565
238 821
150 720
481 454
342 633
167 551
179 238
83 407
749 735
689 364
685 886
898 224
789 156
556 788
848 750
299 809
606 52
636 48
460 899
764 543
416 837
50 819
196 187
497 793
219 353
247 143
280 48
410 64
336 608
49 865
255 833
580 413
23 883
832 96
652 812
469 639
600 370
181 430
110 439
219 378
676 742
180 178
615 843
375 725
543 634
865 361
316 546
704 202
798 130
795 130
569 615
13 682
492 385
397 384
410 772
728 330
100 654
567 624
688 639
380 51
36 724
267 81
72 873
564 685
290 410
487 390
338 637
560 591
340 729
613 775
332 463
254 615
836 444
115 742
392 324
197 57
466 40
78 398
347 674
61 631
205 853
646 75
755 817
428 900
58 810
25 105
855 149
331 181
358 692
621 17
220 844
787 791
420 884
536 335
317 151
864 851
814 250
183 771
731 725
65 172
808 661
789 872
313 761
122 444
74 530
161 309
646 675
581 620
542 722
620 617
649 150
769 183
350 242
143 155
194 780
726 832
573 442
505 235
110 187
590 817
465 248
249 398
78 450
669 400
325 430
814 355
63 585
290 659
855 112
226 890
348 475
446 207
351 211
663 248
416 441
120 867
626 88
844 630
521 358
144 504
86 635
820 685
493 618
166 364
636 625
684 817
497 833
586 719
563 322
583 198
326 140
315 630
173 506
775 180
805 719
99 16
431 421
362 266
311 867
138 241
877 781
508 778
866 794
596 299
40 108
771 389
584 752
833 819
284 830
565 141
254 249
762 317
831 243
471 146
519 568
696 298
485 564
74 809
681 816
303 180
749 625
503 672
318 155
631 577
623 752
295 472
122 797
787 145
604 440
557 510
384 107
325 126
21 221
575 657
891 399
815 407
818 815
489 577
689 345
531 453
527 312
736 357
568 299
609 519
272 34
105 732
420 178
16 460
582 553
514 367
861 260
52 140
200 708
79 227
210 751
129 567
779 452
200 869
78 562
643 775
705 352
558 360
488 680
689 110
254 330
718 564
392 213
577 37
38 666
676 703
648 419
528 662
712 254
715 472
70 393
801 41
683 740
528 647
306 105
291 592
878 810
484 269
322 513
595 727
440 583
461 251
900 526
877 805
528 446
178 887
550 882
128 382
100 477
779 813
747 206
63 343
240 634
258 339
876 239
777 794
405 215
648 277
304 496
431 674
861 689
407 479
699 788
843 318
240 102
399 443
900 268
503 89
510 470
1 293
208 373
507 200
534 576
385 329
721 810
162 444
193 816
82 29
283 850
54 227
462 10
728 98
609 824
44 769
893 447
548 426
453 154
88 388
61 724
369 257
306 494
793 443
554 516
156 537
849 719
360 662
573 58
156 178
657 869
230 200
36 767
184 69
143 734
537 784
232 287
512 700
629 890
865 120
72 768
597 656
249 766
199 126
889 137
508 298
167 888
76 424
99 40
365 158
301 252
272 720
564 649
834 846
607 503
410 575
81 838
857 729
673 897
549 722
842 566
293 648
655 706
854 571
625 13
311 469
288 200
1 446
772 572
96 54
67 104
689 874
848 135
740 855
86 462
785 604
539 260
890 274
366 134
264 360
823 19
649 764
272 343
552 606
341 483
143 681
619 49
126 607
414 730
138 402
854 751
320 322
542 342
455 383
460 301
774 277
294 326
188 393
344 104
592 676
190 726
89 624
380 366
227 530
574 201
466 618
580 382
398 850
327 563
202 58
742 609
598 642
552 85
478 666
368 37
353 459
709 839
202 677
484 169
190 160
366 787
715 783
837 780
626 759
150 209
129 746
765 419
497 137
362 721
446 695
158 634
642 1
64 165
706 461
197 668
440 161
155 678
523 207
152 738
237 239
95 677
590 86
13 356
531 761
418 96
199 633
752 864
275 322
648 103
629 491
588 491
827 259
863 703
852 26
281 619
338 399
149 843
798 227
673 322
862 25
714 582
346 408
144 346
849 707
347 668
66 325
451 520
747 186
471 194
562 217
816 726
17 111
860 272
568 115
213 699
284 55
448 119
833 394
328 144
755 820
16 754
737 647
789 590
369 295
234 68
389 188
160 849
50 176
892 313
108 198
65 507
239 883
476 677
450 659
169 896
792 295
859 768
765 71
874 144
348 347
609 231
505 318
477 252
805 651
897 274
165 132
36 548
648 378
594 672
635 267
565 177
304 677
262 669
732 713
880 829
609 681
450 173
574 769
219 486
28 533
174 673
648 758
168 133
813 841
59 825
209 673
893 758
740 185
244 492
623 870
754 463
450 516
15 282
862 759
169 172
305 770
659 570
729 842
401 556
888 584
96 721
206 279
88 156
546 756
390 480
616 870
221 224
173 652
57 719
155 613
313 646
470 823
540 658
82 632
615 153
439 353
248 768
756 528
244 692
259 345
462 318
541 822
602 593
271 782
123 569
223 356
860 598
311 304
141 828
35 152
594 150
119 667
527 328
601 299
661 892
414 890
477 590
395 208
212 239
367 157
897 701
779 855
360 324
97 472
245 756
833 616
228 85
726 97
493 196
813 58
111 210
512 569
569 279
709 395
740 521
858 652
54 775
346 401
202 437
631 293
476 572
468 156
187 179
718 569
550 318
353 570
722 313
27 403
873 360
