1000 6154
9620.640000
-8264 -5811
-4716 -7907
3391 -7968
-2218 6793
-3881 -7262
557 5791
8045 9534
8974 7280
-396 8963
-7541 3133
9117 -7369
4405 3586
4489 7398
9797 8926
-4662 7635
-6336 6900
-1278 -9461
-9392 -301
1379 5808
6126 8174
-3985 -6808
-8128 6920
5176 3220
-9709 2219
2358 -2505
-5122 -4331
-3180 -9775
-9043 -6971
2111 9909
-5365 -7441
-7403 9409
6133 -9750
2889 -5681
-3550 1537
-5166 9977
639 -3910
3995 -928
-4161 2224
6506 -8644
6706 -5559
2482 5494
-3045 -9263
-6510 2460
-7627 -3194
-3228 927
-1270 -8034
-173 7787
-1571 1427
-5617 6900
1978 5547
-3749 -9115
1880 5878
-2918 7422
4002 -5884
-6573 9030
7716 -3743
1304 577
-8248 -5966
-4073 -3341
-8803 8075
-5662 -4025
-7815 5544
-4951 -4109
3839 1729
5120 2062
781 -7351
905 -9277
2850 4050
5760 -728
-5623 8978
-6186 5900
-9116 6223
9916 4932
-2410 -9756
-4364 -150
-8655 -3952
-8776 8893
-6892 8866
-576 5904
7379 3712
-7682 6688
-98 -4781
8282 -6768
-4446 6533
-985 -9173
2749 62
3292 -2175
3142 -4179
-9836 -3102
8833 -5720
9559 -6942
4378 -8695
-9670 -4180
5953 3972
-4635 -1353
-6095 -3751
-5653 1051
7944 -8388
-7167 -8564
760 -3961
-7598 3997
6087 8237
-6649 7739
516 6394
2978 -5929
4543 -2455
-8892 3143
-4431 -1395
3639 9990
2215 5673
-6597 4694
-146 6587
-9202 1164
-2482 8191
-39 -5032
-1660 -1871
-3825 -3597
-7527 -6218
2210 -6639
9249 -2283
-1706 6907
-384 -7264
2510 6041
5788 4677
-8932 -9768
-1705 2303
6934 3881
9250 -8035
133 65
7612 1143
4028 6640
3980 8530
2860 4483
-3916 3738
-5944 9082
-3597 -2439
-8461 7601
-2581 -718
-3586 -7535
-3666 540
2894 -8734
-7175 6557
7030 -2441
-2087 6413
4027 -7184
-9092 -684
1972 7241
4066 5676
1560 7252
-7458 -8732
1185 -9258
-6121 -4520
-1865 -4691
7146 -1038
1295 8523
-5847 -724
-37 7957
-4032 -4787
8077 -2357
-4654 -1477
-1262 -8604
-4186 -3811
9103 3345
-2694 124
4403 -9590
2504 831
1171 3708
-7250 5985
4934 8071
9568 -4540
1846 2769
-79 -2337
2264 7193
-3775 5486
-8721 -5304
3088 9082
-2033 -2946
-5700 6593
-9363 9645
5613 -80
3581 -8627
170 7262
-6636 -9171
685 5276
-6689 1097
-4210 -4241
-6931 -4573
7110 -1114
-2694 3780
5183 -2497
2868 305
9274 -8656
9404 36
-3565 -5068
-5367 5249
-6045 -8070
-5363 -5809
-1684 -2575
-5716 4883
-2007 -8653
3529 5052
6865 -5447
2078 -2440
-7784 -3200
-682 5128
3400 2273
8927 5943
-6005 6538
8016 -4831
9263 -7633
-9421 593
-2473 8464
5372 7993
-6943 2568
-9845 4898
-1022 9770
-5392 7237
-8094 2867
-9767 8940
3328 9671
8407 9991
6003 5120
-9360 -9192
-1783 -7272
8296 8799
-1901 -510
-2564 3684
1515 -4538
4168 9076
7354 7673
-6391 6519
3922 1937
-6932 -7440
-6966 -9113
-9412 -4561
-4433 -6355
3467 3240
-895 -725
-2754 -9855
-3106 1983
-6606 -2334
5564 -2494
4916 1409
7629 2759
-4993 -9972
-6762 3182
6502 7674
8394 8340
-2211 -221
-123 -9168
-7668 -8565
9449 608
4039 2154
-1829 89
-1384 -9077
-2578 218
7070 -1076
2724 -2023
-3086 -958
2924 -8712
-2835 6246
4336 1650
7053 4359
-9470 8731
9686 -5022
8966 -4068
-8163 -3131
-5371 -486
-4177 8781
-7062 -8711
3130 1753
-5239 -1840
-8014 3528
-2587 -3553
-2826 -2597
3652 3309
7099 6949
-6021 8895
9749 5252
7660 -7292
-9308 -5921
-5070 9710
8528 8887
3452 -184
-9130 1047
3952 -9970
-7000 9043
2492 8291
-5788 -836
9457 6509
7476 8947
-8901 -8987
-7409 -5433
6794 -9665
8318 5529
-5948 -8596
250 -6443
-7468 -1629
3782 -1833
972 -6258
8794 1367
-9773 -6688
-9845 9494
-8362 822
-5311 6578
2531 8489
8192 -3133
4688 1205
9245 -3675
6952 -2564
1853 -3478
4215 -851
2176 -2129
9958 -6004
-1247 6137
494 -692
6743 -6436
1936 4621
-5409 269
1134 -4997
3327 -8251
5155 -8
2695 -3333
8831 1641
3320 254
-4376 72
1827 -503
-3235 7901
-5222 -1365
-9932 -9830
-4635 2946
-3561 803
4501 6387
-6121 -824
-9822 -3534
4345 2502
-4912 6153
-7116 -8197
-4108 -8304
4415 -4905
-6649 -9345
-3822 9256
996 -3080
3282 -410
6373 6570
5149 -7372
1490 2410
-2484 2143
-6620 -8816
2052 -2665
4017 -7445
5761 -9673
-6962 5447
-907 1472
-3238 7685
-1408 8150
-4069 -4296
6622 234
-5028 -262
-6062 7077
-2097 -5937
450 -887
-7995 5418
389 -419
6891 3644
9748 3150
7335 -3949
2014 -9708
-7865 1161
-4309 3461
7722 -4062
-7389 4477
2970 1725
-5414 -4719
-670 -1537
-1279 -5575
-9806 -9685
6968 -6187
-700 2416
8224 6383
2797 7398
8745 -9364
323 -6224
2756 -340
6402 -5671
-8340 -9508
458 -3282
-3770 5896
3274 804
9250 -3808
-5142 -2039
-1171 5381
5890 9669
-4986 -7564
8629 -1872
4517 6199
-2680 9850
4376 4530
2373 -8452
-967 6495
-3939 6112
3760 -8051
5732 -7527
-4100 -7627
-2869 -4889
-9882 -717
6175 -3221
8456 7929
-2448 2085
7171 -7406
-651 5363
-3630 4001
7166 1537
-4410 -4701
-8484 -1184
2586 1594
-6918 3637
7279 -2541
-6974 -1277
-9152 -7382
492 6904
-7340 -9167
2126 -724
-4028 -5017
-9387 5925
7297 -3296
2784 9698
1334 -1225
8947 2394
7183 3092
-9196 -6972
9775 9554
9618 -2020
-5296 -5233
-1724 -5169
3292 6672
-35 -7521
2816 1801
5027 6971
-3206 -5779
6575 -2462
-7449 -4416
-1804 -8113
814 -5727
1462 174
-9585 6658
-6194 5027
-5514 -526
-8951 3679
-4738 6784
2055 5707
2524 7489
3599 -9084
7795 1143
1848 9930
-3741 8488
-6247 -4495
-1397 2741
-2833 939
-5821 848
-6569 -9074
-1027 -6196
-4669 5360
-3270 -6099
7428 -3788
3222 8521
-8207 -8899
-4401 3390
-2019 -9957
6828 -1316
-5387 -8414
-7517 -6715
7278 -1747
-157 992
-3540 1457
9102 -437
-5780 1197
-8162 -5943
-8824 260
7581 2083
-5238 9899
6995 8818
9960 988
-7736 1387
6382 4664
6498 8464
7773 6897
296 -3507
-6956 8196
-7529 -5760
-1953 8659
8328 -720
-2383 -2346
1171 4513
1858 2288
2744 4052
4631 6105
3637 1292
4084 -9590
-8710 3499
803 -282
-6859 -6236
-7394 6267
-4008 3567
2463 2066
9721 -4199
6592 -3475
-5076 1628
-6146 -4547
6556 -2999
3647 2995
5869 2304
7977 4459
-7321 -8270
-9667 -3035
-7879 -3460
-8509 383
-5609 8926
1311 -875
-2494 -8491
-7294 137
4502 3759
-8077 -3789
-1481 6886
8789 5444
-4897 -9451
9784 -2274
9230 -1242
-1483 -940
-1011 7756
-4643 6385
9700 -1826
-6706 6898
-1360 6121
-7787 -1575
9030 5102
-3500 -2293
5036 -8019
-9490 8318
-7989 -598
5417 -7530
6428 9387
1459 -2646
-2906 -6711
-667 277
-6993 785
3455 -8287
-3153 -9113
9635 -7126
9597 9650
1089 -5651
-5550 7510
-1973 385
147 -1106
3219 -9200
7809 6055
-6369 3484
609 3941
-5287 4504
8706 1986
3168 -2384
8307 -879
-4352 847
6946 -6341
6018 6735
-390 7772
-5083 -9874
-2985 7597
4558 -4613
4428 4961
7577 4259
5374 5901
6643 -2771
5362 -5380
-7872 3019
2456 2601
-227 -6907
8999 -3372
9571 -3935
-9872 1110
-4736 -5902
-6185 -6968
-203 -8955
-7165 -8119
5746 393
7872 -421
-7482 7539
-2266 -8033
2059 -5758
9813 2802
-5708 -840
-4593 7662
2218 -5455
5069 9307
2567 -607
1779 840
-1529 -2946
2723 -6834
-6233 -9738
-7604 -3521
-6098 6804
-6351 2292
1718 7262
-8448 -3644
-6495 1248
-5384 2307
-6111 -5091
-3989 -5906
1798 2959
2119 -6935
5989 -3725
7712 -1253
-5427 6732
4151 6803
9280 3870
5584 7905
-6521 8267
-9963 -4687
9797 -2541
-4165 -860
1003 4492
6735 -4676
-63 -7202
-5588 6128
2050 -470
6408 -2663
-868 -7691
-9593 4416
4397 -2330
-3238 -4164
1657 3028
-5371 8082
-4595 7129
9948 2021
-1581 -3345
-66 8517
8304 8441
-9544 -3247
-319 1485
3070 6371
-4547 9341
6055 -3353
-9219 -1679
-1176 -3852
7179 -3317
3799 -5755
7810 -9961
-206 -6192
-5289 3608
3113 -5080
-5754 5077
-6427 2916
527 -3769
-3512 -6744
-9231 -4567
926 -5394
-9438 -5215
7464 3652
1945 5975
-8743 513
-380 -1573
-5626 1514
-77 3837
-6198 -1385
9453 383
-3277 -2469
-2840 1908
4467 -6298
8901 8773
222 -2259
-6896 7700
9666 2702
1030 -3421
-3800 9456
-5979 2677
5422 8307
-4995 5501
916 1834
-4406 4558
-832 4447
8173 4573
8166 1349
6762 -2653
9039 -2235
-6376 -646
-8060 1835
-5627 -3378
4597 -872
-3630 9425
-39 7285
2009 -7830
4750 412
-3847 -1237
-325 961
5877 7339
690 -3769
2527 -2047
-6435 6051
-5822 -6661
-8669 5144
2815 -1680
6806 -3628
1905 -643
-3860 -6199
8721 4127
4766 4870
-2976 -4395
-7252 8241
3933 813
-3876 3307
-3805 3818
-1564 2118
-4886 -9593
-8391 -6116
3911 -618
6104 -626
9722 -899
-8648 2001
-8851 1919
3991 -1847
80 4170
9888 -258
-1804 -7018
5811 -1481
3480 1120
-2009 656
-8172 6613
-4667 -9414
-9720 -8354
9119 -8014
9976 -8327
723 -8975
3849 -3106
-557 3180
-8214 -1823
-7032 6015
9889 6204
-2685 -9748
8889 2548
6100 -8251
3790 8984
6111 -6757
-1266 2701
974 3951
-189 -3808
-974 -9705
4557 7143
-7676 -9022
-3236 -1262
1856 -5817
-552 -3217
8423 -6064
-5615 2238
1728 -5358
6171 -2901
2563 9246
-2505 -5530
-653 -5876
6760 -1594
-6326 -7056
3839 1300
3284 9291
7616 -7755
881 2025
-366 8348
-8716 -2174
1482 -6859
-3032 -1823
-9829 9723
-2757 -8552
8716 -1031
-8542 -2888
-5388 679
-8338 -2450
9735 9363
5627 -2960
-8566 5861
-4481 -5947
6817 -9854
8160 2333
8160 -9952
-8416 -4705
-7331 1649
-4943 -6054
5059 6859
6914 -3630
-2839 1944
1222 -8141
7798 -8305
-8467 2762
2049 -4169
4820 -1103
5391 -6803
627 -2748
-2828 -5891
-7505 -6209
3096 -9000
957 833
4663 3016
-6517 -760
-8141 3032
1925 5604
-2308 7018
-5117 4390
2874 -2276
8318 -507
2028 5595
-4210 1316
4517 3469
74 -2220
-2341 3711
3785 5479
4825 -3742
-3514 -7347
-8900 -8343
9654 -3216
-156 7294
-1177 1250
-6419 -248
-2335 -876
8912 -8961
-3305 -4100
7286 593
-5743 220
-8340 -6037
-4092 6480
-7186 -3642
-2070 6244
7394 -9243
-6532 -2870
1477 9575
-8499 7115
5566 1532
9127 -953
-2225 -9896
-1664 1772
4906 -1078
-2264 1249
-6704 -6277
-6012 2947
-4333 -54
5519 6637
-1113 -2283
-1612 346
4412 6496
-5624 8309
-5452 -1276
6298 -5799
-9663 -5726
-4273 -7859
3343 1574
-7606 7854
-8748 -2555
-1112 -1035
4092 -7092
9793 -6691
-8227 3194
-9186 -4012
5349 2118
-579 -9633
-1719 -778
-1421 2572
8555 -2660
-9212 7827
-1390 380
-1196 2801
-690 -1119
309 5471
-2027 -5406
7714 3780
-7160 6752
-373 130
-2526 3684
-3787 -7161
8555 8410
-7834 -3756
7954 6406
9969 5422
-7957 -2669
1941 -7509
-565 9987
6561 4621
8219 -1742
-1783 6762
9515 -853
273 2281
5849 8409
3682 -9762
-5591 3870
3752 2798
-8872 4194
7209 9501
157 3336
7596 5052
8409 -3406
6157 5192
-2197 3148
-4594 -4521
-4741 6762
-4328 -8219
3648 8928
-9391 -7988
-9453 -1473
6205 -2912
-9936 -1301
4827 -7104
-2627 8102
-4303 1777
6732 -5748
4817 -6108
-223 -5020
-8682 3945
6895 -3683
3237 -8280
-2580 -8560
-3076 -3554
9878 3209
-9393 -9478
-390 3877
-6246 348
2836 2674
3856 5434
4780 -8599
-8467 9051
-7896 -2306
2520 7201
6145 -2451
-9287 560
8953 8264
4165 -6422
-2157 3361
6378 -7544
3493 3599
-9593 -7716
-8249 -8888
3089 -8141
-2709 -4532
796 -4026
-4569 5358
-548 6926
966 4338
-4564 -3368
-8541 -9909
-4719 3723
-2329 -7475
6031 8605
7776 -4526
8195 8993
2997 8634
9096 -4862
5087 -8622
6782 5618
-6825 9496
-2395 -4251
-3795 -1124
5952 -9060
-8889 4203
9647 -42
9278 3140
-960 5420
7974 -690
6488 -614
6908 -9510
9983 -8922
996 5486
-5758 -2583
2667 9613
-9754 -6791
-5479 -9274
2995 -5474
-3306 -628
3468 1008
-5923 -5485
1460 -3516
1561 -5438
7185 -9261
-8846 5135
-2174 2322
-9949 1919
71 1123
2331 4483
6044 5096
-6964 -3891
-3819 6572
4282 9151
4765 7439
1179 -2320
5686 3919
-9612 6038
8328 6559
-5134 -8414
7027 1731
-3366 -6893
8420 14
7227 -2060
-7947 4153
-2789 -3416
2787 4065
8237 -7181
-9910 -2147
905 984
378 966
425 432
3 530
924 402
609 792
362 492
807 269
79 238
616 120
46 937
410 934
414 371
377 550
192 875
20 528
510 515
172 513
922 61
913 560
447 192
51 440
931 50
634 363
670 285
996 891
217 242
86 709
562 806
785 312
24 909
242 788
946 472
101 415
444 530
943 377
102 95
242 981
918 551
549 606
461 4
745 810
820 383
815 934
384 204
762 643
901 166
890 328
488 809
456 904
534 302
858 587
300 819
934 495
89 922
373 394
543 517
16 389
348 687
419 521
695 361
470 269
729 384
489 972
924 624
542 234
278 781
277 952
722 416
587 922
367 446
728 45
24 887
902 33
321 742
350 376
574 50
713 674
708 315
394 546
659 439
731 508
241 723
98 841
486 275
275 33
807 215
952 352
259 570
266 671
371 144
874 142
74 210
982 876
992 798
205 10
45 376
660 444
462 971
742 555
777 368
55 581
586 674
716 465
146 704
178 606
550 444
52 6
738 50
618 308
50 342
668 389
139 413
304 107
636 772
941 160
494 411
807 542
589 47
389 499
277 785
276 888
351 791
509 956
1000 419
93 648
14 322
507 880
517 542
182 816
134 530
337 245
909 923
81 444
446 530
744 916
989 712
342 852
107 359
368 884
780 136
389 690
578 415
964 654
997 326
99 83
945 309
285 846
174 460
180 975
775 880
477 742
931 231
384 410
591 153
921 769
519 593
426 888
457 195
401 652
987 222
615 499
74 401
515 830
315 191
470 151
759 393
25 965
975 304
281 817
175 412
857 959
33 162
626 979
816 804
518 78
560 849
18 361
358 564
446 554
692 430
735 34
737 770
502 757
787 779
534 97
672 485
772 394
804 667
771 961
333 112
93 205
565 471
488 236
226 188
890 708
786 489
837 66
204 296
919 897
679 916
191 442
623 698
829 550
401 54
349 236
92 347
594 816
586 116
978 187
1 270
888 544
821 45
526 861
715 193
726 134
771 595
931 484
505 384
885 414
631 990
559 746
562 725
78 745
128 464
149 735
802 722
363 379
7 929
995 876
843 483
286 128
754 650
88 758
106 517
888 934
776 683
926 67
572 875
621 963
128 765
977 631
753 219
23 39
856 815
872 422
825 419
34 657
242 635
37 16
767 904
290 418
861 96
706 128
85 234
337 476
579 517
373 348
274 784
614 162
192 675
318 987
970 824
685 814
222 633
689 3
325 254
307 198
950 470
81 31
404 176
341 606
73 130
527 188
986 824
499 702
185 852
171 587
466 664
137 307
677 116
946 644
753 780
392 757
540 687
266 137
629 492
372 62
828 989
285 256
815 278
704 567
900 429
773 229
782 287
618 850
81 654
984 38
983 16
154 636
415 397
125 630
508 330
249 679
979 9
776 206
892 226
185 441
297 600
572 90
892 523
401 1
666 545
145 118
316 609
837 477
474 73
287 556
735 904
702 916
728 383
732 424
199 153
567 1000
161 479
637 424
31 4
18 642
625 312
483 342
254 123
852 885
787 286
848 109
922 685
862 770
52 400
10 13
483 472
990 832
732 554
969 592
412 501
752 594
391 163
62 620
984 925
512 231
356 645
630 279
265 94
724 597
391 487
568 669
159 350
561 132
619 253
541 74
657 117
36 92
733 956
16 1000
887 468
254 487
750 760
864 562
850 561
866 383
553 997
13 214
367 984
266 672
304 720
384 53
122 586
43 660
595 629
545 875
936 807
591 801
562 560
485 903
290 868
564 741
501 212
199 418
736 932
788 407
939 214
714 449
427 457
879 773
161 449
46 276
185 258
494 313
752 895
811 660
708 723
276 379
809 710
101 743
253 48
154 446
444 168
968 366
306 849
201 244
682 840
471 306
389 148
295 171
64 536
369 850
207 486
476 268
552 221
286 118
781 745
702 113
324 255
738 147
243 286
478 669
869 300
418 414
961 986
67 521
333 731
518 976
134 801
816 397
410 57
72 95
987 838
467 698
557 335
319 768
379 335
536 698
724 695
398 775
130 930
71 384
854 787
410 942
670 243
987 360
960 190
3 112
221 451
613 582
607 672
564 757
927 345
522 632
639 324
609 140
726 835
451 844
204 2
977 589
884 729
734 641
730 116
661 722
103 328
453 721
882 308
433 186
739 915
886 474
646 514
540 255
296 864
588 320
185 896
348 339
917 754
886 413
913 990
214 669
366 448
535 958
95 693
29 943
276 561
471 341
131 742
491 342
741 961
835 377
444 368
921 632
246 770
716 647
214 349
194 720
767 163
261 385
528 965
151 867
264 82
409 11
798 479
183 745
763 212
324 9
134 532
702 332
963 79
555 963
761 379
787 387
671 30
42 853
397 589
292 326
170 700
533 345
489 792
341 432
414 860
394 21
65 517
619 711
842 968
342 117
285 690
461 390
241 887
536 640
830 743
924 111
319 635
22 875
531 291
781 218
890 386
751 689
660 221
726 921
374 738
720 440
720 612
248 392
252 507
596 459
836 749
822 791
13 735
512 68
310 562
726 721
964 258
197 375
842 654
414 201
244 787
548 192
196 561
195 978
220 584
838 275
601 217
976 317
760 620
844 96
498 701
85 762
306 850
392 877
954 737
746 367
962 792
852 192
762 325
461 427
101 268
51 605
364 517
489 305
404 465
134 658
392 727
226 78
159 840
835 173
205 89
392 307
292 871
19 230
82 744
659 986
500 253
876 826
167 353
136 531
495 971
817 63
153 594
60 989
154 913
480 235
876 415
296 453
719 407
972 779
414 581
741 104
566 328
981 560
659 345
84 739
141 191
439 338
685 232
792 694
949 700
161 572
40 981
632 404
152 588
649 69
733 829
891 77
936 820
872 379
7 221
819 287
939 525
147 744
790 769
431 865
199 646
490 930
178 732
406 152
714 13
590 910
978 594
313 983
311 646
960 796
358 232
820 849
926 944
687 306
307 104
535 23
996 437
566 586
377 998
290 969
132 511
421 371
971 870
56 551
151 115
280 930
167 683
278 159
82 920
463 791
663 343
318 590
704 342
335 544
784 294
505 463
642 120
457 80
3 147
133 45
949 626
946 294
139 311
568 386
693 770
405 72
585 327
900 246
465 208
959 886
462 796
380 681
368 622
860 175
866 433
464 536
694 904
850 894
116 648
592 529
202 867
852 107
763 779
543 936
563 927
306 538
933 611
889 7
356 438
442 38
192 620
168 584
910 403
745 836
337 14
477 300
759 26
479 226
100 739
821 498
818 787
987 870
365 924
110 801
434 295
508 527
31 220
43 573
666 176
235 749
604 843
150 771
681 708
368 649
262 722
438 765
621 904
748 510
735 626
35 383
734 710
823 454
551 380
936 966
936 6
339 180
54 497
625 365
955 279
898 709
298 441
256 313
351 285
255 455
604 381
237 920
470 568
916 951
225 661
653 844
979 675
947 701
550 849
294 835
332 705
193 393
920 163
466 597
909 662
649 412
508 160
780 636
367 380
166 862
973 1
898 742
393 955
351 396
694 351
115 611
96 95
334 280
274 432
275 665
891 459
490 16
265 308
470 26
716 144
760 23
325 434
445 580
534 661
663 381
167 418
279 359
962 207
500 127
318 763
202 580
280 328
903 847
555 635
411 836
924 448
502 485
369 194
421 221
145 978
226 53
728 524
89 415
175 649
112 501
605 231
143 155
354 758
658 735
137 776
434 99
81 828
907 321
296 745
337 349
661 497
886 882
974 716
850 844
153 282
479 96
67 641
389 795
93 992
768 65
662 534
699 503
444 872
633 347
934 864
872 311
56 341
926 866
551 646
735 901
756 174
596 703
426 122
239 468
844 464
173 708
162 430
293 73
690 44
599 328
821 787
778 577
75 584
160 720
298 466
680 416
212 960
487 521
971 793
593 181
800 291
258 449
459 39
427 71
366 421
395 411
956 87
275 762
618 921
376 76
989 55
983 625
875 101
283 979
746 903
937 251
54 563
912 817
449 754
859 879
298 750
991 85
930 895
7 959
327 817
772 642
335 565
306 39
579 567
494 796
224 43
619 117
223 774
583 951
96 510
89 726
706 475
780 168
373 816
100 894
790 485
246 377
456 485
174 71
73 67
835 175
906 957
36 887
519 222
576 517
274 18
426 890
872 199
323 582
660 155
366 813
271 41
263 693
782 989
600 943
638 893
369 846
240 573
137 920
432 752
293 843
43 568
531 42
735 127
379 544
934 567
3 34
776 871
560 951
623 381
868 677
693 223
130 154
776 82
718 53
565 519
77 733
380 582
361 378
289 677
415 113
98 797
918 977
809 285
920 184
291 278
878 991
649 31
623 518
865 628
224 140
632 231
602 355
890 443
128 369
858 479
38 425
190 828
900 905
495 286
913 523
351 487
581 27
397 599
327 482
330 260
116 507
837 227
748 319
197 409
789 260
700 327
394 556
330 923
83 49
388 605
588 169
924 271
684 429
876 676
740 721
554 168
39 696
253 360
204 99
923 166
197 690
625 682
970 754
811 411
543 476
290 262
17 692
175 583
528 820
167 217
895 436
550 648
925 520
5 41
690 209
699 883
796 639
477 754
249 397
777 220
324 754
908 582
986 918
271 879
182 662
544 669
759 380
252 729
862 193
384 179
131 343
928 705
571 756
7 775
642 356
193 200
741 895
950 120
948 893
699 793
65 155
64 535
179 461
711 561
884 758
671 250
691 489
917 511
60 956
235 90
918 669
640 259
408 917
791 772
371 442
499 26
620 831
152 922
880 857
460 701
897 130
814 40
554 218
248 414
165 926
552 327
90 156
47 986
271 845
317 588
36 989
915 702
584 466
888 568
333 888
79 988
672 553
735 191
85 258
893 323
846 164
166 976
95 724
748 794
510 634
393 866
486 327
161 868
623 352
18 699
714 923
885 563
59 478
171 544
52 272
546 397
301 779
814 112
537 642
425 298
791 736
652 384
494 535
416 738
187 829
21 373
676 849
196 216
14 855
842 358
950 619
666 994
442 575
440 79
241 599
789 925
804 418
15 118
900 212
397 524
456 349
516 8
523 441
182 864
347 950
893 186
832 852
785 763
381 288
956 266
988 428
409 388
498 840
263 599
710 234
64 330
758 597
501 428
51 546
837 375
452 77
907 659
235 128
629 651
718 748
811 724
315 842
592 107
382 270
765 551
735 232
414 842
716 503
257 720
397 827
502 214
666 538
821 351
997 350
824 987
836 117
986 324
895 559
213 25
725 98
470 436
20 445
501 399
488 606
614 615
539 704
410 30
549 723
604 719
965 893
613 438
576 405
330 497
195 887
401 195
821 127
607 326
747 190
383 750
353 93
683 784
336 361
115 844
447 904
7 412
218 715
639 761
665 285
961 109
62 761
567 964
513 902
288 808
583 994
177 85
893 505
929 281
363 667
201 445
869 709
839 950
344 967
505 216
629 21
403 210
371 720
74 792
287 255
208 547
792 591
872 480
429 205
564 968
719 519
748 601
997 627
273 259
12 508
249 502
862 947
880 600
895 699
191 784
579 229
824 979
213 640
391 89
585 312
396 578
640 36
264 1
197 284
621 289
485 675
418 971
330 725
841 848
717 704
721 223
283 599
700 126
217 82
727 719
831 949
687 903
249 421
629 452
364 209
888 133
493 345
755 495
8 44
387 97
865 756
539 887
70 189
170 513
645 904
161 423
574 850
698 362
212 614
326 453
138 786
79 180
192 153
455 300
679 623
923 457
357 145
867 66
66 598
565 316
86 783
813 480
334 735
912 739
966 779
370 150
972 429
358 53
425 342
101 500
421 574
22 60
765 173
715 105
94 106
251 107
205 593
331 477
508 308
560 670
872 575
682 600
138 884
835 205
626 261
519 632
153 217
904 937
18 913
51 590
497 608
369 164
766 386
494 40
568 449
125 194
213 671
31 181
442 52
833 243
797 802
229 44
986 160
765 237
575 348
893 35
58 778
43 293
306 214
461 746
128 718
157 228
295 15
370 158
995 744
789 227
558 575
584 903
175 866
316 775
752 383
562 66
271 357
62 467
566 874
962 797
467 25
899 307
283 321
860 791
891 645
709 443
271 26
808 517
294 238
992 372
343 271
569 500
903 122
982 45
876 232
456 539
702 811
666 369
413 631
819 948
542 786
884 365
791 238
670 726
158 801
879 727
323 428
376 601
297 937
766 45
886 638
997 380
489 979
359 180
293 930
823 941
186 813
574 180
725 141
454 656
524 613
202 772
410 282
211 802
27 627
551 276
831 552
10 60
786 376
389 934
239 921
607 888
17 570
881 267
35 907
253 885
189 21
259 600
294 841
421 252
41 545
210 824
968 289
860 337
397 944
734 393
874 357
274 19
158 718
407 462
874 626
761 315
631 879
221 745
656 539
93 967
336 906
346 735
290 28
940 909
822 385
654 625
311 680
975 791
630 584
251 673
554 148
610 876
853 984
419 481
633 153
393 722
44 356
225 139
166 763
583 966
460 441
639 220
695 477
532 948
213 420
488 831
28 34
277 286
478 936
80 852
409 28
946 510
475 227
554 432
469 903
364 212
129 549
692 419
115 772
735 753
122 169
920 908
489 438
338 441
254 690
70 158
473 240
757 810
64 126
161 274
463 962
931 376
220 787
703 195
291 472
345 78
40 293
351 996
202 163
560 677
561 309
912 443
538 196
760 447
953 626
951 149
525 15
329 449
993 753
628 696
873 754
751 987
635 845
783 851
344 977
804 458
821 559
520 311
68 4
388 922
195 445
599 500
696 797
821 398
685 957
781 957
821 332
648 264
386 767
387 716
258 491
311 976
429 438
162 605
9 945
406 222
289 718
525 459
528 752
559 768
603 820
629 966
863 416
747 428
1000 577
333 219
91 274
158 390
80 303
441 152
953 397
382 585
130 361
138 127
839 330
509 486
378 524
247 800
873 824
303 783
859 505
825 131
298 864
632 196
33 487
326 886
933 561
594 370
994 820
443 658
829 379
486 72
862 451
813 492
867 405
762 745
662 339
760 290
552 527
141 25
589 502
869 705
62 303
408 243
701 414
840 176
810 734
857 29
668 142
114 905
390 897
588 82
392 711
71 705
599 112
683 327
713 816
505 933
811 913
984 401
840 147
966 470
672 500
707 206
528 836
168 240
59 302
378 929
823 238
79 998
928 155
562 787
564 791
623 705
633 183
104 930
903 783
896 815
341 722
79 858
276 534
858 845
652 806
655 513
579 12
336 521
52 767
940 805
681 81
210 816
569 682
762 657
894 902
193 873
892 969
286 614
63 607
485 681
105 937
22 346
71 790
772 764
53 241
901 436
10 464
557 649
438 666
538 428
869 672
125 812
392 859
657 901
924 70
387 850
775 234
919 932
484 720
194 49
833 290
513 877
811 622
800 364
840 193
869 499
647 888
173 961
256 175
990 846
214 72
687 620
509 984
596 971
830 719
493 753
665 905
380 455
551 233
44 948
222 76
585 754
15 610
433 51
169 221
849 197
968 903
511 927
529 827
725 333
119 789
421 174
770 407
148 342
159 748
593 891
645 933
553 416
784 594
602 578
875 126
239 530
732 672
862 245
772 819
100 945
258 903
306 458
171 530
181 545
448 658
306 881
478 810
346 857
972 171
9 584
661 488
717 529
45 167
780 305
274 183
903 604
482 441
821 838
795 906
949 78
570 680
430 922
69 252
706 261
735 57
471 929
45 363
823 297
630 350
466 83
995 944
771 692
274 461
567 812
960 968
583 90
602 616
213 734
308 170
741 888
298 937
492 580
234 511
730 62
297 322
888 102
270 461
340 206
996 104
841 599
834 275
328 283
338 191
538 736
759 180
983 361
961 189
416 340
842 309
156 416
514 127
288 683
66 414
511 489
203 558
755 807
168 19
350 430
101 889
685 633
327 17
494 933
335 721
350 795
742 843
23 763
211 353
1 900
348 258
313 74
26 498
134 303
527 335
445 522
541 145
885 747
224 930
878 642
118 922
29 786
362 185
523 917
39 906
254 811
725 570
950 158
947 944
835 680
406 360
874 220
989 243
621 168
940 183
192 818
647 155
303 232
450 829
41 40
917 258
91 965
60 572
474 508
435 964
790 124
929 387
737 115
645 793
871 750
781 949
378 799
347 160
402 934
74 911
131 933
73 858
259 475
95 945
633 810
471 429
707 245
231 258
354 300
45 176
313 104
606 287
677 163
916 611
771 429
992 826
240 797
370 308
263 699
508 467
242 77
398 36
605 1
170 202
948 323
759 823
129 405
674 137
372 929
433 125
1000 10
520 555
387 757
369 868
339 110
431 760
609 721
715 491
315 608
309 854
985 18
11 688
421 404
504 56
626 31
547 496
225 151
320 433
71 463
518 819
63 51
158 382
769 481
149 317
299 210
254 702
596 551
738 156
252 492
875 403
753 568
195 631
299 819
35 504
950 985
354 33
713 33
837 130
748 115
902 986
693 392
129 326
808 724
124 493
429 103
88 431
486 663
882 689
613 165
759 183
443 124
575 274
24 834
616 129
380 864
917 117
150 863
347 293
23 533
307 710
455 507
405 986
489 472
297 602
495 438
104 19
441 342
348 854
876 211
485 987
677 398
373 583
790 817
529 568
380 878
726 687
864 720
326 618
774 896
504 940
959 477
652 818
651 897
739 16
738 350
985 188
825 616
453 538
140 613
543 93
779 971
480 42
183 430
127 164
960 880
416 783
532 578
878 786
131 179
76 474
178 842
264 939
675 433
991 527
461 643
235 914
677 103
152 666
763 709
550 478
657 887
490 166
124 933
476 641
156 213
743 116
298 774
190 236
463 950
987 482
570 266
752 100
382 511
240 72
779 261
967 855
901 270
70 314
351 525
987 452
761 821
511 977
609 762
233 774
909 329
602 946
800 251
453 369
120 517
888 53
501 132
311 42
414 155
790 733
722 282
766 289
677 701
467 107
69 879
637 343
794 336
141 122
527 685
701 951
494 919
640 252
352 180
667 279
686 384
561 713
701 732
988 526
658 827
972 859
270 740
200 636
152 740
228 709
380 479
797 436
603 695
859 589
522 972
736 972
784 994
514 72
415 707
384 640
803 760
220 179
739 352
989 115
242 420
160 290
432 914
970 646
977 49
519 780
268 10
753 229
856 628
888 947
223 822
335 638
147 498
178 405
633 507
682 434
267 945
98 277
600 341
625 249
172 641
623 138
827 377
100 273
792 210
876 796
130 109
295 901
29 140
975 107
144 94
27 846
221 616
99 487
164 665
967 965
661 771
170 800
790 550
143 37
115 607
256 133
664 513
740 515
611 721
373 998
126 983
629 734
331 893
987 538
98 324
583 710
993 675
931 120
588 72
35 992
331 512
175 456
698 117
368 670
44 928
203 408
934 623
207 315
843 703
265 959
296 915
232 692
200 852
683 604
266 102
35 168
79 454
383 842
286 378
199 229
476 338
757 126
952 190
893 390
573 897
807 681
742 697
864 281
652 246
26 788
661 398
686 347
28 17
582 48
598 279
867 188
927 656
754 466
250 138
112 171
568 216
52 890
701 294
465 16
118 567
921 899
289 118
943 629
819 51
283 616
950 642
14 550
478 833
522 21
744 633
402 491
989 599
790 898
994 400
830 451
369 737
974 863
780 570
144 906
37 246
580 331
498 144
219 965
24 745
251 429
535 111
237 820
734 248
428 88
235 204
227 143
7 577
978 722
980 628
314 963
424 801
568 975
229 903
911 304
36 610
612 459
805 969
34 852
117 973
403 841
347 934
223 657
60 632
880 826
511 920
188 956
759 392
420 246
871 679
219 641
724 837
955 651
181 462
691 197
407 703
408 579
480 421
948 929
555 92
131 224
170 643
3 915
438 602
562 554
811 256
694 510
474 468
105 795
462 630
290 388
353 400
637 225
76 920
244 746
850 268
240 779
944 14
863 810
613 101
505 32
173 887
216 31
539 840
554 451
204 270
599 133
802 854
809 9
651 569
280 636
913 577
946 568
421 647
171 42
554 434
419 134
822 975
873 639
960 288
901 144
42 721
659 23
25 321
992 424
991 398
935 707
735 611
567 716
82 929
277 845
412 16
191 939
890 812
43 528
182 229
356 655
914 130
294 869
60 370
815 171
284 498
916 814
577 560
309 477
244 327
616 53
370 759
857 267
547 513
438 675
116 533
742 447
626 650
707 679
329 226
66 480
462 473
976 777
622 602
115 318
891 44
627 806
966 733
724 747
291 58
26 881
783 708
980 345
63 133
475 817
61 969
119 29
270 789
929 958
17 216
292 673
224 259
356 686
218 335
632 821
507 23
390 200
771 102
4 110
14 634
660 647
782 190
140 507
30 572
907 494
154 748
377 900
431 292
454 30
450 197
586 595
431 628
887 667
960 1
761 120
728 178
28 225
250 87
411 839
981 279
302 257
221 805
669 59
905 58
95 390
490 422
452 81
414 954
955 696
969 691
806 324
925 599
339 359
669 858
321 477
757 584
159 582
784 72
954 945
223 972
13 486
897 888
354 377
427 954
17 712
293 810
798 373
94 794
726 872
596 868
831 136
727 521
958 846
151 795
411 587
962 150
495 229
98 24
949 865
221 720
105 122
407 548
899 416
228 5
93 157
404 860
504 556
322 292
33 272
991 723
403 771
594 225
397 155
842 677
33 412
854 316
560 286
276 70
905 807
184 355
911 644
18 590
487 821
889 618
160 13
61 687
93 342
888 576
396 385
238 115
832 222
598 545
981 372
482 855
265 847
186 316
498 247
801 202
831 382
515 629
328 803
310 364
772 95
293 922
468 780
155 225
813 634
22 967
276 868
792 875
844 963
660 340
200 115
2 396
105 207
505 90
221 16
201 659
881 187
659 503
821 164
659 524
255 762
679 997
616 170
79 719
917 417
765 171
954 217
332 793
324 906
537 251
705 105
496 413
110 356
144 735
433 130
61 760
530 122
96 447
842 872
450 959
711 927
812 253
182 905
71 587
374 536
288 492
605 140
269 664
971 48
538 262
500 985
38 66
94 993
739 762
463 428
90 871
346 321
199 984
286 873
981 179
766 305
499 471
982 687
720 857
739 758
903 418
323 310
135 605
70 506
750 150
940 850
67 218
320 103
189 349
680 798
10 944
821 673
785 626
738 224
662 587
749 282
727 235
42 600
996 501
785 429
672 202
702 185
705 268
964 947
633 382
688 851
941 480
955 445
781 437
489 570
666 69
488 402
414 276
152 462
17 180
8 198
233 295
603 625
173 504
388 778
886 631
731 513
541 665
685 552
595 755
843 818
339 553
608 629
692 400
613 483
950 490
628 346
746 233
768 636
214 262
67 634
155 823
188 493
951 301
319 683
314 56
544 910
66 352
471 701
305 306
455 2
449 233
412 766
54 605
648 162
988 368
720 571
477 276
822 540
747 533
247 421
599 74
802 394
53 459
364 74
345 966
151 564
251 896
573 737
450 449
999 950
151 423
137 795
272 954
677 528
938 181
301 910
333 535
524 330
127 884
788 795
466 84
377 758
172 324
879 387
194 786
343 851
802 21
118 668
435 569
763 783
534 325
96 303
777 500
561 570
985 789
287 880
287 601
365 349
81 491
915 71
635 599
924 195
229 37
80 549
650 731
30 959
797 638
18 368
699 878
465 816
420 112
102 250
189 721
480 925
721 523
81 180
781 755
493 605
158 717
598 968
763 485
795 252
810 639
901 408
721 812
403 110
836 249
108 957
982 137
755 513
562 61
217 186
669 908
440 582
73 874
942 65
922 368
744 552
410 766
238 49
877 579
764 290
808 224
99 296
214 829
836 722
763 407
918 693
411 299
724 134
95 853
152 748
760 658
743 352
109 930
330 915
79 757
372 532
163 442
973 600
514 247
408 597
611 54
637 216
270 456
894 3
513 453
778 128
676 90
829 934
49 33
882 974
117 385
937 985
97 642
922 862
742 350
838 144
596 46
455 45
509 716
323 802
66 380
844 999
252 183
941 382
943 870
197 427
551 424
247 287
787 692
693 723
794 203
905 737
194 561
541 941
303 830
672 49
550 672
552 747
96 713
558 167
788 405
509 244
739 753
988 973
53 157
693 26
189 661
583 86
40 908
832 506
355 182
913 126
359 732
173 894
54 40
260 335
321 817
561 643
543 645
339 631
545 166
468 708
742 948
331 668
360 243
176 741
774 820
348 335
855 275
309 768
277 381
683 907
802 55
76 890
963 169
610 324
755 78
529 979
90 527
572 608
404 865
647 33
568 920
212 906
122 289
560 965
235 101
496 616
233 19
852 738
149 888
302 946
916 166
494 346
554 79
157 698
72 275
668 424
864 280
112 660
547 874
687 893
1000 586
944 597
888 167
405 933
653 727
682 189
200 491
60 304
795 619
611 374
726 595
217 106
45 230
507 202
147 91
667 267
538 99
64 968
372 976
5 621
416 135
629 261
529 201
467 337
749 418
204 107
506 509
543 250
924 481
282 516
502 829
69 151
871 247
188 758
390 385
742 692
357 696
514 686
379 331
44 966
86 454
563 957
61 486
438 146
254 960
202 806
967 374
917 677
967 903
362 772
177 535
936 643
116 217
191 214
39 430
255 961
469 628
422 947
923 249
510 123
680 571
912 862
608 33
116 590
961 51
285 898
944 540
397 420
43 979
911 379
817 484
942 356
57 334
441 91
414 402
658 54
577 259
81 234
787 842
28 379
595 657
243 251
926 293
813 929
545 20
881 715
284 298
378 655
289 115
474 458
553 221
848 807
345 750
33 832
69 372
251 526
115 506
153 55
109 334
633 155
613 493
576 316
889 147
458 62
202 402
20 350
863 924
867 126
918 805
61 157
591 11
156 185
857 269
187 619
553 386
505 221
356 990
66 739
508 212
248 874
173 108
900 125
418 333
979 789
302 543
57 631
900 732
984 429
12 403
181 620
3 516
391 793
807 22
322 111
600 391
788 108
7 559
840 597
30 979
961 367
913 252
11 893
248 361
878 621
130 371
326 705
687 178
883 759
67 156
383 780
8 281
496 751
759 85
269 106
805 169
125 396
812 956
712 395
124 743
551 259
185 500
409 591
111 678
213 769
976 410
388 752
141 862
900 507
861 396
566 620
906 428
192 782
312 623
203 904
620 137
245 927
553 495
827 716
527 564
7 194
76 973
583 770
644 448
81 91
791 189
248 960
623 622
859 840
579 924
114 504
201 779
97 532
552 147
801 6
985 416
833 627
863 879
452 192
614 93
703 225
12 278
897 251
560 277
175 707
146 275
146 955
208 248
802 731
910 88
368 466
951 62
997 614
582 511
56 93
374 815
343 935
458 113
501 971
527 843
260 313
630 683
207 350
179 918
873 799
504 550
284 510
229 177
186 725
136 565
447 218
584 906
706 637
592 204
433 366
798 484
667 3
981 926
838 814
500 478
24 80
926 380
723 96
445 990
898 241
605 111
63 755
773 579
857 214
245 743
673 138
921 37
973 923
782 153
228 609
711 230
159 737
199 915
498 823
437 692
891 343
788 302
937 420
284 268
400 763
739 909
875 160
195 988
151 30
997 125
317 664
607 308
912 857
42 972
750 777
340 640
385 564
67 817
799 410
405 512
696 270
379 628
917 586
806 982
47 475
407 376
794 81
441 226
473 288
427 787
21 520
856 279
949 190
632 729
136 257
548 36
531 273
413 853
147 718
277 123
485 841
573 71
641 364
997 197
481 357
346 366
738 486
681 210
575 340
521 717
201 731
505 914
727 108
456 310
576 64
920 615
294 345
36 877
300 870
446 626
555 83
598 409
937 595
124 990
370 514
963 486
342 779
733 149
606 828
566 236
23 616
550 13
597 506
614 736
999 280
663 174
314 658
349 172
992 820
645 173
408 533
937 196
771 786
162 822
102 61
273 702
675 50
94 131
959 250
33 416
447 212
604 809
37 358
305 137
598 390
647 62
40 438
311 642
506 631
109 373
643 160
682 841
982 351
496 17
673 276
250 954
587 196
281 970
225 982
5 446
525 788
497 980
182 448
415 962
473 174
53 922
283 489
716 745
859 449
216 702
416 712
473 329
710 633
871 226
753 416
845 222
278 487
138 900
615 219
987 10
140 447
481 85
755 751
723 226
777 280
120 482
96 667
435 488
896 423
237 455
299 689
850 133
792 305
633 615
808 675
958 980
521 69
687 719
78 783
257 375
130 375
780 4
439 347
865 828
218 517
656 714
579 896
792 798
869 844
805 509
574 328
332 341
899 496
318 229
499 672
497 493
38 784
372 486
553 333
175 104
468 62
359 115
798 57
40 750
6 305
947 958
861 997
238 552
705 180
382 690
885 933
670 711
198 339
535 933
786 751
175 849
119 228
794 432
394 947
823 863
499 66
236 377
154 354
264 944
293 136
356 659
641 111
465 849
307 900
300 363
329 56
187 9
756 120
999 227
578 308
991 446
134 265
198 997
418 131
333 370
63 745
552 505
972 122
823 478
245 836
96 294
520 796
208 196
923 5
309 555
716 288
25 127
382 71
311 435
18 79
551 338
656 294
104 412
139 932
770 603
597 828
556 215
333 393
95 543
166 779
995 759
332 335
147 428
372 159
679 387
70 451
448 483
449 794
570 267
251 82
172 114
60 422
989 189
381 814
484 85
429 485
479 775
670 141
549 363
386 626
355 852
659 622
492 801
779 511
175 399
880 875
16 377
795 581
59 705
997 231
257 673
889 997
144 547
1 624
634 814
880 562
700 109
262 852
518 79
525 334
956 166
567 509
370 82
242 841
507 49
25 92
448 984
626 84
301 875
432 711
966 546
167 89
278 272
980 708
976 770
202 25
864 728
757 428
595 281
786 276
790 85
502 857
957 382
858 379
828 183
176 351
868 346
639 624
323 546
457 779
572 93
121 153
651 183
327 79
295 723
773 993
529 478
897 244
106 205
601 950
741 102
990 325
525 714
58 305
743 69
147 423
214 683
532 250
946 144
321 44
945 282
482 689
348 403
590 819
722 962
80 917
550 655
711 903
381 885
455 606
778 424
37 519
929 746
324 28
112 712
666 971
194 493
901 164
858 547
719 145
639 426
205 660
855 868
982 392
289 265
362 819
373 262
687 835
767 880
257 107
361 913
166 721
439 616
219 624
651 556
862 405
808 230
731 811
980 945
604 343
151 811
447 757
615 20
802 604
872 146
422 364
936 773
600 553
104 724
908 704
388 521
735 625
587 253
908 556
569 291
560 508
154 190
751 582
281 375
414 560
993 26
732 807
59 849
882 141
160 865
208 594
923 33
671 387
961 207
665 927
293 953
711 108
59 84
696 958
150 259
86 355
448 242
128 612
534 772
471 801
773 282
133 328
4 794
423 133
42 758
816 724
378 8
377 266
963 142
27 85
892 982
956 191
280 989
289 882
373 18
202 794
338 160
666 96
844 810
563 116
920 381
327 338
7 182
395 731
731 639
148 714
56 663
906 370
696 651
638 810
63 235
470 555
671 766
398 250
968 182
341 554
803 899
374 89
840 656
231 57
187 24
331 933
789 587
461 943
465 183
38 835
102 491
412 520
244 861
39 326
757 99
216 956
275 237
850 586
802 573
776 458
812 347
408 967
522 848
645 186
901 706
487 533
193 176
345 317
947 710
980 669
158 753
623 166
979 530
628 163
945 458
736 87
31 82
808 773
962 644
719 862
84 510
880 792
123 280
127 5
596 412
268 532
410 204
300 83
121 550
105 917
642 917
242 790
484 45
514 714
834 243
381 111
751 725
241 323
130 113
560 252
512 209
974 989
36 146
683 367
472 641
905 87
394 700
937 330
373 97
125 915
472 837
105 513
366 601
431 678
851 449
792 997
32 437
704 415
226 73
509 102
608 765
185 9
206 540
712 647
322 260
136 458
735 135
318 695
43 739
290 297
689 557
624 454
380 283
977 402
377 727
95 771
121 405
866 395
762 699
449 504
963 619
281 829
158 310
752 630
365 789
200 259
443 515
261 32
197 437
865 525
900 401
586 691
325 770
401 988
4 311
423 505
59 950
976 284
415 369
9 153
62 489
255 933
636 392
488 177
724 291
573 217
977 214
241 40
804 557
845 284
983 838
662 126
632 351
899 288
505 253
667 148
823 376
816 542
705 868
244 635
10 257
932 5
573 202
999 439
590 169
293 84
65 997
79 203
772 176
904 536
24 943
74 819
919 237
904 958
263 218
229 611
71 136
725 776
3 612
431 860
21 575
969 602
479 898
413 539
633 106
735 331
448 735
32 249
977 800
278 332
507 434
180 741
373 929
872 499
586 866
99 778
458 81
46 462
509 987
228 355
390 168
311 762
703 672
423 322
197 957
322 817
482 152
925 107
571 806
330 13
150 633
847 989
925 840
723 985
928 406
494 13
124 387
45 443
152 370
148 202
923 740
705 212
136 107
922 3
115 729
642 775
163 47
853 457
334 959
503 514
380 496
357 678
844 189
417 912
770 441
759 445
428 983
594 916
306 720
638 55
518 668
432 479
783 401
847 226
224 312
26 777
63 280
557 762
135 480
970 632
320 52
557 646
226 953
997 971
325 373
964 315
795 641
433 206
717 326
177 338
665 171
408 853
133 10
920 868
613 29
46 569
200 185
256 233
20 930
639 430
150 680
287 803
61 552
190 179
419 484
557 799
708 466
915 334
300 725
625 503
840 462
260 478
126 524
762 530
75 333
305 807
705 646
905 707
451 309
995 910
630 359
270 867
640 249
135 828
271 742
906 321
152 413
587 307
607 749
839 421
57 827
824 765
115 166
109 183
351 825
161 174
618 150
471 851
320 167
796 871
923 308
831 876
150 139
729 843
23 888
585 261
582 478
403 335
689 909
318 322
657 341
942 757
420 606
947 563
450 664
97 455
325 395
522 4
514 931
406 148
692 883
458 126
962 880
97 182
439 176
182 640
226 555
32 944
609 766
579 709
113 332
492 586
35 50
223 637
606 838
96 798
242 20
199 531
681 304
131 414
865 61
490 341
199 545
133 34
796 590
76 213
844 386
712 927
406 691
465 526
61 202
72 675
869 336
377 247
697 733
184 989
739 781
377 207
94 18
911 873
6 286
552 133
786 166
445 537
710 124
909 789
45 752
578 14
814 937
640 481
14 529
56 202
213 996
725 713
256 569
520 243
525 223
887 828
565 623
436 707
732 315
127 586
458 118
399 457
777 783
862 863
694 569
98 2
233 813
97 151
31 967
554 343
12 628
479 622
581 174
784 158
500 436
48 198
133 650
761 808
735 718
840 591
310 803
954 856
384 953
725 441
905 345
982 272
594 669
967 684
329 474
354 980
143 161
696 346
7 776
900 631
194 453
70 51
876 660
321 567
434 929
247 544
938 533
544 891
137 955
102 907
116 183
798 297
262 940
174 734
1000 94
442 401
817 664
917 833
180 714
171 220
160 32
790 705
63 120
482 60
898 378
186 334
275 205
109 234
266 926
752 194
603 811
774 139
215 656
326 562
82 514
851 914
316 816
1 70
533 560
72 197
828 275
515 570
491 728
948 98
645 516
901 29
674 423
539 854
303 284
35 404
932 140
684 249
470 134
513 300
404 403
498 127
511 713
777 23
668 980
818 286
196 758
587 120
530 514
662 268
462 769
749 427
399 280
820 750
836 777
191 504
320 170
547 512
277 377
346 959
473 773
848 433
627 38
762 698
992 999
337 220
250 287
131 143
840 415
826 160
994 639
923 442
80 333
72 328
907 259
89 902
765 464
981 370
338 437
871 483
429 497
530 502
579 268
218 430
345 586
215 878
436 569
663 424
659 1
409 430
477 489
611 953
19 947
238 713
188 61
17 648
482 506
77 838
305 209
999 346
896 613
505 848
645 114
678 590
115 372
557 266
833 583
190 699
610 702
936 580
594 145
914 227
602 316
218 632
843 747
994 669
256 258
648 772
963 410
577 652
634 892
14 607
643 845
768 291
106 324
669 532
346 435
20 207
741 782
559 442
660 480
318 499
955 692
841 313
652 592
362 662
193 585
930 356
111 585
133 525
757 736
508 210
451 258
18 385
539 11
218 12
250 630
437 216
1 956
732 775
523 713
309 206
615 366
393 881
113 328
334 619
676 963
796 773
122 571
526 259
814 68
636 719
457 811
571 953
730 845
295 407
838 331
420 433
118 221
248 647
424 457
471 978
270 127
436 781
690 283
188 658
670 348
521 233
814 796
946 863
888 822
282 959
905 372
673 515
591 886
80 340
791 721
386 949
45 325
19 825
97 962
470 217
148 348
875 187
358 991
653 456
139 964
762 864
761 441
17 31
539 853
30 264
771 806
3 49
346 208
751 122
299 619
199 917
849 958
558 900
525 817
550 343
996 911
191 161
978 976
140 657
353 898
730 316
25 518
803 273
765 113
343 831
678 526
281 96
997 731
593 452
473 489
464 672
531 408
208 146
851 944
966 285
491 96
81 271
126 750
31 512
455 290
298 665
717 88
296 447
242 638
141 556
14 741
871 143
930 963
626 987
422 301
450 182
698 456
212 689
367 180
263 667
457 21
630 85
518 174
150 350
911 839
438 746
105 561
932 791
657 408
694 499
602 974
267 449
967 836
992 105
447 310
424 965
228 978
587 421
301 982
910 215
654 578
789 182
487 516
843 220
1 153
305 755
82 399
539 136
305 821
620 647
701 34
244 842
384 637
750 841
744 207
946 392
424 463
279 800
356 116
671 818
827 680
267 362
692 752
629 880
850 86
304 379
196 589
854 117
54 663
728 919
138 709
486 403
101 744
435 640
188 86
81 156
775 167
106 15
444 758
683 877
379 520
841 989
154 894
968 243
94 394
653 584
105 199
630 136
497 206
318 24
349 183
911 567
228 179
975 582
897 346
109 765
775 253
667 953
205 879
410 511
103 219
778 907
311 72
516 887
111 105
493 240
486 629
466 211
170 422
498 702
482 147
559 431
865 633
731 157
936 646
195 543
530 177
128 893
418 745
903 575
708 513
191 651
894 780
665 38
106 244
119 156
115 871
260 43
305 983
940 993
273 254
14 720
786 44
879 861
185 468
126 726
632 552
504 318
631 987
224 69
826 806
836 937
426 624
529 81
728 797
523 63
620 653
706 889
587 854
737 21
41 341
108 512
84 828
799 975
259 523
430 408
33 601
260 572
164 154
92 172
133 214
104 281
286 157
771 884
899 879
9 453
165 230
817 844
678 716
837 541
97 641
562 668
817 11
499 232
7 451
165 774
159 277
23 312
570 119
471 509
722 405
616 504
172 287
623 695
287 324
977 296
188 955
509 824
830 483
382 767
981 99
745 805
504 47
813 484
308 861
313 157
156 320
300 158
296 602
549 733
330 615
516 627
633 221
53 416
831 134
801 165
522 924
753 854
139 110
834 353
403 43
403 952
32 711
990 808
764 356
187 482
750 555
929 562
775 960
650 735
750 786
871 952
471 413
747 331
838 717
801 151
593 536
896 404
350 988
31 45
923 585
395 672
492 392
335 982
275 177
80 407
276 608
54 205
859 37
473 71
92 838
279 756
860 594
355 356
28 253
610 647
17 628
828 551
916 950
170 942
544 133
426 123
886 198
993 66
141 832
821 738
269 730
560 703
269 987
559 421
829 880
302 845
726 58
24 868
447 625
488 997
22 700
65 499
68 785
111 768
515 632
554 949
784 8
537 101
116 797
122 974
568 966
829 8
431 637
312 271
911 976
362 475
501 9
985 300
71 79
249 927
645 651
91 55
431 517
549 569
928 495
907 883
652 101
689 118
21 73
549 554
787 275
292 886
183 399
804 311
975 311
419 259
70 45
970 194
81 57
736 497
788 660
251 383
936 975
361 932
979 994
423 47
193 128
149 252
7 497
953 733
763 489
436 251
856 50
191 527
245 75
110 554
660 823
98 28
786 691
930 97
757 548
824 168
657 809
447 843
319 404
377 856
272 685
927 476
335 573
42 866
609 349
110 604
250 541
945 610
530 929
407 113
68 138
536 974
392 684
904 737
276 372
399 594
317 978
889 755
982 123
317 715
341 757
403 499
113 617
656 44
837 688
157 723
796 272
505 876
438 385
862 258
230 627
281 485
10 896
263 328
182 126
753 276
95 587
58 981
852 127
113 12
923 680
138 765
695 225
385 610
978 480
460 638
682 22
689 58
773 544
174 711
27 747
213 854
854 39
927 855
157 274
677 779
43 448
242 132
304 91
908 828
449 969
463 809
865 97
200 875
453 144
843 669
999 254
115 781
1000 937
745 9
471 263
963 763
923 706
178 951
963 799
816 34
260 499
428 466
198 702
14 402
897 840
881 330
173 729
188 481
60 912
379 614
389 33
453 422
386 500
695 953
968 971
695 70
720 31
816 894
205 683
372 41
279 241
559 843
953 682
120 452
338 421
650 406
42 467
875 510
790 686
580 43
108 306
970 978
756 28
703 27
424 259
115 570
845 786
224 525
100 380
96 839
335 502
531 758
984 259
143 763
503 911
376 865
25 199
266 384
208 946
495 23
970 497
204 21
644 75
234 174
685 126
835 884
274 515
610 51
249 577
955 545
511 128
258 102
422 897
906 352
123 991
557 778
847 406
746 755
337 844
5 943
336 345
260 566
701 436
603 751
841 961
34 721
741 800
665 676
873 168
344 262
562 913
141 952
901 853
628 530
226 532
87 753
465 970
457 317
712 829
453 26
57 412
825 89
976 77
698 435
42 14
794 141
879 644
419 248
583 173
67 704
137 893
573 411
392 74
233 455
88 142
132 314
922 933
647 592
108 925
599 632
995 524
421 627
383 252
500 382
469 511
245 469
268 844
832 160
536 965
803 342
458 299
83 337
667 108
796 37
413 551
979 791
52 277
154 721
439 359
376 669
753 460
616 593
663 999
891 573
744 419
460 71
330 146
483 115
974 21
693 401
921 47
808 618
782 274
911 630
372 340
100 337
676 368
4 235
640 852
721 876
890 253
229 220
125 818
191 108
19 912
539 170
573 444
313 566
33 549
707 424
898 166
284 835
679 322
146 472
300 762
917 7
276 404
808 927
915 711
52 407
707 66
956 251
594 855
751 776
802 598
903 168
157 655
77 159
103 792
618 345
977 323
388 170
423 398
168 80
362 865
537 12
428 591
317 442
388 824
904 52
61 967
799 115
72 736
870 942
132 139
662 638
608 257
718 846
141 475
65 730
789 693
418 969
229 122
195 30
387 445
973 132
444 959
671 726
700 102
16 746
293 219
281 234
477 74
396 959
942 442
104 436
903 303
393 888
884 153
3 831
2 714
254 337
4 869
411 135
102 67
980 292
64 392
545 414
587 832
783 734
551 578
795 442
532 171
878 186
322 62
234 720
330 603
742 140
364 377
992 740
703 844
275 46
299 18
339 333
381 856
312 4
904 565
684 59
95 436
874 993
339 183
382 17
351 571
115 456
139 882
44 354
827 28
812 442
478 216
603 246
668 853
976 772
687 857
227 516
929 462
318 719
456 85
322 102
620 966
439 582
408 873
730 240
388 543
747 642
640 123
30 447
285 627
583 975
243 622
618 59
77 821
499 477
582 782
299 886
435 440
859 536
81 404
336 850
349 241
149 272
150 161
80 758
793 526
430 735
739 524
327 270
920 276
496 566
604 68
910 686
447 284
535 16
733 180
154 551
945 117
830 956
399 823
204 105
853 541
813 971
711 371
578 408
56 363
786 885
632 749
875 815
5 31
636 201
389 613
194 920
469 58
750 985
680 233
992 688
863 252
89 554
278 607
703 453
370 966
678 777
902 687
226 724
780 608
723 507
958 289
724 589
723 530
644 874
166 843
375 711
426 365
173 689
986 360
746 813
592 696
391 25
908 658
797 270
798 371
545 56
193 953
592 839
185 367
50 974
383 528
126 810
953 18
287 424
830 28
965 892
626 443
203 827
711 261
825 602
292 244
37 105
979 250
547 539
143 393
72 501
95 80
126 796
740 244
343 903
376 489
523 855
185 912
148 853
120 596
749 411
687 510
274 459
173 220
143 380
235 606
324 31
522 890
795 166
708 85
693 372
975 994
926 261
168 703
655 39
636 94
724 906
300 149
481 313
900 414
713 833
378 258
73 12
213 575
39 185
715 283
648 475
372 295
409 63
847 185
470 499
561 126
784 563
995 88
918 19
192 397
542 32
108 335
413 365
546 390
785 502
940 631
96 675
356 579
764 81
716 596
229 844
801 14
627 328
860 886
613 757
77 325
950 485
800 246
634 39
987 804
651 441
926 946
656 620
882 65
782 926
263 153
312 441
814 570
221 682
132 214
268 493
813 809
51 897
877 183
415 367
420 939
523 834
919 436
277 930
474 837
153 366
646 361
924 567
55 340
651 193
198 353
372 44
685 302
529 241
888 93
86 65
388 722
830 123
117 930
796 939
526 524
423 71
777 207
262 743
249 982
64 62
160 584
875 4
469 925
836 804
786 564
205 321
671 517
970 993
547 364
206 599
813 769
650 991
24 820
437 183
901 124
729 140
512 766
463 507
379 481
35 415
553 380
76 550
690 908
849 580
965 404
912 636
143 719
861 160
7 363
389 498
179 109
260 636
674 234
233 685
817 522
149 539
546 538
212 460
881 983
819 685
392 993
406 567
717 671
543 849
674 442
953 76
836 693
426 773
410 841
140 319
279 155
122 783
442 307
738 919
411 202
301 267
688 520
291 882
903 477
967 754
142 881
387 745
9 846
62 153
51 467
973 957
17 764
622 878
759 627
344 126
1000 141
929 270
785 394
479 825
939 188
137 28
983 309
970 175
420 659
18 312
689 189
62 115
735 336
947 768
711 659
43 932
873 261
881 370
772 292
786 492
798 760
806 547
296 557
791 334
324 771
632 314
913 693
867 107
932 159
636 12
691 903
279 881
925 650
909 318
472 498
732 484
443 949
419 103
876 535
367 482
63 872
860 789
854 390
365 462
672 736
313 584
490 488
417 233
97 227
743 867
244 291
214 388
877 703
802 772
167 201
578 542
177 429
823 594
848 168
643 728
874 146
457 676
919 625
239 948
402 442
263 586
248 370
200 474
839 756
901 768
207 466
70 320
899 100
134 52
332 16
536 218
478 124
205 603
493 20
844 630
397 538
413 679
503 599
839 98
391 597
52 152
565 661
538 647
316 23
562 315
63 55
974 142
603 883
923 873
300 23
861 148
957 836
387 165
924 234
602 599
890 246
712 673
90 896
140 998
612 281
257 796
209 156
523 397
402 435
226 261
289 155
658 166
485 334
525 315
492 201
930 553
133 936
702 210
303 973
358 9
581 190
315 287
469 745
985 741
155 333
950 686
692 167
678 161
137 980
200 98
34 973
977 792
924 527
695 58
65 8
205 662
405 252
811 944
304 635
271 192
231 280
614 602
821 927
597 276
177 447
396 454
2 185
905 80
111 359
764 273
29 510
940 348
125 805
800 63
167 208
521 881
487 908
362 344
903 144
632 952
758 698
776 560
670 803
551 267
422 611
860 342
250 148
765 158
823 394
551 354
437 398
112 276
259 837
863 441
607 993
155 555
857 543
803 832
885 984
827 975
929 915
181 666
867 80
498 320
379 62
881 475
640 514
433 613
195 628
742 75
785 638
736 63
378 102
572 172
179 558
994 870
674 875
783 403
981 200
680 493
1 763
788 480
860 827
772 239
674 66
756 711
956 93
659 904
26 260
808 908
181 196
493 636
217 402
15 738
397 409
648 378
3 673
46 618
71 45
726 183
152 842
480 180
395 430
565 883
73 191
944 553
672 598
296 478
207 5
309 430
264 418
693 145
472 379
599 432
84 303
265 143
748 181
401 611
323 700
210 642
433 100
825 354
647 995
125 214
396 227
615 519
882 199
122 344
843 810
780 826
770 262
375 332
193 380
390 90
777 206
780 370
403 10
819 871
921 944
191 369
450 486
253 588
537 127
514 416
483 88
998 600
19 800
492 66
830 395
726 794
993 745
791 847
190 509
548 911
434 291
986 306
865 338
308 399
88 328
560 800
74 576
842 89
814 340
746 715
637 177
855 955
241 124
908 411
468 462
675 835
62 178
70 669
258 230
156 813
14 287
326 369
135 338
72 621
983 318
660 501
375 2
936 436
181 972
599 252
725 654
807 178
83 955
48 806
614 78
708 440
798 937
518 327
229 145
445 221
75 100
77 746
987 455
664 716
211 455
530 308
883 919
438 636
669 643
594 529
845 418
321 471
309 286
717 368
195 277
970 287
222 373
655 951
971 201
181 940
221 331
6 932
744 457
168 639
559 241
905 309
340 633
544 834
668 949
491 954
764 851
709 773
85 63
824 3
630 812
530 813
485 186
702 525
586 463
363 535
962 506
633 376
634 22
876 819
262 68
508 264
754 26
957 803
699 22
754 126
379 475
167 227
602 640
341 293
492 944
984 911
301 72
807 989
611 22
870 295
639 767
529 690
532 707
339 133
746 480
490 739
257 993
935 754
762 68
124 293
869 371
990 181
467 494
347 150
829 266
546 348
216 355
433 697
511 686
764 463
133 64
705 46
296 13
543 234
953 754
282 887
179 271
744 88
390 137
559 436
198 359
213 727
564 452
229 671
555 586
811 105
311 14
950 136
806 678
648 199
209 485
364 429
788 980
946 860
122 161
559 927
763 231
975 788
343 766
911 239
879 39
500 723
502 479
899 737
806 62
891 878
937 169
17 804
534 680
842 242
247 744
140 985
779 432
819 280
974 855
80 101
411 144
974 605
310 882
268 584
141 327
100 410
748 260
671 996
716 393
640 713
164 329
894 661
983 905
963 475
389 68
142 436
973 113
734 516
392 992
32 253
128 470
799 872
74 624
261 756
310 298
972 127
291 3
933 576
393 322
234 415
480 644
889 927
425 181
812 20
847 887
283 994
245 786
419 71
842 853
827 849
928 795
183 395
754 921
763 274
792 568
328 794
836 148
668 474
73 546
827 687
359 862
532 951
530 830
57 770
237 773
198 805
777 126
325 527
585 441
819 973
739 176
526 238
394 643
178 397
641 552
431 490
71 715
518 453
641 190
684 916
829 998
103 292
378 800
88 645
463 594
308 142
333 351
318 182
471 475
922 960
843 715
263 137
397 707
775 496
995 911
221 317
359 214
603 518
55 829
584 94
91 355
658 12
281 257
152 282
659 994
574 880
194 950
61 555
112 825
827 662
717 516
644 950
631 559
131 959
102 21
67 684
778 621
825 968
22 133
412 968
940 675
17 541
473 420
168 322
40 702
864 185
548 248
113 956
919 886
16 995
810 874
863 102
225 645
848 577
375 505
441 653
9 622
763 844
540 813
610 87
289 300
983 721
556 149
814 226
288 369
486 920
846 767
330 875
528 263
541 103
681 721
417 431
594 774
414 832
916 143
222 217
717 872
657 550
687 996
329 528
709 719
596 380
182 735
889 416
123 235
34 275
273 415
323 853
890 141
573 892
710 372
823 308
17 761
481 774
928 94
852 8
226 839
490 908
90 16
117 404
656 986
396 147
960 808
957 196
298 90
923 669
756 635
517 953
602 540
929 898
455 217
393 487
890 529
912 42
379 494
550 890
895 48
636 238
119 529
758 583
14 13
375 482
76 182
3 256
686 109
6 311
1000 636
27 133
736 871
28 996
258 422
909 583
661 451
276 507
824 619
388 924
984 836
894 525
128 367
955 852
892 558
404 253
556 232
585 353
114 920
358 958
155 113
41 305
126 553
424 151
894 752
380 740
794 204
289 50
321 304
482 525
216 223
933 368
978 972
211 481
139 805
476 961
232 976
119 832
34 964
175 729
783 838
259 379
317 788
119 523
728 324
421 599
706 489
306 428
133 189
456 992
741 627
264 799
49 564
780 509
444 224
302 192
307 305
334 895
986 889
971 401
332 423
506 346
583 767
644 615
503 299
967 946
639 797
846 109
730 996
235 342
378 190
518 71
57 822
933 115
135 860
172 679
219 533
777 404
77 459
473 87
292 174
931 302
95 701
769 553
470 438
901 613
303 814
225 45
87 438
154 686
902 355
188 484
786 99
892 321
320 9
979 706
340 242
340 209
92 531
329 316
795 97
616 168
158 237
458 250
820 150
182 280
891 52
546 790
549 754
20 715
563 431
330 346
902 924
62 226
961 280
353 716
700 112
674 960
496 502
768 611
991 62
139 949
472 136
203 728
886 475
99 11
530 474
622 229
602 690
670 171
537 762
821 832
403 864
269 830
573 880
290 94
585 963
194 829
92 56
474 608
470 227
444 162
771 474
826 473
716 957
653 940
61 742
691 380
675 813
218 581
83 418
930 800
919 24
28 284
134 668
325 756
89 725
15 451
708 486
804 370
46 515
698 984
754 166
982 879
527 625
33 862
601 340
135 23
82 385
489 82
749 306
857 50
793 780
820 814
677 926
825 24
627 766
375 857
702 761
429 766
794 528
243 394
486 502
165 200
605 482
218 905
376 371
529 414
394 869
221 286
75 58
629 607
341 731
797 151
618 455
427 944
214 16
33 84
393 784
144 619
548 542
73 628
164 703
115 856
693 420
138 653
215 466
933 278
953 685
548 310
451 775
804 913
63 746
555 550
982 756
937 265
421 771
914 149
388 548
293 947
996 540
767 773
678 2
871 768
542 390
489 201
415 544
934 836
619 409
673 409
187 528
862 887
184 481
975 310
312 665
798 183
404 941
952 138
420 993
180 504
986 378
370 789
200 912
769 838
237 929
36 391
174 459
393 479
155 576
45 605
74 620
978 442
715 107
764 345
513 560
394 147
644 3
155 718
861 714
517 641
617 175
877 501
381 378
571 871
356 28
494 348
844 21
159 924
102 150
844 80
962 45
590 3
911 627
117 729
90 551
673 729
140 371
28 705
540 639
750 787
409 829
647 863
60 357
336 412
543 834
81 313
127 435
450 340
956 576
985 458
598 218
469 397
877 96
384 374
666 29
385 343
618 70
964 180
362 632
759 139
603 526
225 882
238 790
139 277
339 194
668 190
35 269
796 102
765 263
441 851
672 533
386 870
926 124
896 153
202 405
178 108
708 179
812 178
788 245
752 248
735 747
391 656
411 451
541 596
72 382
740 449
650 703
955 118
50 589
765 721
699 15
32 839
119 684
519 613
1 267
329 723
182 963
20 467
237 254
33 431
860 432
234 484
639 292
324 270
42 262
109 560
127 223
80 891
697 185
402 175
558 407
220 702
979 190
670 835
578 153
6 960
141 661
168 985
193 901
970 966
644 687
972 362
31 287
160 225
895 967
490 148
4 222
257 161
237 59
320 452
699 973
659 142
648 857
694 769
279 837
173 542
716 707
803 746
636 664
239 447
564 579
376 679
580 191
917 572
398 599
620 169
657 259
847 880
826 427
681 386
556 429
962 270
151 74
447 45
390 437
244 101
495 220
400 213
30 397
384 54
821 527
5 806
612 454
127 359
391 792
482 936
24 582
354 901
145 376
505 46
277 760
726 876
372 143
364 873
316 306
833 576
798 987
119 216
326 294
124 474
4 751
142 133
419 819
467 427
448 484
612 472
156 769
835 771
519 555
375 686
5 208
389 520
998 471
11 857
95 343
468 16
342 540
93 406
342 181
859 304
80 883
523 809
985 196
379 641
29 556
476 33
642 287
92 408
956 85
816 129
397 99
226 494
948 630
250 15
649 388
397 427
282 370
31 896
843 496
731 320
573 614
685 379
533 662
988 270
646 745
433 55
782 785
220 202
720 993
156 142
405 210
913 937
438 353
27 269
78 541
814 799
543 980
206 506
421 774
354 576
476 234
110 50
881 711
178 955
113 726
443 478
