300 61
191.660000
11 -19
-61 57
-72 67
58 -3
10 -5
-43 51
58 14
83 58
100 -7
98 31
-5 32
98 29
50 86
93 -55
54 -28
46 -91
-20 -44
-38 14
100 -4
-54 -35
3 -100
-100 41
-39 -69
-9 77
-87 -85
99 36
-81 -50
-19 -2
-79 -2
-49 -51
24 37
-24 11
-6 57
87 26
-54 -61
69 -26
73 -36
58 82
-24 76
56 24
40 -53
-81 48
64 -50
96 40
-63 -94
23 40
42 -35
76 -55
35 -35
92 12
-73 -26
-56 -33
-92 59
-90 58
-93 -94
-7 -39
-16 51
-81 -87
-25 46
-31 -78
-51 83
19 82
-69 51
-26 68
-33 -34
38 35
-93 89
88 96
25 1
-19 -91
99 -52
-99 33
-49 -12
-43 1
38 -42
87 -31
51 89
14 33
8 -27
89 75
58 -21
29 15
41 -26
100 -69
30 10
-19 97
80 -4
7 94
46 83
-62 44
90 -24
58 -91
-9 10
70 -5
68 45
-36 51
-38 -68
15 71
64 87
-12 8
-66 33
7 -21
20 74
29 -80
-22 15
68 -20
-39 -72
88 -91
-38 27
-47 -51
12 -21
45 87
63 -74
-11 97
-10 -33
7 67
-46 51
-70 -20
-18 31
60 0
24 -84
15 -33
-23 72
-56 -76
-22 54
80 98
13 11
-37 -42
10 49
-64 20
63 -26
-63 86
-19 23
-64 -30
-73 -83
-68 1
-22 30
35 -65
-44 63
-56 -4
-81 -8
61 -44
6 -76
-40 79
54 -84
-68 -14
79 -63
-51 -96
-19 81
-80 24
99 -77
10 -86
2 -13
20 47
21 11
-99 -46
-46 -78
78 -63
-50 2
-52 7
-46 85
53 73
-92 89
-91 -14
52 36
42 47
-10 -35
23 -19
87 -80
-40 -30
-18 -53
-59 69
5 -77
26 87
-50 -60
-50 -76
74 -2
-53 80
-75 -97
36 12
-64 5
-50 -72
-72 -43
90 32
-49 24
-51 -14
-36 40
-9 52
82 -38
-5 -97
92 73
-6 -36
-19 46
31 44
-38 -25
-1 -33
80 -75
15 0
-74 -49
35 57
96 -95
6 54
0 -4
5 -52
-60 36
22 -36
-97 -20
-52 -85
-82 16
97 75
-88 -22
-11 6
-18 57
-56 75
34 -64
-83 -7
-40 21
52 -26
42 -65
11 -65
45 -65
49 -78
86 -80
-83 -41
68 -67
-44 66
-3 -10
-20 52
22 46
-22 83
-5 -21
-51 -16
92 -78
59 -58
-18 -74
-93 -44
-68 61
4 16
-10 77
42 42
-37 -81
16 -31
-50 -36
76 -22
-36 50
60 -53
-71 -59
-61 -50
36 -53
19 100
22 54
-3 -4
81 14
56 -60
49 -6
-43 73
90 -100
86 97
63 91
-89 -90
-77 -59
0 39
16 17
-8 -63
-79 -88
-10 -74
82 31
-35 5
50 61
-7 -20
99 53
-19 98
-93 -82
80 28
32 30
-62 -78
-54 0
-15 -82
-18 -42
-19 63
19 58
-28 -25
-50 14
20 5
14 58
88 -47
76 -40
-39 -41
-1 -43
66 -55
94 -95
-14 -15
-72 4
29 -80
70 0
0 45
60 -35
-23 -8
-49 78
-20 -16
5 229
230 264
41 57
231 44
173 157
294 221
263 38
270 256
62 152
2 158
269 165
99 97
269 174
1 69
5 215
100 39
199 153
218 106
155 101
45 133
224 137
35 26
31 276
237 138
85 277
151 56
55 215
145 147
57 67
70 193
144 261
117 13
270 47
99 42
151 298
188 293
297 79
78 65
132 50
249 300
66 75
167 294
105 31
190 84
170 121
120 199
279 87
248 191
130 134
242 125
247 174
11 260
135 99
102 191
59 108
300 65
102 129
156 288
102 181
282 167
269 202
