400 500 200
1 2 84
3 1 27
1 4 38
4 5 164
2 6 186
7 2 55
8 3 165
9 5 115
7 10 242
9 11 150
12 9 105
9 13 280
14 10 119
15 12 83
16 15 221
16 17 174
18 13 57
14 19 220
20 15 125
21 17 223
20 22 180
21 23 276
19 24 132
25 22 299
23 26 44
24 27 90
25 28 68
29 27 173
28 30 96
31 26 7
30 32 38
33 31 73
30 34 132
33 35 240
36 33 127
35 37 70
38 36 191
39 37 103
40 36 239
41 40 147
38 42 300
43 40 233
44 41 161
44 45 6
44 46 112
47 43 25
48 47 295
49 45 47
47 50 140
50 51 186
50 52 200
53 51 25
54 52 103
55 53 215
56 52 279
57 54 127
58 55 153
59 57 97
60 55 217
61 59 21
62 57 165
63 61 281
64 62 245
65 63 89
61 66 64
67 66 103
65 68 84
67 69 156
70 66 5
70 71 32
72 69 235
68 73 260
74 72 21
73 75 152
74 76 210
77 73 69
78 76 21
75 79 38
80 75 127
81 78 101
77 82 256
83 78 205
84 80 133
85 80 277
84 86 182
87 82 119
86 88 270
89 85 203
90 85 187
91 90 279
91 92 30
91 93 274
94 92 147
92 95 66
96 93 241
93 97 214
98 95 225
94 99 286
97 100 230
98 101 194
101 102 22
103 100 279
104 101 143
105 103 85
106 105 39
102 107 228
108 105 161
109 107 169
106 110 264
111 109 83
112 111 257
113 112 203
113 114 166
114 115 238
116 114 255
117 115 9
117 118 196
119 116 71
120 115 221
116 121 170
122 118 269
123 119 79
123 124 102
125 123 239
126 125 285
127 124 73
127 128 68
126 129 122
125 130 268
131 127 131
130 132 242
133 131 249
134 130 179
131 135 278
136 132 225
137 133 109
135 138 48
139 137 125
136 140 134
136 141 266
142 137 187
143 139 111
142 144 66
145 143 291
141 146 42
143 147 6
148 147 65
145 149 224
150 147 25
151 149 93
148 152 100
150 153 194
152 154 140
152 155 48
156 151 133
154 157 194
158 154 103
159 155 77
160 155 287
158 161 4
162 161 241
159 163 116
164 162 15
165 161 51
162 166 240
167 162 39
168 166 147
167 169 290
169 170 250
169 171 62
168 172 102
172 173 204
174 173 11
174 175 176
171 176 100
173 177 130
176 178 240
174 179 148
180 179 35
176 181 44
180 182 144
179 183 118
179 184 66
181 185 28
184 186 196
183 187 252
184 188 96
184 189 4
190 188 187
187 191 156
191 192 110
193 191 77
194 193 281
191 195 106
196 191 173
197 196 93
195 198 34
194 199 58
200 199 69
201 199 269
202 201 225
198 203 116
204 201 75
205 201 179
205 206 50
207 206 247
207 208 122
209 204 63
210 206 51
206 211 220
209 212 172
213 210 43
209 214 274
213 215 108
214 216 288
217 216 109
214 218 296
218 219 36
220 218 147
217 221 82
222 219 51
218 223 158
224 222 155
225 223 25
226 221 191
227 222 179
228 226 9
228 229 18
228 230 124
226 231 24
232 231 253
233 229 75
229 234 160
235 233 121
233 236 128
237 233 5
235 238 34
237 239 102
240 235 185
240 241 196
237 242 122
239 243 136
244 239 47
240 245 112
244 246 82
247 245 33
244 248 122
249 245 33
247 250 20
246 251 90
250 252 158
253 249 77
254 253 7
252 255 182
256 255 55
257 255 265
258 256 203
257 259 58
260 259 109
260 261 222
262 257 107
263 262 275
263 264 164
265 261 13
266 265 263
264 267 82
263 268 248
269 264 63
270 265 87
271 267 145
272 270 73
271 273 70
274 272 65
275 271 27
273 276 100
272 277 114
275 278 6
276 279 238
276 280 146
280 281 156
282 277 105
280 283 280
284 280 199
281 285 58
286 285 89
287 282 179
287 288 168
289 284 187
288 290 178
291 286 157
292 288 265
293 288 287
292 294 58
291 295 242
291 296 226
297 294 115
298 296 87
298 299 186
300 295 239
298 301 22
302 298 249
301 303 240
304 303 251
302 305 100
306 305 195
307 306 209
308 307 225
307 309 232
310 306 223
311 306 41
309 312 22
308 313 282
311 314 52
315 313 145
316 314 161
316 317 120
313 318 118
319 318 277
320 315 41
320 321 52
322 317 31
323 320 197
324 321 259
325 320 41
325 326 104
327 326 81
328 327 287
329 327 285
327 330 228
331 327 131
332 327 47
333 332 249
334 333 113
335 332 35
336 333 53
337 333 139
338 337 151
339 337 143
336 340 266
338 341 290
337 342 16
343 338 247
344 342 131
344 345 92
341 346 60
347 345 249
347 348 224
349 344 21
350 348 227
351 349 241
352 351 245
348 353 166
349 354 166
352 355 256
356 352 243
357 355 253
355 358 66
359 355 11
360 357 181
361 357 109
357 362 128
363 359 97
363 364 58
365 361 139
365 366 28
367 362 119
368 364 211
369 365 119
367 370 44
371 370 11
371 372 122
373 368 295
374 370 265
373 375 238
376 375 211
377 376 137
375 378 154
375 379 140
376 380 154
381 377 51
379 382 110
383 379 257
384 379 205
385 383 199
381 386 252
387 385 285
385 388 28
389 388 63
390 387 87
386 391 138
392 390 45
389 393 86
394 389 259
395 394 265
391 396 204
397 394 97
393 398 288
396 399 136
400 398 231
34 40 182
247 173 6
275 18 68
319 255 67
156 301 163
381 23 165
92 36 181
308 382 248
4 239 236
309 73 179
239 95 122
173 330 100
178 94 161
98 222 256
364 171 151
179 264 132
143 129 38
275 156 199
223 276 176
110 234 236
140 153 134
113 29 78
65 46 148
325 29 36
80 380 231
182 254 106
14 362 77
351 284 202
102 324 83
177 40 124
265 359 256
350 307 59
327 33 192
326 378 122
313 372 268
43 315 191
200 17 57
76 102 149
378 359 63
212 205 138
336 323 4
43 384 83
1 315 226
245 397 293
166 51 43
33 36 123
24 188 115
232 261 162
132 387 58
346 41 83
135 255 223
38 168 261
121 395 128
398 183 221
43 149 25
285 242 124
107 321 22
274 344 147
335 170 102
345 123 268
79 29 221
201 272 216
213 119 63
41 4 7
361 116 64
285 214 57
208 399 74
329 287 273
228 381 204
329 24 279
396 35 89
268 124 236
35 65 7
49 355 175
155 219 238
70 293 185
227 1 138
200 115 69
124 285 34
227 308 195
358 199 86
346 213 177
133 329 181
239 328 225
165 180 229
2 246 218
386 154 66
176 14 94
44 355 150
229 361 85
275 316 168
260 248 69
288 242 253
269 391 37
193 109 27
22 290 235
391 343 221
356 271 6
101 335 267
302 113 6
39 30 102
58 120
395 28
106 224
140 72
283 298
154 250
213 256
331 194
241 261
282 113
287 40
209 249
386 201
156 191
360 10
291 135
244 78
3 335
150 51
212 123
385 348
310 27
170 131
268 197
233 7
379 183
320 147
325 368
4 141
202 390
228 36
266 46
153 164
152 239
65 208
64 389
93 340
161 71
2 18
192 373
257 86
330 258
111 259
82 238
57 323
139 41
108 273
246 34
225 355
394 198
387 372
332 81
265 359
80 281
363 336
118 92
341 381
227 278
144 366
318 284
178 255
243 1
109 38
145 13
130 49
290 37
68 115
203 300
160 175
344 103
223 42
168 124
50 393
399 126
8 74
101 151
83 167
367 48
56 302
22 398
76 357
127 345
200 304
95 365
193 17
354 270
165 54
301 190
174 338
96 352
107 231
306 253
119 133
14 322
189 117
252 157
262 6
24 99
188 299
271 35
207 84
339 53
218 19
187 206
353 158
214 296
90 235
297 326
205 79
391 184
62 162
396 308
59 137
226 149
237 89
114 52
105 199
104 182
319 277
317 138
240 134
112 303
374 67
55 33
215 172
358 222
16 11
146 392
196 312
185 97
375 75
286 186
248 180
316 128
176 102
397 217
60 229
274 267
232 276
25 275
142 288
346 31
342 327
5 292
87 351
39 247
369 260
15 26
44 21
121 85
221 343
230 254
313 234
311 20
295 324
47 159
377 177
382 195
70 169
12 356
29 337
242 349
245 163
125 179
220 388
211 216
279 116
98 77
269 289
122 361
66 30
280 305
364 334
129 333
294 61
94 384
88 321
166 132
210 378
347 9
371 143
32 204
91 181
110 350
383 236
155 380
73 315
309 69
171 263
148 329
376 45
285 400
251 63
293 307
272 43
328 23
264 314
100 219
173 136
370 362
