50 75 25
43 31 9
13 27 97
45 30 1
4 6 74
50 5 37
49 43 2
17 7 56
33 5 85
47 29 51
37 12 11
13 18 8
21 27 98
20 46 95
20 48 80
43 1 76
32 43 90
35 47 34
42 21 49
27 17 22
27 22 23
39 12 16
46 35 23
45 50 25
42 16 32
21 33 38
49 24 44
40 31 18
23 34 22
23 25 27
47 50 17
19 7 20
35 39 46
9 14 91
33 27 55
16 26 64
3 16 5
48 44 81
15 28 51
39 10 46
15 39 70
33 14 85
5 13 45
50 8 51
41 4 51
45 44 71
10 38 39
15 18 48
47 41 80
49 25 87
47 44 89
16 19 10
2 17 69
48 28 37
1 50 37
1 7 52
21 23 72
11 35 92
8 19 76
40 20 50
26 6 40
14 30 63
26 46 90
44 50 67
32 13 35
18 8 98
22 4 23
45 30 61
36 26 98
13 20 84
14 24 15
6 33 14
18 9 65
8 15 15
24 12 67
8 4 19
8 46
1 31
39 12
14 45
36 17
5 48
49 38
30 9
25 42
11 29
19 44
43 28
3 32
10 37
22 27
35 20
16 18
41 24
23 40
26 6
7 50
2 34
47 21
13 33
4 15
