12
4 10
3 7 27 4
3 5 26 4
1 10
20
11
28 209
38 349 77 380 392 337 545 177 230 185 343 295 475 61 405 68 50 456 316 80 41 31 214 586 383 121 432 524 
42 116 583 409 403 579 108 456 73 392 107 505 103 553 13 290 146 40 337 355 536 31 271 444 598 477 236 285 
30 34
74 337 281 186 106 110 86 297 139 258 473 37 266 19 573 59 578 100 544 275 346 215 52 220 111 561 329 472 396 147 
319 24 305 510 327 108 352 129 97 292 56 593 594 581 581 495 88 130 500 513 542 21 346 189 60 166 477 341 207 593 
10 251
578 295 28 182 105 175 564 51 596 480 
139 474 536 394 145 457 233 71 339 535 
8 113
20 502 230 298 43 323 386 43 
229 127 525 304 144 354 141 32 
3 323
539 62 271 
212 405 477 
28 225
307 258 493 511 407 587 335 311 552 165 187 47 390 503 569 444 534 107 169 488 290 158 343 320 470 231 489 451 
580 588 13 273 459 83 286 7 304 230 398 96 10 15 228 161 54 528 224 36 600 203 399 58 411 509 376 318 
4 245
484 162 322 318 
249 334 171 244 
11 20
11 297 467 13 201 123 599 490 8 300 556 
593 95 300 26 257 595 499 128 413 38 118 
24 104
139 312 291 64 483 389 135 25 537 577 312 186 102 274 178 53 518 520 363 568 79 35 205 443 
336 340 283 347 560 214 349 291 103 43 65 447 384 509 4 367 595 276 121 551 592 593 367 221 
24 155
128 464 350 439 70 147 260 125 202 254 480 311 328 84 105 540 510 314 537 81 175 272 193 185 
366 257 119 123 320 237 124 383 417 469 255 157 102 19 399 268 267 131 253 377 364 523 275 57 
