16
3
2 4 4 6  
30
16 6 23 84 276 1 
506
106 348 339 68 303 80 37 123 401 43 373 61 399 240 385 388 269 406 171 89 17 406 498 483 144 374 20 292 300 194
202
143 436 348 47 462 416 89 191 1 9 249 480
230
399 8 420 265 111 70 467 438 243 29 135 468 275 325 484 476 472 364 111 12 317 102 258 443 442 472 409
917
296 415 446 403 45 392 5 159 222 62 308 38 263 61
890
175 363 236 416 165 426 303 253 222 478 495 245 62 475 438 62 482 216
375
497 384 71 339 188 382 402 76 417 278 265 489 32 425 81 184 324 441 63 359 351 104 123 450 308 34 74 419 384 41 319 144 488 476 450 145 437 128 379 234 12 275 306 55
824
412 491 385 242 259 488 289 70 360 475 40 112 406 301 279 181 496 404 158 243 161 316 484 182 239 48 401 193 8 473 25 199 149 398 335 77 366 242 225 133
194
430
498
8 61 477 239 473 172 491 369 240 230 306 16 319 444 468 152 405 277 68 77 321 432 400 301 178 389 383 90 382 473 466 268 171 53 227
512
285 188 167 262 351 29 75 493 163 377 470 115 277 51 469 262 343 334 114 392 395 195 195 109 347 407 320 287 186 118 299 39 162 298 275 48 240 193 294 309 320 398
499
80 27 340 482 448 129 293 111 485 468 239 105 487 158 136 109 322 258 175 332 431 438 32 100 51 130 256 444 35 213 426 129 167 264 47 326 98 181 415 76 488 130 381 111 13 195
310
314 411 400 309 437 466 427 480 98 267 381 363 44 377 251 383 419 374 6 214 434
271
147 141 284 418
126
117 377 384 298 244 460 161 90 378 271 262 349 306 180 61 390 446 73 491 75 104 268 426 190 108 236 485 27 364 240 63 169 58 428 237 38 311 296 31 84 378 266 16 467
