400 654
1859.710000
-472 -145
570 -110
-234 -210
869 -717
694 881
-610 203
817 -912
252 766
869 799
537 -533
-582 -460
1 -165
957 220
-718 186
-315 326
-256 125
-765 623
-444 -494
579 100
-837 378
-942 -201
245 651
-77 996
593 561
-327 -674
-113 -514
-600 293
649 570
403 385
481 -409
-889 -189
196 -170
-792 524
-262 -500
707 185
148 753
-481 -466
380 -316
531 -510
-440 -629
-213 289
-75 272
-920 219
844 -223
-394 14
272 -520
971 -702
360 157
-653 345
923 -162
-179 -669
87 853
-4 960
52 428
364 -838
987 -249
-912 353
62 -587
-294 566
-348 -753
-280 -706
899 -399
519 302
-117 -920
-554 -304
-399 -196
-222 -714
211 699
-634 -619
825 764
-142 -138
361 -717
769 304
-221 660
-176 927
-491 -659
-928 796
643 -379
-110 320
377 824
-33 642
-660 -79
823 549
321 335
770 -557
-829 289
122 267
-249 659
120 -353
41 376
991 -592
359 -602
-72 734
645 -245
-654 -592
-964 398
-660 -897
891 686
415 -519
724 310
-276 181
885 395
-179 828
-112 200
9 737
810 402
112 766
283 -429
-981 272
277 879
269 -596
809 811
-787 -466
764 153
954 -342
-83 489
-840 240
-854 187
-467 156
603 -569
-355 395
437 -13
306 824
307 -708
-668 -482
431 143
202 -824
-107 -76
558 424
451 -30
713 437
416 734
938 -133
-803 718
697 975
925 43
834 795
-388 -685
-595 155
-529 -319
-468 -693
-161 834
657 -834
-406 17
324 841
767 -555
-211 829
126 668
-473 -975
-863 -657
-934 -92
-670 -18
519 921
982 620
-9 -212
993 441
-91 68
-918 -880
-487 149
842 -465
379 848
-920 -548
264 108
968 -197
67 -868
-222 14
-678 136
-379 -547
-387 122
-440 -822
-132 -318
263 974
-586 -675
996 463
-779 93
409 -168
-190 700
122 -887
-479 577
624 403
720 -462
-480 -9
736 -393
121 324
254 -11
-503 -250
-703 -813
161 -828
-890 925
-563 -359
-506 -984
-837 831
-370 -120
826 -709
-538 -980
-670 82
410 42
527 790
-303 306
947 410
114 501
-589 -615
133 21
232 -377
843 393
458 278
-758 327
-660 634
957 875
60 17
96 -615
476 -775
329 536
167 -397
-135 -727
-951 -104
-500 -435
779 3
286 727
742 -689
-884 -474
-369 524
-170 -781
-352 -762
-922 63
437 -530
-635 771
-644 227
-403 214
-248 -743
-483 -278
690 -180
749 125
-870 945
-668 275
-726 589
-340 -234
921 500
553 423
311 -397
432 -458
793 -135
404 -60
-685 478
615 -581
-550 499
-702 -776
568 -567
957 158
289 693
453 -872
663 -268
-245 -145
-284 -231
226 -161
835 -228
-406 476
518 501
-217 446
-607 -745
-428 125
513 -919
-890 599
197 117
-844 442
787 -898
540 -183
-508 147
483 234
954 -932
-847 -947
-502 -909
3 196
395 458
-12 438
-632 443
323 117
583 -495
-498 58
-832 -842
284 722
217 403
-804 -814
833 350
-899 -88
342 143
416 575
27 442
-342 -291
142 -139
801 -734
538 -128
-657 -894
318 -174
-346 -199
986 597
800 916
-216 563
928 993
-242 -446
-322 -194
-666 579
-329 -90
698 635
497 -658
-607 636
-762 749
-751 -538
-65 294
901 978
-448 254
-172 -253
-742 37
349 840
117 559
26 551
188 -592
779 135
389 -330
-66 -227
-916 -368
-824 -316
552 -836
-485 -842
982 688
-469 -768
-666 496
997 670
-11 -775
-864 -922
-680 -670
885 247
-204 759
998 -515
-694 674
-303 -36
-470 -554
-735 276
-346 992
610 -940
621 -53
498 -997
-404 77
-813 -174
259 654
-39 -720
926 965
598 -181
-626 -730
547 -369
-587 -293
-824 -258
762 840
964 -279
635 -218
-11 779
608 178
-422 -676
-989 -357
-852 962
264 -596
-337 -131
-201 -931
125 -763
119 28
106 -648
187 714
-626 337
127 -445
-694 -228
165 57
542 584
-509 -21
-432 -602
598 -657
376 -857
512 -818
-129 519
-128 -661
-252 147
-485 -192
387 -818
812 -103
-435 -939
-951 670
267 22
228 980
-604 -810
828 717
740 328
-605 240
883 531
773 293
-124 -24
939 -939
981 -362
-457 953
-610 -962
326 -448
-213 -258
334 378
14 281
176 156
318 45
46 91
267 49
207 250
169 11
267 273
369 183
9 273
69 20
64 94
340 298
184 101
39 360
223 194
395 297
85 285
260 10
328 318
252 73
352 298
353 91
396 60
172 328
331 68
75 185
276 156
295 144
137 331
121 134
189 350
365 142
54 185
48 170
137 147
351 368
56 345
35 196
219 33
232 219
142 148
194 1
343 22
396 339
75 385
98 377
251 247
264 70
38 59
161 396
387 255
181 294
312 233
152 212
294 19
387 88
191 289
284 206
387 115
318 187
360 395
230 187
380 372
94 106
136 135
17 186
231 380
259 157
204 255
293 244
3 156
113 132
147 203
67 261
297 223
235 178
26 249
306 271
103 101
77 347
345 298
186 272
185 64
383 238
286 110
274 174
73 124
328 227
330 111
263 169
330 33
176 69
300 126
254 351
18 121
284 174
284 81
61 238
311 322
213 214
43 346
264 237
239 244
91 140
202 183
153 250
211 145
10 225
329 254
228 275
36 81
237 393
164 326
187 374
290 330
51 339
59 263
303 218
91 195
111 275
163 97
26 170
290 135
118 309
284 109
348 199
259 187
310 98
227 119
116 155
231 129
308 209
363 56
33 366
68 376
42 399
265 311
283 252
392 348
129 334
383 30
110 99
312 72
124 159
140 381
345 318
261 220
231 128
277 370
278 212
33 149
144 262
78 341
124 385
387 341
311 218
174 69
180 193
259 373
355 86
330 225
251 118
199 12
339 184
295 85
216 55
38 220
278 231
110 10
272 252
372 198
306 70
70 12
153 329
369 282
185 268
89 213
344 132
193 36
320 45
381 380
162 272
64 9
258 57
2 282
32 8
151 33
71 309
238 396
99 28
377 100
161 61
54 157
58 31
147 261
344 6
64 225
131 302
308 130
167 182
201 274
209 96
187 168
184 22
307 332
189 177
17 248
14 354
147 282
193 15
104 350
276 215
90 206
83 370
245 203
22 267
307 308
81 109
269 233
398 75
191 357
109 152
333 365
243 121
47 45
363 139
14 123
320 259
146 14
361 27
250 365
66 275
321 289
239 6
122 257
166 266
234 114
250 240
67 56
275 205
59 393
358 379
145 90
294 109
146 266
379 185
294 107
222 73
324 108
43 19
366 351
58 341
61 299
27 280
38 319
352 313
361 335
322 295
223 170
81 250
386 299
161 140
46 251
269 26
157 38
387 316
279 65
307 353
113 379
247 210
236 247
46 9
377 130
333 231
35 328
252 237
240 276
263 293
194 145
364 97
341 313
258 51
350 209
62 236
276 139
202 327
142 154
379 18
310 274
139 257
82 395
168 38
336 96
38 396
238 43
242 159
80 320
202 3
149 345
382 182
265 5
4 183
97 210
363 272
211 181
205 182
286 196
23 255
399 120
198 242
128 322
36 267
365 400
291 252
105 197
284 367
366 355
194 347
75 387
252 393
392 15
312 115
231 254
365 387
184 333
251 338
246 170
190 16
24 72
66 31
7 33
165 121
174 347
203 131
186 327
344 245
7 383
142 69
173 350
39 298
309 225
145 392
134 154
366 344
70 359
205 117
67 388
75 66
168 226
19 234
31 16
268 379
221 177
345 128
216 223
222 149
394 331
59 63
81 84
211 26
262 299
80 275
387 296
355 42
2 396
347 300
363 16
104 163
86 356
229 264
320 89
390 2
13 160
298 322
149 58
186 110
164 212
340 59
322 88
86 193
319 273
230 356
333 360
219 213
383 341
140 305
303 312
248 35
194 390
114 191
22 61
307 316
235 381
196 385
247 300
248 326
134 293
151 399
376 378
83 72
68 18
104 190
269 212
265 358
223 146
229 31
51 62
109 43
250 261
155 137
140 158
259 170
25 302
274 216
12 311
14 213
212 57
182 291
35 151
50 43
71 314
327 31
157 256
167 340
301 74
277 152
313 121
203 397
31 50
216 186
280 131
109 211
122 135
270 260
122 59
199 98
287 116
266 363
389 149
382 77
49 90
379 160
151 21
376 61
380 8
300 227
112 381
189 10
387 43
365 324
186 250
145 315
77 326
33 111
363 222
370 1
249 326
239 125
400 139
100 180
129 397
258 73
13 146
203 81
76 264
92 350
86 38
181 341
46 38
177 285
386 130
158 46
185 76
26 346
331 294
173 252
91 20
79 55
316 305
193 41
327 51
217 319
317 82
236 296
340 348
151 324
396 77
16 63
277 392
112 199
47 318
186 214
219 275
42 170
313 97
143 303
248 40
218 9
203 239
310 323
246 317
286 180
223 376
6 370
42 61
106 28
178 20
2 280
116 248
305 356
146 313
132 241
283 189
375 21
281 44
8 158
199 324
375 191
331 379
237 243
17 254
352 116
381 358
329 216
217 157
343 101
247 161
43 93
377 51
42 60
93 379
344 284
282 285
209 103
44 189
224 146
293 111
333 57
164 356
386 171
158 350
331 272
309 191
306 354
302 144
330 8
158 137
297 117
81 357
335 318
275 390
14 379
81 356
7 259
79 223
4 312
244 39
399 375
333 45
70 155
276 374
305 323
2 392
385 78
286 166
337 149
302 94
354 237
80 33
297 221
198 117
115 307
350 35
131 27
299 114
226 328
70 26
296 135
112 326
116 13
86 173
344 238
316 14
282 340
28 313
283 321
381 168
131 210
111 15
216 79
304 165
53 310
367 304
102 349
383 260
7 231
394 293
260 12
140 43
370 304
272 32
245 25
398 85
186 188
59 54
95 34
298 127
90 307
121 314
198 176
278 65
351 338
381 74
245 31
364 63
295 301
24 283
77 206
28 102
211 4
168 169
248 119
382 300
336 253
159 313
347 318
368 212
163 88
62 201
363 369
342 138
93 396
261 25
34 258
206 166
10 37
149 196
392 180
14 144
190 157
235 257
325 297
288 179
189 266
255 269
136 376
203 132
26 343
173 357
83 272
309 178
196 68
