40 52
50.760000
94 3
20 -73
-53 -58
35 10
8 -42
-79 -90
12 43
31 -39
99 -18
-7 -60
-17 8
46 -65
91 35
-24 41
-91 -38
28 74
12 78
-86 20
22 -74
85 -62
-58 -69
-49 -66
60 -82
-78 57
-2 -10
-16 8
33 -38
-94 -93
-65 -24
-57 57
-87 62
-29 -57
-83 78
29 -73
-27 -63
1 -19
-86 -3
86 8
-69 42
-13 -63
14 36
33 32
1 29
24 11
2 10
29 6
34 13
1 23
31 11
6 5
12 22
32 30
15 17
39 13
5 30
5 3
2 22
19 11
39 17
18 19
20 23
5 8
8 39
22 36
40 36
34 33
6 19
14 29
30 3
40 12
16 28
10 27
30 28
10 4
21 8
40 13
15 10
9 27
30 39
21 15
30 6
25 12
10 14
9 15
29 20
15 31
4 2
33 7
25 27
14 2
33 25
33 3
