500 4543
6197.890000
-5857 2141
-7923 -2249
9352 782
-9082 8504
3613 7921
-7431 -1245
7927 7286
-9430 5530
-434 -2224
-6852 2453
-2762 -4765
-9635 9853
33 -5675
6723 6941
-1042 -6532
-8833 1675
4510 5134
-4971 -735
3372 5041
-6717 8807
1502 -2265
-269 8683
-4259 6627
3230 -7702
-6228 6623
6470 2229
6177 3636
5374 -6204
8973 -8476
9416 6805
-6903 -9165
-3726 4820
3787 5125
-9003 -851
-1928 -6554
3252 -1549
-5979 2902
3261 -234
4 -9259
-5593 7304
3831 4252
-5133 -4893
-7088 9321
1990 956
1868 1587
-4237 8845
-2037 5456
-6651 -8776
1622 4607
7514 -4520
269 9482
-4925 -7901
9679 -3095
8909 -7322
-9737 -5186
5730 -968
-5359 -7235
7906 -7599
-8881 -3223
4005 -8927
-2367 -7343
-9040 -9916
-1926 2341
-2802 6083
-2280 2281
3654 5246
-1355 7836
7901 -4256
-9091 -2938
3385 -8948
-4630 3109
-6963 -1865
2023 -6701
3691 6299
2946 -2562
8232 -521
2927 7950
-7081 -1543
-353 -2053
-5226 3773
5108 -5104
9460 7563
-729 -4392
-9157 -1062
8543 -1442
5533 -761
2579 3468
7102 3911
-3213 -6419
2124 5201
-6002 -2340
-3151 -8075
-4017 2365
2493 1818
5091 -8175
9700 9365
-5240 -4061
3738 2964
1504 6933
1515 -6112
3717 -3610
9681 -6409
-1240 -5292
-7877 299
-6381 -8695
-1343 3897
-8172 107
330 1014
9040 -9143
4499 -8168
-2858 9070
6087 2740
-7776 -8579
-5507 -1133
-9742 320
9476 -9135
-7919 -3621
7744 3466
-2841 -4705
-9324 2932
4740 -2720
7927 1046
184 5084
4283 -1253
-9303 3681
4755 7292
3992 7999
-4731 -118
1561 -7911
-9569 -3989
-8638 -9620
6775 -6699
-9761 4824
6428 1827
-9173 1201
7976 -4975
-771 -8827
9432 -796
2710 -266
2372 3044
-2518 2709
4574 -8830
2347 -857
1520 -1118
-5310 -5618
7805 6001
9701 -8876
-7141 5269
-2122 2602
-5491 -2085
7328 903
-4705 -9122
6573 -1081
-7926 -8519
9781 -8610
9578 -4475
-9628 -7424
8621 -7051
-2792 -8643
1033 5710
5174 -9135
-1292 3566
1055 8091
-5834 4500
6708 -7644
3030 -5327
-3922 8892
-9470 -6879
-8173 -514
3673 -6202
6323 -5594
-3441 -8349
9741 4544
-3106 4949
9253 -5164
7976 779
-5711 -8691
6025 -2839
7585 3951
-4567 -6838
-1514 4117
-1502 -9651
4317 -867
-7065 8522
8416 2652
-5627 -5265
348 3961
-148 4729
-1106 7312
4159 4
-6257 2920
8815 -979
-3658 -228
-37 9439
5511 -7967
253 -3707
-6977 7518
1250 -3709
-5082 335
6779 -3578
-5462 -8486
5179 9385
-2953 6625
765 3458
9199 -5223
-5185 -2174
1369 137
6180 -2931
-5213 7016
6974 8400
-383 2891
-1618 4305
-3661 -8681
-1184 -5017
-8640 -904
-5787 8082
4347 -9557
5867 -8952
-3242 -1599
6759 -9413
-235 -1569
-9516 -9361
283 -1638
-4649 2109
-5767 9186
-3780 3109
-375 -5841
-357 -4504
-7786 9099
-9345 6639
-5786 9076
6029 -166
-7595 7119
9341 -5818
743 -3707
-1124 -6026
4670 -9774
-318 561
-5113 8549
8088 -9098
-4252 -5122
8800 -810
-6930 9
-7134 3833
778 9001
-6863 -5102
-3215 6219
8292 2076
2600 7936
-6822 -5942
-3448 6681
2276 -5171
240 9180
-1038 -7200
5246 -6379
-2400 -3683
5152 -7083
3740 4713
4630 -8647
2741 4204
2720 -70
2554 -524
5690 -8111
9332 1862
945 -3176
1488 -7663
-1439 2607
-4486 2118
-6263 -2457
-6036 -5654
-4745 7213
320 3822
-4775 -2152
7820 -6650
9052 -9437
-2113 -983
-4881 -4675
4583 3072
-900 -3963
3225 -7250
-8652 9337
-6822 9404
7543 1149
-2040 -3505
-2408 5395
9758 -4292
8804 7075
-2446 -7969
-4287 -9873
-4673 -3217
9991 3944
2566 -3971
-6272 2227
980 5018
-874 403
2146 -9381
1246 -3321
437 8917
4851 -6079
1219 -7241
2175 3895
4950 6789
-2150 868
-9636 5344
-1932 -2688
-2151 -2112
-3909 -551
4411 -3857
-9490 3784
7997 -8217
-1930 844
-6737 6289
4516 862
5415 9841
1847 1874
1624 1868
-5985 -5108
9188 -3004
-2990 -1705
-1334 8089
-8829 4392
-7037 -7020
2412 4975
5015 -6370
1728 -8741
-1791 -7393
3381 -954
-6511 -9111
-9545 -3439
-9030 6316
-7796 5116
5731 8933
5501 -8908
-4259 4634
2069 4005
-1659 -2916
4263 -891
-5255 -6300
-2621 4933
8071 -5040
3763 -7699
-9033 -9135
8484 4071
-3638 -1232
8096 1804
-6513 6886
-6201 1251
5379 6864
9939 -4140
409 -9674
7008 -9175
1791 8059
7733 -7976
-3188 7987
7567 3032
-3438 8917
9167 9671
-108 -1966
-2895 8432
-5400 8049
-8630 50
-2187 6485
4553 -3103
-3387 -5376
5213 -1273
8209 1847
-3971 -4344
-5679 -3454
-3149 -6541
3830 -9752
-4184 -5941
-8151 -236
-4072 1370
-8083 -5662
6411 -8744
3769 -3337
9300 -8413
-4661 3157
-1066 8223
3199 4883
863 1259
-7416 8358
-5055 6417
164 -6143
8161 -7797
833 -1659
-6631 -4162
-3185 2209
4333 3369
-179 -1686
-9932 -4934
-5672 -6018
9973 -858
8535 -8011
6235 -2519
-6101 8627
9948 -6923
-8151 -6714
4449 5639
8653 -7347
8483 -5170
-1424 -7913
-8683 -7905
-6374 8967
-7000 1655
-1010 -6913
5608 1304
-9951 9564
1081 4694
6212 2633
7090 8363
-6191 -3115
8892 -7770
606 -3578
7544 954
-7489 2277
-3972 -8528
-347 3514
4097 9947
1045 -9856
5677 -6581
-8226 -44
-4888 -8402
-8758 -5021
6953 7511
-2056 -8488
7498 6209
8195 -1259
168 7824
-1443 6057
-296 -1229
4121 6057
-5018 -3355
779 8436
-4056 3658
7421 2715
5493 -5184
-1440 7563
8728 -1957
-5277 -240
-5388 5054
-2962 -2571
9143 -9912
5646 -502
2888 9837
-6490 -1237
-5964 -711
1709 1169
-3024 9117
3436 4895
-9988 -8789
3862 -6079
-3830 8113
9583 5844
-4172 4812
-4978 4404
-2821 -2093
-9751 -1856
-3808 -9288
6444 8433
-7823 -5756
-6931 -8203
1174 9156
8556 -2515
6638 -6160
-106 1585
-4768 8791
658 1545
-92 1022
-8016 -2317
4032 -6751
4802 4974
5746 -6572
-4742 2725
6224 -7216
4346 -6996
-8055 6046
907 4323
-9868 -8235
-6111 9012
-7432 2488
-4824 7809
-7037 3687
7754 -8839
2127 -5243
-1774 -8108
9972 9951
9684 5719
-2891 -4679
5042 8379
7300 -2362
9996 7561
7534 9270
5594 -3812
-5024 -2446
-7006 -4265
899 4916
2235 -2592
4558 4690
-9746 -2041
186 231
66 210
333 268
311 499
58 168
223 96
235 185
437 491
470 325
307 468
454 128
221 233
462 98
245 349
431 101
264 275
479 347
459 246
34 111
93 170
256 405
15 338
335 148
153 54
69 358
369 60
22 24
489 252
412 35
92 12
303 411
118 111
14 350
200 428
203 136
245 34
192 401
162 434
457 163
157 208
404 128
199 489
211 204
428 173
151 332
250 305
483 475
257 495
268 327
10 350
68 339
394 424
170 49
9 327
340 403
400 358
101 211
428 378
338 379
10 30
482 146
375 423
328 216
456 345
349 202
131 449
53 95
87 62
275 403
469 150
51 126
120 487
375 175
476 20
472 292
196 145
391 175
440 446
53 187
370 108
311 470
486 135
275 466
250 126
267 38
314 66
485 395
8 46
242 235
425 286
326 432
231 336
369 461
173 370
113 402
385 455
311 4
309 354
83 273
414 153
80 38
297 314
471 150
479 192
442 219
438 55
484 374
467 364
492 250
29 203
331 47
204 422
24 294
419 80
283 486
94 374
323 214
311 187
174 181
39 476
412 132
133 240
88 161
213 291
344 455
115 376
72 111
442 14
412 214
495 90
85 483
273 278
291 447
89 476
291 415
420 399
198 380
398 4
205 195
139 35
214 402
368 473
318 204
462 26
368 182
52 422
45 1
196 311
210 335
395 34
459 469
404 299
192 496
483 183
437 193
151 235
435 145
344 307
289 91
398 457
191 371
229 238
45 3
452 58
72 439
175 407
285 476
481 416
18 114
135 81
429 42
177 26
205 454
133 228
329 364
429 212
44 374
264 252
495 418
215 34
482 74
292 416
168 199
359 175
57 100
316 257
373 138
399 428
174 302
171 300
151 363
78 46
3 19
31 20
432 211
59 339
490 330
348 96
380 431
120 203
151 468
490 72
141 60
96 89
153 459
244 259
397 41
176 354
388 74
55 187
248 465
28 33
423 195
95 19
125 174
223 347
444 255
387 180
244 118
443 177
79 196
211 214
295 90
141 258
268 154
269 443
368 82
271 400
118 164
31 124
88 54
71 144
240 131
493 390
353 196
274 287
463 500
170 275
133 178
189 443
180 168
360 281
345 206
285 355
357 35
207 109
99 160
150 462
16 267
441 390
377 6
373 88
298 179
496 19
1 264
197 395
301 317
239 321
11 316
151 14
227 489
470 279
265 166
264 367
94 323
175 275
229 378
290 23
297 164
227 413
48 245
428 368
41 165
16 218
368 380
30 204
438 184
468 323
306 332
409 393
484 237
246 268
334 30
467 132
334 24
195 390
287 280
92 82
4 143
432 412
456 59
331 362
258 147
396 83
161 157
56 36
310 216
88 261
7 116
193 8
175 201
216 306
418 293
356 22
408 492
136 266
500 153
402 116
361 199
30 292
126 17
329 236
131 351
249 16
1 351
470 82
186 52
97 423
77 411
52 292
430 27
148 201
488 481
351 164
358 264
58 201
28 79
175 357
346 226
296 74
273 446
355 264
242 300
402 73
255 98
311 183
38 397
78 486
90 293
105 321
239 383
19 207
374 221
265 74
231 206
235 301
176 327
499 326
346 369
418 28
190 149
85 472
47 459
62 428
441 451
87 195
188 218
163 351
11 301
421 347
459 349
75 132
330 264
405 170
285 290
309 176
297 129
140 369
123 461
84 179
232 172
310 469
386 97
69 292
461 184
36 409
394 119
48 488
185 77
476 444
36 100
375 11
395 481
370 352
61 63
147 399
250 226
371 116
261 481
176 144
296 144
393 497
415 185
470 46
152 394
473 55
484 490
5 104
111 389
323 458
235 99
273 252
201 487
126 481
119 122
438 367
485 274
271 414
331 282
88 5
294 471
193 146
443 276
240 99
71 253
241 474
165 22
185 172
28 449
313 384
44 385
103 240
185 362
153 393
423 385
425 454
401 343
193 334
443 262
272 135
427 72
427 285
2 44
10 65
333 72
89 449
133 433
272 176
489 223
284 177
440 331
270 175
380 86
278 283
43 471
151 85
192 422
16 53
27 468
218 421
101 21
437 431
454 476
478 253
292 449
410 213
477 108
408 33
90 349
196 468
203 47
141 75
370 351
271 227
400 218
274 149
472 82
91 438
366 69
38 210
149 472
90 37
377 14
148 487
442 466
304 432
152 127
231 163
139 102
153 106
328 70
437 384
447 484
299 133
395 58
147 131
359 259
186 419
124 470
6 394
158 213
270 237
278 56
94 387
94 236
107 382
120 128
29 107
440 290
50 282
251 81
288 407
480 451
306 359
398 315
408 328
122 415
81 380
163 361
394 36
23 364
54 303
349 15
227 483
321 408
310 278
110 78
261 123
100 362
200 92
13 234
21 403
19 254
355 479
498 379
216 332
162 298
474 293
356 159
452 375
421 174
322 211
39 114
158 77
301 182
55 208
453 162
315 124
397 124
7 252
66 163
117 465
233 214
456 494
285 101
471 437
80 412
35 114
344 299
264 418
461 213
133 375
250 334
211 125
171 95
473 64
457 82
462 209
452 239
298 460
322 458
98 261
479 173
95 38
224 198
20 9
340 343
230 253
291 367
305 120
403 199
333 483
107 281
51 229
315 201
11 81
206 196
154 450
458 97
138 213
313 234
43 467
149 108
308 126
198 340
78 223
395 400
248 264
126 6
141 363
445 404
477 151
312 486
43 14
435 259
432 75
131 331
98 415
301 180
394 89
70 205
282 395
360 89
135 378
220 487
53 41
316 443
175 416
262 418
77 173
415 247
280 69
273 301
184 498
338 198
150 450
279 302
459 123
380 98
213 441
4 32
376 256
17 103
484 182
352 448
272 193
198 303
207 11
125 195
148 267
316 269
193 434
273 98
343 22
173 71
252 488
6 375
338 268
5 237
32 43
189 150
16 238
420 192
390 414
62 196
229 253
22 87
253 178
477 417
403 92
77 107
142 335
85 23
350 80
92 263
484 387
423 349
458 454
133 368
429 285
199 492
413 22
347 61
69 92
324 424
97 158
40 430
67 66
392 234
394 408
20 202
431 182
306 364
468 7
481 240
270 336
162 255
178 260
285 193
300 70
234 138
337 203
27 126
346 92
325 309
346 63
8 275
405 83
411 55
241 138
401 244
308 2
62 68
388 199
100 373
165 97
209 459
10 152
495 30
489 58
168 487
295 289
286 262
192 151
258 134
200 377
494 379
78 147
58 495
278 291
401 402
309 171
124 310
473 300
400 196
195 419
35 168
73 398
351 323
71 193
273 361
414 382
48 416
122 144
308 221
209 416
338 388
349 359
333 20
202 190
442 464
115 283
461 452
126 262
407 209
152 417
188 194
244 263
125 461
163 259
496 128
161 210
210 194
495 117
41 232
355 119
288 324
359 477
428 151
362 152
371 28
314 131
256 223
312 212
34 480
276 341
203 365
242 331
306 456
96 410
352 446
445 299
79 74
480 252
294 264
219 88
233 205
149 438
156 118
290 250
296 489
266 15
154 273
215 145
260 208
111 133
343 418
159 326
261 469
215 471
22 327
162 445
178 85
92 165
300 227
415 253
161 35
65 370
289 243
386 238
383 174
350 67
382 429
441 263
491 246
124 240
332 495
170 69
212 106
275 297
353 260
81 182
335 191
490 53
312 496
248 178
376 340
95 405
24 329
117 284
205 313
161 435
268 272
281 338
315 447
437 403
472 284
210 9
279 368
328 45
405 368
21 153
37 55
122 36
313 378
228 250
57 297
399 78
499 210
145 418
260 261
53 139
314 331
25 401
73 143
58 245
163 96
227 407
11 245
272 35
107 264
482 459
491 487
481 348
317 445
204 19
196 111
125 361
142 177
4 489
220 15
131 386
389 426
189 294
447 252
466 268
13 119
161 77
436 393
322 181
85 5
281 354
276 45
435 464
343 394
284 451
381 84
420 97
82 106
252 109
63 295
437 416
313 435
288 42
363 392
197 200
168 430
472 461
39 418
161 496
21 337
309 217
1 441
86 385
65 97
483 281
413 417
444 364
266 246
164 339
32 351
256 434
190 102
129 62
484 419
234 260
180 178
255 356
413 138
230 295
184 78
112 471
5 78
338 124
151 398
127 106
245 163
442 386
30 34
31 454
226 95
23 86
1 293
256 368
413 369
306 305
85 482
112 162
42 131
135 381
465 1
69 238
462 64
335 26
236 372
303 337
29 271
59 465
401 336
218 25
439 121
337 329
143 343
87 53
481 445
24 175
247 494
254 161
215 51
250 158
358 177
298 214
177 261
283 71
114 161
309 202
285 180
49 302
22 32
443 231
393 83
421 105
137 130
444 392
439 372
324 152
94 171
451 438
216 442
236 350
268 431
71 446
495 33
249 101
63 359
355 318
426 474
386 354
13 499
145 454
206 217
334 197
425 131
199 156
66 304
190 22
452 170
216 369
91 80
2 248
119 373
351 332
109 361
208 66
398 179
475 482
128 248
95 481
447 267
374 3
476 15
467 170
197 149
33 35
390 393
68 156
19 88
416 335
142 129
290 340
35 239
2 178
88 351
407 200
260 294
330 492
183 491
2 446
395 378
407 376
407 431
242 380
143 495
107 476
446 52
468 360
451 354
416 351
108 331
35 68
323 128
234 431
416 89
269 407
436 78
72 159
268 358
266 36
352 146
372 110
402 380
31 470
315 330
249 95
351 242
443 283
391 192
60 119
327 154
252 383
245 306
149 404
50 115
275 136
175 263
175 2
199 454
200 486
457 483
230 261
65 422
266 163
21 491
344 123
157 204
228 76
321 78
423 30
125 127
35 151
365 161
500 457
353 224
452 115
404 91
254 184
210 32
353 220
1 420
362 385
202 487
446 10
4 2
406 433
118 45
194 260
376 462
374 20
334 369
93 473
109 49
24 163
53 479
271 31
372 126
69 183
471 465
458 360
187 52
218 86
3 235
323 191
458 494
465 263
116 429
466 306
257 267
31 56
267 470
365 206
185 271
445 300
294 247
406 75
414 263
49 173
415 175
481 284
73 435
80 180
195 325
120 360
77 454
384 265
130 34
7 256
354 93
366 325
207 79
55 79
252 98
426 446
252 128
437 279
400 49
252 201
381 213
243 214
391 236
454 307
407 78
79 20
399 177
468 326
464 322
457 279
495 87
418 176
438 395
417 394
266 74
221 198
423 438
206 381
52 376
192 222
206 298
307 199
386 477
68 243
305 170
440 278
256 258
419 128
18 382
411 169
236 271
135 153
42 462
477 324
200 44
111 142
413 90
292 279
470 287
62 171
441 114
157 178
432 71
188 220
465 428
105 334
185 107
383 108
161 86
49 114
221 352
82 154
4 324
478 98
94 63
367 248
435 314
33 287
258 110
10 122
411 96
182 152
16 311
40 92
309 426
183 116
432 272
290 102
321 485
13 223
89 412
405 291
122 102
69 152
108 5
193 488
255 384
139 346
154 250
181 496
497 418
467 89
218 207
384 91
115 92
51 206
394 326
68 66
1 241
414 326
277 306
326 31
415 477
21 270
280 440
224 462
348 500
66 353
320 46
469 442
488 86
455 229
284 359
491 155
476 491
157 43
138 230
342 112
129 61
475 369
32 182
349 485
437 420
221 80
88 257
101 389
486 448
219 468
311 212
153 427
329 240
217 105
313 299
327 385
151 346
434 20
263 14
107 393
9 42
401 451
35 175
47 446
316 191
369 396
433 431
439 339
225 13
65 264
429 270
245 248
45 493
401 245
258 61
175 172
126 414
246 264
116 288
408 452
380 379
455 108
391 37
464 500
181 281
463 114
234 206
378 492
318 373
370 405
261 396
322 396
473 172
30 270
270 263
232 199
474 138
77 7
311 280
377 83
114 460
85 112
409 113
417 168
175 422
374 469
114 423
319 120
184 251
22 385
338 128
376 291
225 395
162 209
281 61
290 73
176 437
411 131
241 46
80 482
264 84
460 494
281 51
313 494
332 264
29 193
220 336
101 67
386 241
392 411
371 176
289 97
74 282
15 479
84 168
286 295
155 328
176 424
395 449
135 108
255 275
284 231
209 90
167 7
58 319
285 3
214 460
239 479
316 70
40 207
254 363
15 319
443 240
344 489
69 380
34 400
358 407
67 57
475 463
378 358
148 252
142 464
206 182
161 455
183 40
262 465
129 53
264 244
55 174
216 231
468 239
15 37
25 231
242 52
167 118
28 171
227 418
252 68
231 29
296 129
418 69
384 351
180 229
93 236
385 195
172 132
75 462
473 256
386 75
349 393
223 3
235 68
421 455
113 198
114 8
487 133
459 443
97 52
279 383
16 125
11 164
499 284
295 276
499 441
183 374
493 121
410 412
257 43
130 446
26 289
135 37
26 110
372 36
120 429
11 339
452 215
23 195
329 497
106 178
399 53
400 89
430 412
178 175
296 149
77 68
379 372
2 50
60 45
401 212
219 65
494 63
238 245
47 298
174 426
342 251
296 438
269 156
299 82
279 285
292 456
339 390
190 63
112 49
108 314
79 247
357 483
336 402
1 294
150 367
44 115
164 57
116 62
411 407
429 443
494 296
230 456
394 456
30 17
91 15
288 236
385 298
256 184
411 369
433 66
230 83
91 135
136 65
217 376
263 159
181 330
112 90
162 289
457 453
2 418
355 299
118 195
92 95
42 101
271 410
308 396
121 302
220 241
320 174
45 389
412 475
484 276
38 75
450 116
263 131
371 433
329 182
258 271
195 296
139 469
403 288
363 256
92 344
207 59
125 455
398 419
158 414
229 393
441 14
50 91
270 335
58 216
491 154
321 84
447 283
279 94
420 464
49 404
237 105
55 345
477 98
372 32
485 455
59 93
442 489
309 8
137 249
148 289
137 259
381 240
165 239
158 118
204 283
367 55
480 304
177 100
197 95
42 488
468 453
458 288
491 324
380 359
247 133
98 319
257 407
214 145
321 453
237 274
74 59
289 394
241 345
240 238
434 101
262 78
2 440
140 494
220 75
455 56
362 475
157 295
70 35
321 161
160 215
84 269
136 101
200 175
151 341
248 246
464 75
297 108
48 17
227 465
88 28
153 83
376 374
407 343
74 340
323 399
5 244
146 149
469 48
245 485
369 254
56 416
333 1
221 416
197 179
267 3
319 20
495 157
358 203
154 258
87 257
466 378
144 349
118 234
56 354
142 168
207 376
132 411
329 62
419 53
106 450
302 364
313 170
283 48
198 403
3 404
172 11
456 146
354 70
328 176
347 123
147 159
483 268
174 215
246 192
167 270
56 412
484 320
339 168
319 160
2 337
228 437
445 25
355 118
244 424
420 102
110 169
24 164
201 464
246 163
413 436
488 343
221 54
349 124
194 125
59 76
407 320
356 371
57 122
303 473
52 305
401 37
79 57
165 29
369 264
225 228
468 31
108 182
173 243
68 488
340 38
488 273
56 78
98 29
422 21
350 23
420 20
246 58
368 66
252 138
28 165
324 377
2 343
403 237
342 58
293 161
430 484
91 131
113 89
367 327
304 404
464 280
186 141
301 272
464 143
68 362
83 455
184 366
266 307
112 146
217 256
79 297
129 274
69 227
416 449
351 285
360 85
339 142
340 12
208 393
61 448
313 327
86 185
307 120
159 339
435 456
92 21
230 131
414 198
35 473
153 329
464 485
484 264
392 441
323 49
373 171
107 221
309 331
422 431
247 248
69 61
356 404
32 68
307 196
406 46
457 46
499 364
223 440
283 35
185 266
257 469
471 415
396 125
362 426
447 150
476 59
134 229
387 172
108 483
471 412
400 438
79 119
216 10
478 141
396 32
492 483
130 490
207 463
315 372
389 96
491 403
21 176
402 346
198 273
126 452
489 64
59 366
407 292
208 327
341 339
379 488
130 126
368 494
209 366
115 186
110 373
143 368
344 311
194 49
316 291
47 37
85 390
269 183
227 451
411 325
277 208
392 130
75 227
201 74
64 184
167 351
466 44
418 384
305 159
11 168
452 86
42 388
436 438
429 158
195 114
175 246
162 422
484 194
344 207
229 221
190 451
405 357
491 321
34 351
486 393
482 37
133 488
410 178
379 89
449 121
497 196
111 288
114 437
76 487
199 369
306 40
462 41
385 31
3 444
187 360
257 216
63 381
177 230
370 406
54 130
408 71
184 406
249 346
323 476
372 205
359 377
264 345
182 129
455 268
274 359
91 171
94 340
400 122
262 137
492 159
415 121
99 429
427 91
99 202
414 353
412 41
447 183
142 46
310 187
271 27
122 272
433 337
184 324
341 258
428 462
333 166
136 271
2 124
84 139
359 95
274 51
138 194
245 419
62 278
369 301
187 164
127 9
440 169
50 184
385 435
31 15
383 154
152 133
367 14
339 248
469 170
147 144
230 6
5 135
172 34
224 154
61 421
425 353
456 424
453 320
414 458
485 458
262 381
158 117
253 59
247 35
3 106
65 166
105 399
483 238
452 327
352 65
115 425
296 146
182 145
256 278
342 318
104 239
280 474
465 476
183 109
358 452
96 430
211 195
203 145
300 295
247 236
254 443
157 486
95 80
264 161
428 276
96 418
328 285
335 102
74 343
331 243
241 287
387 60
263 191
108 151
314 173
231 500
44 197
413 398
280 471
194 334
258 450
361 473
270 384
175 342
226 186
330 160
246 55
426 43
202 214
352 124
83 331
291 149
312 224
72 434
453 123
75 476
400 242
361 441
136 96
203 260
276 41
472 486
43 383
279 81
132 56
161 428
291 315
396 286
252 97
227 236
423 291
228 470
296 78
148 441
149 361
81 455
445 173
380 199
152 214
400 162
7 401
247 420
318 203
10 61
353 61
463 7
307 424
77 430
415 208
220 91
415 18
460 379
430 477
292 40
424 228
493 459
169 164
217 140
445 63
17 206
392 181
466 445
459 154
56 178
244 57
210 250
416 82
91 395
197 159
223 244
340 327
351 405
231 460
283 108
105 171
311 175
315 148
357 439
53 231
487 455
328 114
380 375
265 100
478 371
240 208
369 326
188 133
28 295
196 268
477 376
369 171
101 492
341 381
100 491
330 262
96 41
222 457
332 26
294 3
369 394
65 477
217 221
89 319
455 283
265 170
300 274
365 60
241 108
487 174
90 264
493 88
329 420
48 338
114 107
285 358
494 106
251 114
54 459
363 113
393 452
347 177
263 247
366 487
156 405
346 298
311 253
474 259
92 437
61 343
142 110
41 101
488 269
99 91
78 266
75 433
58 19
63 336
142 80
103 156
16 93
285 217
448 289
284 192
30 167
224 367
183 291
76 222
395 145
421 335
88 76
416 190
274 460
200 485
361 31
405 115
165 108
165 397
341 481
189 278
115 267
459 225
472 458
267 204
241 398
161 181
157 213
103 298
369 59
205 62
34 103
312 426
104 471
225 61
314 481
291 413
353 181
457 96
145 488
28 276
373 382
225 313
381 171
265 447
159 101
262 94
173 218
477 110
381 439
414 436
336 97
454 42
85 141
209 421
282 217
125 157
123 333
146 467
212 435
238 274
395 471
157 376
326 467
46 87
378 397
40 24
390 16
435 301
400 298
62 43
312 263
319 184
191 238
16 481
364 447
433 205
400 300
129 216
207 222
207 477
182 396
75 300
123 287
44 327
93 347
123 144
245 297
308 148
263 343
184 451
299 479
35 362
376 215
265 280
345 29
71 426
340 105
400 238
450 262
290 209
299 412
36 164
10 253
451 215
496 338
133 358
227 8
140 428
388 296
88 142
28 414
240 368
465 352
118 4
146 30
311 208
325 435
218 118
69 234
382 77
99 248
500 331
394 412
463 367
427 447
48 408
185 380
295 228
65 86
15 492
11 194
334 464
111 99
140 54
347 402
290 314
237 180
295 44
131 34
484 179
238 239
38 137
307 84
135 342
382 148
87 375
12 21
169 480
303 168
39 142
419 450
224 421
244 407
109 56
454 413
177 4
436 375
93 466
454 302
485 208
28 343
306 195
170 323
101 11
325 239
247 32
262 449
157 16
142 202
310 342
336 417
203 185
320 3
320 134
357 432
175 307
50 492
304 413
327 217
208 498
16 6
295 220
361 87
482 272
442 159
82 379
92 448
415 256
256 230
413 409
319 237
214 41
489 23
167 225
347 454
333 179
451 265
406 363
380 499
391 472
280 332
367 310
306 371
239 358
263 458
21 325
310 272
374 33
447 300
452 350
425 422
70 438
312 51
441 73
369 479
479 120
151 221
439 390
122 25
109 306
457 401
277 367
74 367
407 401
303 463
234 244
30 11
129 235
217 57
100 226
359 480
415 233
380 19
114 389
52 289
164 307
343 307
429 398
76 496
351 428
139 448
103 74
100 310
245 178
458 254
453 443
36 307
414 44
9 451
473 315
130 224
344 271
168 173
416 111
354 226
163 153
318 497
475 52
468 421
319 217
130 27
108 229
209 499
192 270
65 117
200 401
401 423
102 220
38 15
423 177
286 77
406 243
29 279
264 208
450 279
43 198
46 22
12 153
481 373
90 215
458 38
314 230
200 458
493 245
354 265
403 273
185 45
52 153
52 217
297 37
8 273
114 135
366 136
433 125
229 140
442 310
198 251
50 448
53 314
233 494
492 299
354 375
468 316
46 228
229 273
453 374
151 418
302 115
384 212
348 415
196 256
299 495
240 248
172 391
89 349
332 188
337 122
373 497
456 285
490 337
154 189
352 195
434 202
139 401
309 329
211 479
73 34
46 472
165 389
270 210
220 191
416 176
68 9
38 245
236 230
348 194
215 468
181 295
434 172
185 306
440 291
363 352
276 458
39 437
265 157
370 241
72 266
150 497
69 361
215 188
39 4
225 400
37 347
318 266
285 17
76 449
440 133
45 275
164 184
124 50
322 321
419 3
259 441
322 144
9 28
291 436
96 242
317 23
133 429
432 22
280 247
163 42
295 379
254 141
38 344
468 382
351 75
344 30
226 227
373 23
89 248
157 283
69 71
277 26
44 110
158 426
100 179
285 317
368 12
326 38
114 65
200 337
51 237
103 499
445 1
76 183
381 100
296 343
429 156
119 301
193 130
78 339
6 412
255 138
462 45
146 58
367 76
51 188
77 380
275 47
165 495
167 263
327 90
202 197
479 459
418 288
3 92
245 103
271 378
37 279
392 38
342 311
95 16
63 85
327 470
400 421
424 395
224 212
15 40
295 131
365 302
131 110
204 160
399 483
339 253
406 266
316 429
237 212
261 180
446 452
320 222
311 239
357 137
451 64
69 269
28 15
175 427
100 284
37 106
217 342
271 24
389 25
290 40
89 237
20 41
181 486
95 8
264 74
286 227
416 232
351 153
405 274
247 411
165 297
198 121
192 460
296 28
63 105
343 208
417 492
30 7
352 130
447 7
404 471
218 74
385 63
273 199
296 159
208 317
135 245
496 122
469 300
338 172
137 361
31 228
328 64
166 340
72 162
66 320
252 382
24 324
374 154
473 115
365 495
417 373
14 103
252 368
52 160
219 196
120 430
73 425
408 197
172 241
110 158
3 41
209 435
495 339
81 119
14 77
276 180
232 442
155 392
417 31
154 249
98 151
36 285
374 276
213 399
457 6
147 401
213 35
379 171
145 123
218 205
296 203
476 13
319 218
267 294
396 482
490 22
487 481
191 272
388 49
221 118
374 386
428 70
490 225
156 221
268 10
456 175
360 437
231 127
288 194
386 262
134 96
384 267
345 258
6 171
22 44
11 271
38 57
311 121
124 344
210 334
420 417
397 157
371 309
488 104
475 38
190 406
452 304
161 141
387 237
79 22
67 182
212 2
43 172
207 233
437 195
268 408
315 44
220 302
71 487
202 344
418 266
100 178
303 109
361 161
445 400
366 34
379 91
284 106
110 108
348 259
103 492
441 168
173 306
335 253
197 128
420 85
185 379
178 233
217 349
441 369
319 22
432 201
28 334
219 436
79 280
173 183
264 333
48 12
466 400
6 339
76 346
412 376
141 453
271 469
174 417
221 189
132 267
233 281
316 35
408 209
194 214
22 159
110 264
143 269
79 412
327 277
86 427
441 105
438 460
226 106
169 405
333 498
27 231
217 402
332 489
257 143
128 95
289 385
293 310
320 226
48 381
226 322
95 290
373 189
340 337
438 6
237 489
156 287
129 84
176 265
381 498
490 102
270 79
169 170
401 113
156 55
383 123
16 281
111 250
58 441
287 472
45 62
107 487
271 260
319 196
38 186
98 371
27 196
224 347
20 193
115 275
218 111
320 461
196 275
89 304
70 15
70 479
112 261
2 61
173 398
435 126
351 158
500 346
275 406
492 160
87 356
456 96
364 278
244 122
359 15
202 207
329 445
232 72
127 403
493 17
298 295
128 268
320 192
161 250
217 171
112 301
205 200
47 383
350 32
105 396
304 492
276 12
240 473
175 145
154 86
361 320
84 37
291 147
147 55
459 44
441 312
297 302
483 323
151 15
445 75
296 128
396 115
407 16
400 416
187 246
358 172
371 230
434 252
404 338
441 169
345 67
173 209
318 123
332 333
356 366
299 212
42 327
5 402
326 85
69 106
445 472
496 223
16 406
498 352
104 476
490 294
384 53
287 14
285 225
253 199
109 238
453 262
165 313
233 388
179 74
435 275
312 118
249 188
109 469
388 206
384 148
471 158
495 340
180 143
144 455
404 12
302 193
328 204
118 113
377 224
391 285
287 397
370 340
379 133
220 491
135 30
142 53
43 137
384 222
359 432
292 295
111 92
27 361
162 115
238 251
348 278
461 267
162 146
396 317
454 234
213 397
380 472
427 423
76 380
385 172
10 95
141 375
48 83
57 35
404 353
16 404
246 368
483 58
438 377
3 193
16 437
497 390
1 310
459 27
67 96
310 479
347 218
482 235
128 69
304 62
463 56
215 239
452 323
135 254
134 241
217 135
271 150
144 95
247 33
479 443
415 334
201 11
37 429
424 485
286 151
240 273
369 339
9 118
180 239
500 369
306 302
19 312
499 55
474 226
391 91
100 222
486 16
255 473
475 99
407 62
169 173
484 439
262 338
295 467
2 65
228 416
471 76
189 428
59 288
286 481
368 394
372 148
189 196
191 404
185 401
375 50
136 330
276 378
74 124
259 330
299 177
154 157
184 179
163 209
461 43
367 99
192 459
151 397
269 493
265 313
353 127
68 437
221 172
422 58
330 194
456 268
495 322
173 126
159 26
439 425
232 405
268 444
345 49
494 442
327 323
76 377
470 4
54 120
371 388
426 391
355 156
244 66
365 74
173 346
169 219
247 63
300 130
105 389
185 232
389 160
416 26
120 2
410 110
38 83
12 279
484 368
428 424
74 183
275 350
270 94
151 379
478 172
62 318
364 138
279 82
83 192
478 247
433 243
291 475
332 172
248 74
353 117
334 218
236 456
213 163
181 243
153 213
350 314
364 165
419 454
129 465
11 154
434 233
130 326
490 209
175 448
386 172
399 113
479 445
9 3
56 73
209 260
247 435
170 110
271 91
416 149
402 395
276 269
277 265
116 346
285 322
114 71
268 110
387 453
130 229
48 267
323 334
452 35
251 204
380 285
426 208
386 37
332 345
483 7
388 164
443 332
228 465
15 68
410 467
68 387
331 358
107 370
346 438
177 409
216 483
60 30
145 390
258 411
275 213
132 348
172 395
328 373
52 280
65 472
321 339
337 363
410 441
4 71
310 453
423 234
200 431
107 394
237 181
16 33
315 487
12 324
213 171
242 161
293 249
120 108
466 344
238 461
302 307
348 5
189 163
176 313
460 17
144 105
463 239
438 169
322 419
142 480
287 352
426 478
158 487
425 378
250 119
296 26
471 108
312 35
221 342
184 457
129 156
224 498
421 300
206 149
339 305
118 374
187 232
182 218
183 289
489 78
481 296
369 376
187 59
409 110
329 323
235 372
321 11
1 431
351 177
41 455
259 8
400 210
424 120
322 476
2 23
463 193
417 157
172 28
83 342
255 414
436 360
3 424
203 283
8 368
111 36
284 297
222 312
314 368
145 154
15 277
178 97
49 382
312 395
40 314
24 203
342 3
436 334
253 485
325 330
8 357
180 405
3 393
201 414
265 449
137 382
401 280
38 287
35 498
174 29
381 467
487 397
129 21
289 136
44 103
407 333
425 197
131 208
276 298
294 257
150 157
25 293
443 431
361 195
359 299
271 306
114 354
380 262
103 447
474 163
411 102
381 339
89 277
440 357
473 29
168 230
178 120
281 485
40 210
68 302
20 406
51 288
20 421
73 145
48 82
390 64
214 338
26 291
46 188
252 419
421 429
209 189
381 396
425 269
317 486
289 492
443 133
203 210
379 54
442 403
126 386
394 112
399 133
155 404
75 48
220 345
32 458
283 81
402 9
12 128
248 292
196 230
438 1
111 8
55 408
258 292
445 418
16 367
333 453
255 291
127 55
279 270
450 222
215 11
208 358
260 462
302 337
100 45
204 12
342 78
254 324
168 491
424 198
143 251
398 444
128 437
311 206
337 436
57 98
422 234
188 18
124 445
280 341
255 76
329 29
21 431
454 436
290 272
16 263
281 223
435 117
13 448
250 181
349 333
300 73
342 205
151 77
254 240
277 468
410 398
427 500
262 84
10 314
243 21
377 20
304 105
131 174
206 320
140 261
59 316
277 101
194 130
305 398
328 42
192 473
278 186
394 38
449 15
135 304
317 226
222 438
151 58
218 475
423 288
281 488
49 176
50 21
114 221
162 262
199 472
369 111
455 375
402 480
232 60
123 260
161 85
280 246
117 223
163 408
183 434
389 388
467 242
128 475
429 56
126 307
52 453
181 385
224 76
255 403
223 341
288 83
263 344
217 115
276 382
487 360
58 250
229 57
371 300
206 89
494 334
271 447
420 359
270 358
415 163
292 438
299 198
132 450
472 452
319 263
337 253
207 237
24 84
414 327
83 348
216 346
14 166
93 377
31 459
377 475
496 190
230 286
93 45
122 241
32 120
12 39
209 345
3 134
391 414
360 430
200 242
248 195
24 192
10 79
55 255
18 146
126 100
422 163
321 258
356 448
106 387
137 149
456 289
286 355
207 407
438 194
119 380
310 434
174 78
221 286
341 273
359 50
278 499
426 351
197 259
184 54
50 455
128 306
432 88
53 421
486 76
422 26
331 230
153 347
454 229
405 25
385 81
31 360
378 179
191 361
475 302
158 370
26 471
176 338
79 307
24 401
404 462
224 253
138 468
217 480
296 150
265 344
364 241
431 176
116 167
190 371
107 460
384 54
381 148
315 495
209 230
459 433
46 269
171 31
118 458
190 494
78 19
452 414
151 227
137 112
431 332
39 29
124 28
367 451
4 308
46 75
5 143
236 150
34 157
15 427
141 290
280 225
85 217
491 69
206 269
357 499
326 116
307 298
497 8
442 118
451 23
136 2
280 28
445 304
385 468
313 139
300 352
412 117
434 359
366 462
347 435
193 341
326 135
229 326
342 47
338 105
421 107
63 12
444 161
210 490
436 125
438 238
483 263
12 196
319 222
456 365
442 337
160 218
481 269
468 185
278 275
332 91
138 142
479 421
488 466
61 126
432 30
18 412
398 197
75 189
111 148
131 145
428 478
350 74
46 465
169 444
360 452
25 307
474 281
11 218
242 444
393 129
466 214
480 318
290 476
122 387
310 243
293 231
114 282
185 301
158 145
166 327
70 40
297 11
156 79
53 108
186 446
227 257
165 378
280 127
472 203
417 248
452 193
140 433
472 195
235 497
416 233
244 106
399 468
146 197
434 320
366 453
250 438
199 468
390 291
206 195
26 107
377 12
277 439
231 75
55 203
325 343
386 165
249 10
159 355
50 254
47 223
127 263
311 174
19 119
444 421
396 36
379 199
488 214
373 344
155 493
210 395
62 50
472 293
79 4
252 125
305 81
213 5
268 328
46 428
165 120
420 7
314 353
373 251
91 142
103 196
309 147
432 259
62 375
378 212
222 260
286 246
396 230
270 247
156 382
414 493
205 358
95 378
217 137
317 339
239 448
353 355
219 148
368 490
234 120
130 51
261 202
161 426
18 381
143 268
324 242
70 175
402 160
51 52
34 129
443 434
438 240
162 392
79 441
187 75
334 137
292 247
134 448
84 108
319 309
52 406
428 447
449 476
49 387
279 178
170 339
224 400
347 64
92 445
163 168
56 311
488 336
172 120
405 97
473 370
171 498
47 340
121 105
294 342
72 316
212 141
180 246
376 442
331 156
82 107
307 382
455 477
345 157
393 404
175 295
107 432
51 445
160 435
58 21
319 344
343 277
96 21
141 134
188 5
378 204
230 376
469 152
34 210
190 334
105 461
369 431
119 263
2 142
92 221
405 172
224 434
425 113
55 323
215 25
166 308
335 264
319 240
446 170
404 99
84 372
455 194
49 104
392 379
420 307
408 96
39 294
294 488
471 480
201 484
11 338
28 431
288 374
333 181
309 71
205 65
144 411
495 6
22 414
383 364
401 263
125 51
258 33
405 225
408 22
253 341
202 410
413 412
174 308
381 173
431 374
460 14
219 251
44 5
442 193
194 277
302 205
386 297
193 120
104 98
75 154
219 306
219 286
244 480
121 21
381 204
493 240
458 269
421 423
181 313
376 128
491 278
267 171
469 23
190 150
425 87
297 171
14 428
392 400
192 428
284 438
446 160
224 337
265 271
70 147
499 205
154 439
466 297
409 88
141 5
476 319
384 435
85 177
461 223
441 442
132 352
362 65
250 173
132 363
304 52
479 9
206 218
307 384
481 444
328 306
237 162
279 455
300 196
297 488
398 96
351 5
428 58
179 248
253 118
410 453
426 237
407 17
439 478
318 363
86 178
290 294
95 428
425 161
376 47
426 404
148 425
150 80
92 290
121 477
327 269
398 114
174 424
175 74
151 87
372 78
263 472
358 333
328 36
255 167
156 274
22 235
496 401
28 433
238 266
160 129
57 443
30 208
368 298
171 328
165 334
323 449
296 356
79 482
346 300
341 105
279 191
389 122
219 282
300 42
467 279
435 422
449 438
209 227
258 94
58 391
183 90
33 128
59 414
142 240
489 51
340 165
204 339
387 34
329 486
70 197
19 305
349 463
234 116
327 39
155 316
21 297
170 482
494 1
78 379
261 263
33 29
448 470
477 420
71 18
85 411
230 144
168 336
245 114
356 256
468 363
32 193
434 481
163 83
148 64
120 20
320 2
292 314
432 196
148 258
309 141
252 85
277 127
171 409
231 302
5 162
383 431
6 162
58 114
229 354
149 270
183 449
180 204
453 118
417 296
273 235
429 7
260 143
451 418
117 6
282 347
165 458
356 177
117 409
429 376
310 279
39 284
424 341
221 289
434 258
86 324
292 183
36 94
46 250
371 476
72 452
190 48
480 44
401 60
334 382
453 317
66 323
158 469
352 324
160 480
307 9
284 403
350 179
254 396
145 33
210 122
237 66
455 428
107 260
497 44
454 89
194 436
145 229
92 351
242 30
287 97
366 423
334 84
38 12
190 376
266 224
293 460
116 24
450 17
243 208
447 464
182 21
481 362
433 257
240 500
417 433
314 356
334 360
257 154
49 165
39 149
478 330
259 320
163 240
434 301
47 431
61 325
430 138
90 101
433 351
431 337
456 275
225 236
469 361
245 224
8 18
215 166
43 384
351 178
22 248
114 133
433 194
193 126
166 414
105 107
187 270
14 131
8 45
387 17
362 292
152 393
149 30
363 266
301 337
279 407
186 320
79 305
269 172
249 326
189 439
477 443
180 350
113 436
358 83
189 58
211 60
478 202
1 404
179 433
376 318
403 6
483 463
247 336
60 273
219 24
148 232
287 192
477 393
256 307
120 404
63 21
129 404
320 452
408 250
309 277
493 295
175 185
474 19
203 93
64 288
72 78
474 436
170 490
183 24
411 71
16 401
178 319
11 246
175 59
235 171
284 51
69 155
64 175
101 192
213 143
188 284
85 46
472 54
104 29
499 107
244 326
146 479
389 409
1 485
264 291
16 356
40 392
399 27
75 438
168 112
86 108
24 198
412 236
51 235
276 364
430 403
157 23
364 75
148 8
255 402
113 392
344 1
431 463
484 337
261 354
492 196
228 176
395 155
420 114
156 83
33 11
245 327
241 475
217 274
446 301
325 475
248 478
135 431
284 260
127 85
488 130
61 427
467 209
448 46
205 199
130 456
143 390
347 25
480 366
412 27
241 166
221 410
451 321
372 312
422 308
408 419
183 238
256 285
497 73
2 486
479 115
354 300
377 155
355 275
443 3
214 354
53 269
379 136
100 52
69 163
198 178
388 254
151 276
249 295
26 146
435 84
311 28
209 420
254 494
91 176
284 71
37 435
84 407
81 497
17 261
366 73
333 433
446 460
226 324
131 136
444 328
457 166
295 227
238 88
102 265
84 409
104 72
73 385
292 19
56 428
429 191
141 247
86 263
102 150
183 60
286 282
159 17
227 394
200 127
442 97
182 426
319 155
81 196
339 361
295 476
466 450
413 233
462 18
315 93
15 460
325 71
205 382
308 397
458 53
32 184
368 349
13 279
83 437
407 285
453 248
193 326
70 25
64 139
335 422
272 281
34 383
192 109
419 390
335 248
226 228
260 421
298 376
36 299
106 310
28 74
159 217
136 197
370 52
498 319
41 459
281 305
110 378
443 299
66 257
288 398
95 344
388 239
131 389
141 253
476 121
294 209
159 469
259 459
235 46
15 171
269 7
298 129
486 396
27 418
253 233
214 332
191 82
97 103
391 244
39 443
248 6
359 181
173 406
296 498
165 478
11 332
361 377
70 217
448 116
359 21
284 498
342 321
300 47
218 123
263 335
422 464
119 471
493 293
193 420
99 146
457 248
355 362
349 337
122 196
194 28
439 247
399 393
139 287
291 187
87 159
379 205
125 415
466 411
101 243
240 349
335 166
323 212
301 451
131 418
215 102
308 316
236 291
358 110
242 65
357 112
341 409
282 392
148 78
464 373
215 225
401 337
111 70
386 337
157 279
440 251
411 361
147 228
104 249
428 33
149 233
477 313
452 47
432 280
216 29
62 316
115 116
339 250
72 357
22 365
482 28
244 113
420 141
234 301
160 55
88 291
286 202
470 216
233 52
247 169
470 306
293 49
411 347
383 497
49 432
282 306
163 196
288 70
81 41
44 52
41 10
141 4
2 214
353 251
385 202
412 25
283 94
376 106
199 306
441 38
354 200
484 346
383 356
448 90
43 331
285 134
127 2
448 156
376 461
251 461
296 378
329 290
251 72
67 18
317 407
116 224
339 2
405 266
288 416
492 143
436 189
463 248
125 310
102 18
170 460
170 447
421 321
61 114
208 215
346 190
261 350
445 35
167 496
145 160
304 271
171 383
114 150
4 429
240 427
130 425
79 85
141 197
280 455
470 112
166 37
203 116
405 125
262 314
406 227
253 133
179 88
1 411
469 415
93 115
14 91
434 335
308 307
169 142
102 121
412 332
394 489
319 465
182 185
49 199
494 152
44 198
90 371
299 88
498 230
154 345
282 97
301 61
219 128
185 490
347 87
376 337
128 62
481 207
257 320
389 437
119 363
317 390
128 194
387 475
234 372
220 74
253 326
202 411
44 81
270 85
347 275
220 458
103 317
278 489
262 411
126 199
320 154
404 323
327 251
159 111
400 378
439 159
490 310
196 385
460 216
238 444
318 35
176 116
231 314
179 155
368 70
150 488
148 386
321 193
494 329
379 119
224 221
182 196
338 173
411 183
438 418
435 120
27 498
48 268
314 466
233 308
232 376
247 416
295 333
342 218
426 149
204 210
247 327
134 176
150 209
160 115
483 288
178 256
106 296
95 425
273 398
15 157
51 191
306 500
1 388
202 480
394 404
422 81
358 306
218 491
275 53
456 42
320 23
17 113
272 101
204 497
148 224
462 87
370 332
226 404
80 181
120 379
95 492
250 184
187 332
338 274
364 423
388 66
371 338
279 232
21 401
237 143
194 285
476 347
207 343
408 275
298 182
485 117
141 485
100 352
202 304
67 261
346 471
46 328
303 233
466 319
417 37
280 497
67 341
368 444
27 382
304 259
293 290
176 29
329 269
368 241
62 212
262 274
363 369
356 457
361 37
162 343
459 331
117 271
284 201
73 308
342 208
292 387
260 377
468 327
82 365
50 465
99 389
205 125
355 174
44 76
196 428
271 42
485 301
166 236
262 208
437 414
172 10
268 234
164 126
311 109
56 163
404 77
131 96
149 401
307 487
61 428
115 207
136 303
467 138
97 62
56 357
462 238
206 106
232 351
362 277
414 434
235 496
193 468
228 33
99 477
492 230
356 241
67 97
35 313
478 293
205 469
436 371
497 402
83 475
57 349
243 165
268 253
81 450
303 325
466 142
479 393
437 351
448 336
15 429
5 174
391 310
426 271
496 303
227 178
101 162
13 257
473 382
197 235
102 80
272 168
21 103
241 307
433 127
87 172
492 206
