700 7254
52171.920000
-47306 -73892
53457 79213
-77769 19596
90442 60783
-4839 58473
69602 -32178
-64476 75907
-9120 -43714
-50830 32253
-79672 70091
77624 89153
-19990 6749
61507 46853
-93862 37828
-67551 -8055
-33049 61026
-78037 -46674
8342 49816
-29587 39042
94954 62911
46788 16600
-61983 -37477
66659 72791
83700 60555
25396 -53443
30313 -88528
-44248 -77902
14942 -87196
43223 70869
16809 -74950
17642 19494
-82247 61964
29859 -97820
10959 -16632
-58545 -4004
-41088 -75545
79522 -96550
-24933 28632
47945 -36425
-43937 -23613
-51996 -1898
-2322 50576
21861 54475
30606 29992
13095 55261
-28328 97674
-69799 64785
-47966 99750
26296 91131
55109 93159
-49937 92027
56754 -28173
-23071 -87232
66188 71861
37465 -99112
-59663 14545
-34971 -42304
-69032 -95281
-95666 -62958
9248 60409
-58301 30512
76013 -96000
-11053 -87814
-63995 -57734
-66115 21341
3571 99290
4822 21439
-49241 -50223
-26664 76788
-55712 -88920
-90952 -6512
-11504 21844
-27582 78402
23412 -34953
42889 33950
52172 7204
74922 -89768
-34156 -1184
38058 12480
-13967 -12613
-81063 -88154
-26512 92765
-58104 70431
7733 83288
75872 28696
-7378 41438
-20295 -84408
19194 -35450
33613 -7202
66881 -69720
-25192 38231
99131 90085
-53899 63183
-92517 4734
-19383 -25274
37376 -37005
2236 31114
-10597 -22651
-25679 77642
83084 22895
-23452 6911
56251 1591
-85369 95971
-94072 -74072
-80921 -79093
-46502 83716
-68006 -15934
15009 -79255
69789 36052
89257 -51830
11049 -13017
-82864 -6412
40815 1367
71018 93022
-67085 -16959
-99104 -63189
-72863 64881
-97924 65326
-91404 -67224
-92505 95699
11411 12717
8885 -61980
-62724 -58728
30291 -63277
60728 -5274
-52698 -13835
30551 70031
83151 -24248
78262 -94337
57865 -79464
70281 80009
54231 -10186
-4614 58162
-84785 27952
27857 29939
-86906 -48097
30045 -65199
-94642 -79753
46634 29622
-2677 -53653
92320 31032
57068 84062
35997 28821
3221 46312
23902 -7163
58991 -89607
31012 -85726
95744 -86250
-95579 95536
-34644 74581
-61525 -63453
47116 -78697
33600 -39569
15784 65457
-70187 5039
80282 56196
34156 -59855
-2956 -35677
-145 45319
84231 10528
-47674 97878
-97253 27364
-69527 94431
-15348 13973
71900 82126
-27339 31814
69753 -48381
-25451 29178
-50164 91423
-4100 -52451
-38919 -84213
-71837 -93361
-88036 13636
43406 -69714
-37280 -64053
-20270 74653
43850 12359
24665 87315
1460 -65092
89226 10204
52747 -83809
-72399 -28768
-90451 755
10537 7927
-50524 -37271
-75331 17707
12577 -10953
55073 -42221
-95493 1183
-64458 -43985
72714 -89043
91883 -24987
3179 -96246
-104 -30876
-13457 71061
29592 -54232
35479 -1022
92281 64166
63478 36694
14509 79679
57672 -89796
-97130 27188
51110 87511
93815 45012
6352 73534
-22799 -41526
-52482 42221
-80889 6425
62480 -19220
-2307 90811
-8375 -14014
-98204 -53028
54163 -30845
66722 22722
66396 47218
43299 32156
-99364 -26703
-89603 75471
55963 17423
-94720 -18020
12542 33395
-38666 -15052
-71224 72743
61312 79567
45598 -23473
54040 -27567
-6812 -13298
-80214 -62521
-36012 -7881
10223 5815
84519 -81600
-73021 -34459
1968 48531
-50460 -62278
-76931 85899
7650 28140
6276 98491
-12564 -18212
79523 -40319
-9836 3793
-33812 -24388
-87205 43495
-81197 25510
-27247 54000
5057 61508
-98745 -91573
-82679 38634
50165 486
30517 55177
3843 33347
239 61872
-94162 -72225
78520 61960
-86383 -53706
-51442 55069
-93213 83504
-4991 -28179
-49782 79929
18458 -41659
-96923 -21484
-49822 -48440
-36532 21235
18834 -73094
48338 -35520
-52543 -50292
37790 70842
-79199 -46797
-46179 66827
-66440 33288
53997 92360
-14107 -27771
-45224 47320
-74654 86506
22846 97274
27534 -91178
37762 -70664
78011 -11949
85088 89184
-35800 -10518
-62598 34349
-95448 -24482
96014 37074
30488 -4216
53324 -3853
55260 90043
15536 -93377
18429 -32858
-87110 14890
-26174 -59461
9800 -35917
-86088 -34694
30763 59341
58972 -15220
-76189 -45869
-62697 53003
4751 64469
5844 94872
-20548 -65218
60240 63149
-86864 13356
-57803 77008
43384 -59555
-57053 84766
72916 -62689
8114 74656
-2166 66506
53859 25437
61488 35114
30708 -51193
16145 -79466
-61753 -42566
36240 84822
-48686 -12454
-59577 96932
-95706 -15944
-98339 -71129
-23917 87030
41795 -18981
95713 43388
24911 -90366
36767 -53575
42751 90082
10432 -74153
99043 -90109
6741 -4942
-72922 -97817
-96804 -14035
-50858 25567
87434 -32826
3149 -9901
60576 -75586
33663 -60312
-1810 3994
-47957 -44694
5605 -1348
-36249 -29326
-72370 -18040
-15394 -4471
-93115 -3352
60773 -4870
-71500 -38899
31956 70243
-91709 34016
-9206 47917
-2447 -4295
93497 64610
69675 62780
-21998 -61490
-25085 77661
-74682 -64824
-64083 89427
24476 -46811
8802 -43556
85760 -57829
-51922 -19679
-81517 -89507
70951 -53980
-48250 6426
-20767 57013
-64476 -32594
-44968 38640
-32259 55252
-90544 28188
-97741 528
98111 -49726
-84176 36906
42770 30231
75033 37076
43625 87912
-12066 -49821
-61439 35934
1647 12743
57830 -25456
-45377 -28822
-50844 -65485
-35352 -82083
5499 -19063
-19684 -22110
-84998 54650
36992 -43282
49122 -63898
-47204 -89489
54995 56416
3064 -68812
-74642 -79615
-44664 15804
58697 39189
92755 -74899
-98967 -27100
-13516 -34372
86390 -88884
11993 50916
98824 -3603
24173 -26344
91307 85594
71204 14700
-27812 -3447
25046 62242
97372 84792
71119 98982
-69157 53711
-60548 87490
93304 -98749
41068 25806
-878 -36114
60140 86815
63811 41321
-71399 -21235
-60498 -61755
46231 29314
27899 1332
41032 23614
48670 28770
17994 -15373
89180 -4093
10374 -98594
-52315 -3807
-4863 56530
28380 45958
69188 69566
-94548 -72137
9569 -72158
97753 -21940
-40556 -74819
-3209 -45890
38122 48529
58050 823
94106 -68603
71935 35408
-54836 -66602
-72741 -61865
31299 -92288
-48269 -58807
17024 41026
-62533 -37701
61224 36101
73831 33136
-21629 85026
-96907 65232
-95459 14744
72393 -92189
-5660 -57866
-84763 -49730
33105 28889
97661 -75380
7765 -55591
6574 -4786
92220 -44062
80484 -34
-51363 45951
75224 50765
46457 37682
31649 63681
-44730 71509
92473 13634
-88516 -79297
10826 -22287
-9850 -42073
-93243 -74197
-93457 87646
-49347 -39871
49392 -68130
-91767 -82605
75117 86662
64824 -53923
-41674 -88518
-85510 -86158
-15987 48723
57292 -48283
17387 43217
-62816 -58525
-55327 -59506
-32986 12063
2498 -67200
2998 39737
8516 -60197
44195 45834
47845 -51331
45419 -69233
-96722 -49482
-52021 -69209
-84357 15700
27679 -36543
43690 -35720
-4928 93252
31590 -36273
28040 -49540
76260 43243
-19233 13063
42988 2143
-98290 48533
99267 -70108
20126 31422
-41068 70799
5536 16546
-76950 -76564
93582 -48160
81047 -27077
-84660 -48161
-57359 4689
67741 -6457
37200 -2805
26675 70783
-78971 14885
95454 -88625
42891 -10917
43064 11218
-29176 1671
-59406 -51495
43873 -86219
-95891 -89664
90640 -92667
61886 26598
-38748 -26974
78725 42390
80893 -64280
63647 45703
-12558 -64828
99769 20973
-97983 61900
89574 -90840
42523 12554
38834 -7940
-45136 -14978
27283 -71713
-96472 5643
55306 -78466
-76315 -35385
-77422 -39547
-29777 -51165
39173 -98011
-39519 -76496
-5949 -46059
-89626 -41150
-46261 -40283
87820 1285
-45812 -23914
89515 -27813
-18870 1321
-69499 94109
81070 54100
-28169 -29861
74610 -29303
-74886 53872
37436 -84427
-62246 -37237
-48989 -81089
-95915 37425
-89957 -84971
-52030 13452
8213 23450
90411 -39683
-48498 45309
-95342 -80082
370 -34119
47879 -69052
15398 -60706
-20750 -73943
-12588 70118
-75400 11068
-47879 -55
-92369 74714
-3613 13081
-4591 -52696
-10731 -59604
-30486 40111
-65832 -31392
16594 -88291
-93438 41696
-78129 15783
33573 -55700
52345 7607
32272 27628
-23897 22874
65083 64181
-59193 12197
32426 -65937
29879 5463
-5988 -23707
-34449 -24084
-16060 -40492
-71620 -53991
24174 -29421
72260 63386
48362 51821
-93237 38312
6106 -38610
-99965 22971
42736 40061
47341 -12538
29149 -34893
-65188 78428
-99045 71350
-48394 59575
-8477 84034
74694 67869
48682 -2661
77068 -81391
72793 -49625
31325 5716
83715 -31997
49997 94845
-30763 16637
37240 -15770
75470 44058
-76721 20857
-88268 25722
-33746 22241
3210 29657
4626 42801
-1506 43617
-13726 2437
4257 85296
43005 37671
-92543 45630
20684 -89643
76385 -46604
-5904 -81126
36097 47596
-36522 59188
39899 54924
-71706 -22003
87768 32701
70422 68501
27948 26673
65250 69441
-76522 72459
-79576 -98965
72419 -22338
-80527 -79995
51936 69865
-73309 -62272
87761 -33279
18999 18489
-18545 54774
-57683 16094
-48007 47261
-36406 92496
15313 68279
1287 -49028
39893 -94327
38608 -93011
53372 64835
8919 -61836
-62057 -65042
82513 75720
75381 12050
-35841 -52734
-13013 43517
80455 -64084
79060 2529
40372 10028
5898 50638
1534 35556
5509 -28303
16883 -67083
68399 88253
-65450 45206
82286 -69425
-59575 89802
-60329 46258
-40929 -87085
-16004 76622
-32460 86206
-29856 22647
-37991 -44834
94081 -18522
-72903 97604
-17169 -13182
-31147 62733
-24791 -70347
-79086 -43665
-62786 5026
-39629 -12919
65692 -63027
89206 63547
42548 60213
23810 -76213
-81301 -31866
-35968 3220
-78558 -55964
-36206 7392
-31027 5441
-79850 22296
88751 -2449
-64225 -91453
-43985 81208
-60966 56079
6063 -48694
-75476 63218
17384 -25200
18070 44453
67452 -76047
-62555 -69134
-67489 68544
-65914 -60414
-96115 -99963
59739 2600
-25523 57522
38029 -56172
154 172
334 149
585 438
653 622
434 467
670 217
511 603
318 106
234 358
539 282
161 216
324 536
200 585
514 249
605 318
400 329
389 291
68 470
92 489
682 297
609 547
116 654
146 423
622 136
569 474
325 453
567 295
426 397
429 210
663 467
199 55
92 628
24 333
435 205
237 153
36 505
559 46
92 318
289 237
181 222
269 626
174 626
690 22
184 536
224 22
100 500
342 507
140 565
204 354
511 25
264 596
547 123
179 368
554 655
335 464
164 599
555 517
323 522
78 643
187 27
393 460
469 313
577 246
245 469
104 419
674 35
405 122
563 587
476 588
646 535
230 401
488 253
404 240
389 276
153 85
413 128
386 16
459 564
155 433
439 166
592 396
584 141
495 179
290 489
189 255
325 264
2 126
266 452
79 326
41 432
314 336
633 260
551 522
451 694
163 578
539 170
353 183
434 586
124 18
272 504
549 499
496 458
4 76
146 595
364 626
275 437
328 672
249 453
261 178
385 557
559 145
566 443
327 237
349 45
260 520
410 472
382 64
537 49
29 530
258 560
16 377
635 641
490 623
150 197
492 388
467 418
539 659
328 458
288 121
465 342
84 440
69 521
74 568
331 446
338 588
385 280
556 315
544 245
393 91
443 390
190 486
660 185
368 223
407 285
223 211
387 539
408 86
609 323
226 556
675 202
182 530
625 213
184 70
321 607
546 30
162 614
670 158
79 514
547 508
418 374
699 180
152 516
286 154
376 152
535 381
562 271
337 496
567 233
145 627
387 696
27 161
392 5
695 118
250 431
508 35
120 243
38 506
421 439
589 199
361 371
336 66
537 595
488 113
570 309
117 354
75 143
262 263
490 167
668 503
188 554
60 39
504 441
400 37
686 467
649 241
51 648
612 168
321 573
603 561
177 415
158 170
255 234
550 468
655 604
235 504
93 493
565 160
527 86
371 258
212 281
478 448
232 489
430 587
262 668
548 672
539 566
356 431
1 609
514 268
341 111
3 121
697 165
265 630
79 580
225 123
285 63
414 240
167 1
108 329
621 252
607 29
610 578
529 41
468 291
469 230
5 317
524 86
50 140
28 700
407 465
446 222
187 274
625 216
268 694
169 246
155 610
205 669
554 649
488 272
36 325
613 299
164 339
354 279
252 377
176 310
693 370
393 176
462 305
351 580
268 112
77 299
513 448
146 11
139 334
463 34
46 234
106 250
481 189
150 390
468 215
396 96
273 269
171 291
20 261
379 136
15 189
473 63
75 451
456 406
588 414
558 425
206 635
222 170
306 279
190 389
443 531
555 526
452 632
516 634
363 600
544 632
175 340
509 126
185 442
358 604
340 203
663 384
85 77
595 384
220 543
177 610
314 300
351 288
287 465
539 40
284 231
435 415
23 54
35 364
14 246
362 478
616 618
269 162
509 223
174 667
655 27
562 126
612 241
323 680
606 293
138 466
231 697
140 189
421 700
38 684
190 536
633 66
429 569
591 135
241 18
43 92
681 417
471 552
248 432
558 584
671 342
300 667
486 459
498 90
142 569
504 142
548 587
148 142
268 407
611 120
615 232
334 209
377 378
343 519
465 623
471 442
274 54
204 643
604 270
336 370
242 455
689 73
395 120
498 451
321 552
176 115
247 382
118 550
217 512
309 641
120 22
141 15
299 390
388 153
255 557
663 548
670 143
516 59
63 145
5 177
561 206
534 149
202 651
470 296
177 141
195 412
567 161
365 490
512 425
524 238
328 218
215 437
327 190
46 30
456 424
529 322
153 264
189 29
313 613
559 658
122 155
41 97
338 236
156 359
42 25
562 298
110 134
283 239
417 531
687 230
400 47
233 603
190 43
43 595
660 348
42 675
626 16
129 210
569 537
243 613
272 298
552 515
407 50
118 451
453 243
134 183
243 132
612 61
420 495
149 671
457 88
683 592
209 352
322 79
26 81
181 502
182 633
485 609
493 528
237 485
420 336
157 222
337 128
677 379
284 273
584 456
222 245
652 135
30 263
214 126
615 506
144 404
15 606
38 557
480 398
216 177
262 121
460 697
331 287
96 135
114 271
665 543
200 304
262 137
624 558
332 30
304 673
386 137
336 235
693 182
298 526
67 165
13 247
328 192
611 370
600 660
9 555
634 416
626 606
144 577
632 300
202 30
210 24
540 479
573 633
145 251
502 586
380 324
37 213
123 374
53 434
315 602
570 668
251 396
652 603
520 344
4 127
372 190
342 427
519 4
629 468
476 458
269 678
99 127
232 54
460 530
226 601
268 43
678 37
582 243
74 269
670 447
122 377
367 375
207 662
436 209
250 444
231 657
660 662
457 364
545 479
677 639
314 462
390 530
98 591
582 502
637 370
279 346
14 58
369 478
400 526
378 472
367 319
670 376
356 295
594 669
439 451
298 61
255 481
528 680
194 488
176 64
371 205
116 625
377 435
389 318
128 577
368 419
266 263
665 250
80 618
219 546
340 209
584 382
644 241
276 659
423 625
394 699
62 689
390 518
376 9
293 391
157 180
238 564
224 310
146 341
173 399
420 611
689 536
108 235
385 24
566 90
444 643
295 199
181 87
684 219
421 401
471 254
700 420
597 108
530 510
597 560
117 249
552 594
139 441
321 526
43 677
524 310
558 135
346 645
310 693
81 387
629 113
323 542
116 225
46 358
589 75
19 110
276 173
248 132
45 278
243 182
115 456
121 70
507 187
679 104
590 679
144 616
368 63
25 618
370 29
300 606
331 134
456 542
526 102
515 360
651 510
448 490
81 463
695 492
257 127
521 360
246 219
502 248
309 575
371 664
50 550
675 414
51 105
488 572
228 300
323 85
298 137
595 327
474 276
228 556
638 681
303 392
182 385
404 593
609 18
409 272
366 341
558 432
84 385
372 57
278 11
655 555
327 367
558 327
455 456
249 571
100 224
123 516
175 600
585 311
337 338
509 150
46 8
418 487
66 216
144 287
218 110
441 639
558 140
685 428
101 169
71 284
541 461
444 500
142 629
241 210
382 468
85 594
364 649
475 201
128 524
475 207
156 534
374 471
112 66
590 636
148 528
309 78
672 282
480 387
264 151
181 682
168 458
245 159
579 345
4 225
122 363
470 452
462 354
114 324
530 396
383 39
249 116
54 127
601 244
420 530
321 630
305 130
265 438
71 14
685 51
522 138
279 418
206 143
647 37
149 362
480 162
36 170
441 43
172 552
353 321
380 247
266 673
287 246
52 330
350 665
22 148
458 40
434 675
432 219
652 497
198 239
384 666
8 423
309 69
231 675
524 171
244 656
500 550
267 559
11 311
408 77
555 294
314 379
547 231
155 591
111 103
60 565
274 255
304 663
486 421
409 178
268 366
620 82
266 251
659 63
529 350
425 483
276 574
503 386
123 183
291 557
688 334
210 390
644 445
635 581
281 238
497 153
600 163
37 119
28 271
388 368
416 110
444 480
468 622
430 600
361 528
619 173
579 366
547 649
411 493
663 525
510 546
355 317
301 611
275 586
343 534
279 640
214 219
634 391
172 307
113 246
569 100
438 544
10 34
3 501
279 183
541 421
610 158
364 468
33 595
364 126
342 32
364 340
103 231
59 138
542 263
393 676
278 65
257 141
373 80
265 497
92 595
235 614
492 414
148 294
39 434
81 388
196 525
649 298
421 535
435 19
558 375
530 262
666 236
513 424
178 557
328 409
651 376
500 453
384 418
512 370
25 306
8 634
440 444
254 444
503 22
112 67
318 294
578 67
15 123
491 641
476 40
602 309
231 122
291 260
319 433
517 184
435 326
81 509
120 49
561 348
149 192
411 296
277 212
513 372
525 560
519 396
6 462
448 396
140 573
487 10
248 635
648 697
230 700
273 505
263 689
212 264
88 529
635 700
54 530
272 442
111 105
191 268
234 313
545 223
56 8
618 103
166 140
600 243
226 610
381 369
680 306
247 580
480 336
615 508
536 98
116 192
202 663
687 289
388 678
48 605
310 128
392 329
393 303
520 43
490 84
88 648
10 548
476 635
650 490
593 223
189 84
229 132
507 332
631 47
205 152
391 73
325 236
586 631
62 348
668 507
264 534
429 392
351 232
282 119
351 293
653 398
104 569
196 610
443 339
17 37
222 428
486 664
45 614
324 648
524 165
655 200
476 278
638 525
224 490
545 274
13 687
255 107
94 546
5 407
253 700
631 184
59 309
502 343
289 539
335 577
681 311
494 18
210 189
226 471
32 16
221 692
43 184
378 231
584 240
145 497
660 251
505 345
488 225
387 450
371 593
96 644
621 635
547 430
119 661
674 337
217 109
468 568
35 50
52 41
270 678
497 395
135 497
294 590
694 389
543 275
164 246
343 408
39 305
285 590
408 237
287 47
410 53
20 637
527 299
134 356
286 267
143 207
138 480
81 655
353 573
597 572
629 526
115 246
236 649
224 581
105 595
34 445
11 519
4 310
123 433
629 179
215 543
10 699
135 357
652 72
234 156
365 63
622 624
58 28
86 475
489 490
81 348
73 463
380 387
458 176
600 334
162 560
607 329
378 496
297 74
98 469
318 133
196 552
700 490
518 426
649 134
236 129
699 293
555 344
102 357
682 570
286 698
376 1
242 90
129 677
442 492
70 497
218 83
310 360
429 664
64 129
662 275
431 194
496 386
62 405
158 185
173 176
111 674
86 126
117 12
113 102
667 479
371 196
590 69
566 673
620 578
8 484
193 280
629 513
492 471
224 157
353 378
11 345
426 185
275 246
333 297
425 666
352 234
580 82
3 671
121 468
574 85
443 211
564 207
293 674
186 122
270 695
635 665
678 190
222 421
121 659
479 695
293 358
546 85
162 55
109 278
111 600
229 330
651 157
234 441
489 568
157 33
381 632
282 43
498 619
690 485
144 623
352 199
235 657
250 17
10 330
527 508
451 633
536 687
355 7
54 461
501 423
625 241
641 587
125 44
456 482
231 570
358 626
159 559
157 303
680 7
261 59
200 510
223 88
390 398
564 648
246 99
494 170
237 13
624 32
94 171
561 568
242 498
178 516
643 289
170 603
2 297
271 530
440 315
66 610
273 249
139 163
225 270
317 247
205 474
313 535
138 692
289 584
520 267
82 89
67 391
590 62
427 222
274 299
366 568
227 513
124 78
242 109
588 360
650 175
224 611
162 500
89 592
337 427
646 258
145 108
660 462
291 211
677 518
162 257
469 670
600 456
271 622
300 633
361 145
442 559
185 499
530 413
544 549
503 127
304 213
79 513
216 448
235 454
481 132
35 356
387 536
685 339
454 54
115 552
524 133
640 452
380 391
645 564
527 511
350 522
627 166
145 369
22 675
570 186
179 109
607 604
488 671
516 550
15 446
290 388
460 193
168 15
57 458
273 555
44 422
596 649
556 522
467 382
276 628
417 276
200 135
246 412
524 42
100 324
214 614
180 445
117 94
436 570
390 368
92 483
608 31
452 498
467 456
383 40
539 502
85 615
577 596
393 509
557 69
183 428
668 192
204 472
46 122
420 40
431 537
685 103
190 524
153 112
186 305
80 271
34 502
267 347
66 282
513 126
320 338
209 492
82 391
184 504
102 563
1 145
472 391
528 175
280 118
430 206
557 167
681 656
80 406
643 131
32 230
313 159
644 240
87 14
172 371
28 649
698 611
440 380
16 125
374 670
306 583
441 273
349 104
360 637
548 331
479 508
392 430
261 324
51 336
518 107
15 402
625 10
327 539
101 210
497 472
335 181
581 225
153 169
74 332
229 2
48 100
413 378
452 336
427 28
254 24
511 90
592 343
659 576
622 481
90 674
138 181
514 256
319 486
654 496
49 575
454 472
67 370
122 98
114 529
278 146
194 149
693 322
160 135
592 18
88 236
438 663
191 195
252 521
551 695
105 415
204 350
261 554
456 338
282 171
545 80
372 420
274 617
216 72
523 627
668 471
581 680
416 646
360 275
689 441
639 58
193 361
190 107
678 211
86 87
206 59
677 669
96 61
128 167
193 552
123 466
448 412
670 80
303 538
31 579
440 136
175 230
634 698
457 3
524 16
459 579
244 474
262 248
429 127
349 619
676 96
99 445
332 168
411 297
492 31
419 692
236 69
80 158
625 379
193 632
484 4
527 87
118 568
699 101
302 440
553 340
647 234
101 587
522 20
438 297
556 249
367 489
310 104
2 543
375 238
315 372
218 74
670 192
536 257
226 154
474 539
325 135
609 332
622 12
14 94
172 25
376 219
182 12
350 164
303 24
433 516
624 388
37 156
643 593
287 676
297 370
46 139
698 194
577 394
45 206
114 307
244 332
72 118
166 369
399 566
439 360
542 267
276 427
135 264
520 688
576 301
149 401
643 225
241 475
594 164
665 164
424 358
613 39
406 28
314 294
687 146
599 373
424 133
465 666
495 174
104 665
165 248
479 518
566 348
302 275
474 46
557 263
415 259
453 693
662 55
249 339
618 570
536 225
440 237
591 239
616 54
511 471
391 577
47 530
351 427
270 437
236 308
279 40
299 2
23 257
493 85
54 599
197 563
227 416
31 70
451 100
665 367
506 60
327 51
141 203
300 248
414 642
607 121
539 518
266 90
259 80
210 146
467 78
335 52
319 357
352 112
125 258
555 122
84 542
695 598
488 459
332 164
466 599
489 697
666 498
294 512
58 529
649 562
419 604
80 682
247 619
603 531
471 455
535 79
112 605
505 582
403 300
694 85
680 603
398 556
172 647
447 114
585 396
635 569
573 499
251 24
242 625
596 614
372 96
478 524
86 64
13 79
531 279
621 482
216 120
19 338
419 681
479 690
143 321
637 199
468 462
101 441
626 415
197 119
147 601
313 113
23 361
277 472
673 494
374 394
18 226
665 321
343 370
257 322
527 531
376 286
574 510
501 514
470 409
46 675
615 414
360 536
479 365
535 102
210 118
313 445
533 448
649 639
385 261
639 386
648 455
335 236
274 60
655 170
421 694
520 623
357 549
519 430
311 622
276 299
315 659
470 356
231 496
699 619
154 378
625 567
376 331
537 420
335 435
589 29
331 184
688 676
606 68
269 152
668 19
113 324
243 476
609 62
615 119
24 480
674 345
93 551
455 205
677 49
364 500
550 667
84 268
605 291
687 548
633 446
398 479
197 584
201 657
615 686
404 75
188 487
70 410
294 422
67 502
626 623
154 8
265 687
265 351
527 46
553 292
657 152
71 266
134 231
360 487
250 292
349 438
606 139
52 315
459 337
187 404
661 406
683 203
540 430
55 269
152 675
600 697
620 356
156 129
537 29
98 451
516 365
489 19
174 2
458 444
88 33
331 563
258 537
366 378
119 533
598 652
337 589
569 156
544 198
102 354
180 667
114 503
115 30
18 244
84 509
694 328
620 544
134 371
13 276
125 273
174 375
189 447
305 358
34 318
268 311
134 386
661 69
604 471
244 192
109 406
584 454
610 596
359 516
56 296
197 618
570 525
59 52
203 700
176 180
95 591
698 589
535 71
315 228
334 41
554 347
689 559
5 297
477 406
129 49
436 5
461 353
554 322
521 625
407 43
204 579
465 681
655 258
120 446
486 619
679 99
682 534
596 297
386 414
53 489
676 123
341 194
268 542
604 679
467 293
12 63
529 700
353 450
2 444
510 215
96 167
58 67
321 514
585 138
292 106
210 59
249 582
330 454
338 102
182 9
420 33
159 397
504 148
585 112
586 574
588 643
504 278
193 546
579 610
437 386
261 526
103 242
286 61
649 307
157 453
52 407
303 145
420 23
309 236
184 441
558 325
393 46
378 455
204 494
652 297
317 420
170 526
368 77
499 224
310 598
421 17
465 325
582 257
45 512
167 481
592 280
485 581
397 305
29 47
285 608
240 523
28 2
243 220
519 421
3 595
63 632
66 463
549 94
645 689
174 551
42 238
68 358
463 431
413 540
541 559
493 632
496 50
32 574
462 668
95 644
170 422
461 251
639 598
346 91
606 154
222 42
155 250
580 112
600 541
468 103
523 272
5 387
61 597
646 357
360 643
604 226
675 375
181 178
153 73
53 617
65 679
536 53
260 330
51 641
118 565
1 551
392 468
137 28
320 474
333 164
376 320
349 554
444 310
218 220
173 146
623 595
98 506
374 608
668 83
352 163
457 528
111 613
254 607
9 19
693 94
276 287
134 310
110 540
492 270
240 125
128 108
473 552
434 173
683 79
361 266
501 168
291 517
556 178
353 432
270 276
242 130
417 198
663 273
560 659
121 32
53 156
382 152
483 265
510 357
21 645
620 259
85 320
655 468
72 346
274 10
21 514
147 393
658 272
161 15
202 352
587 538
587 98
85 325
50 517
91 649
352 572
90 509
646 312
588 269
68 532
590 464
646 441
477 296
507 622
439 287
680 614
388 281
85 231
661 698
48 275
197 610
253 1
422 700
405 430
332 600
408 397
260 365
604 184
33 454
191 187
231 678
264 248
223 432
51 89
370 499
84 541
253 190
365 21
406 680
203 15
479 635
383 675
203 405
60 409
375 279
480 238
553 641
617 691
34 428
150 505
241 146
196 197
419 466
317 636
592 76
131 531
302 369
335 99
91 165
682 17
485 621
261 441
311 491
169 290
1 219
314 446
652 667
239 207
486 621
492 69
234 261
520 404
81 290
623 408
320 679
649 270
454 171
448 629
555 394
399 289
594 507
182 177
275 573
540 575
664 120
437 5
335 330
388 172
335 12
369 418
688 429
699 367
369 15
61 562
450 420
12 217
435 617
351 161
322 229
140 493
511 226
162 159
523 181
390 171
25 37
315 87
3 263
539 319
446 496
436 42
469 170
121 412
589 313
256 334
431 197
417 185
357 105
233 655
47 592
141 478
54 637
125 137
172 614
41 281
418 197
488 271
671 492
225 300
335 270
103 312
82 453
493 255
693 442
433 327
503 415
327 492
285 521
496 671
417 393
193 685
47 353
324 395
350 408
529 560
95 267
397 42
423 667
456 172
62 435
485 166
494 496
585 694
530 229
97 504
440 546
298 33
345 489
567 173
125 576
18 229
45 660
207 353
367 669
660 30
458 606
260 176
49 413
205 687
207 561
643 370
40 338
274 387
698 98
94 185
379 370
133 434
494 481
157 244
461 380
256 546
297 661
697 607
657 419
303 520
164 57
317 385
411 520
304 8
37 671
98 522
606 342
102 696
210 465
689 179
533 366
625 175
298 237
618 59
184 644
12 303
275 624
342 280
18 309
240 395
409 425
429 165
305 28
267 476
47 525
183 66
213 245
657 550
259 1
371 19
465 410
544 101
198 478
447 53
609 247
118 461
672 591
45 272
343 208
171 377
92 136
195 664
231 452
272 289
250 300
512 402
38 551
200 688
13 463
129 145
137 303
204 467
13 8
105 172
224 122
664 155
408 381
582 545
71 542
311 337
419 112
607 157
418 96
274 455
286 662
397 657
308 592
466 388
404 434
29 472
76 16
166 66
606 601
526 25
63 347
506 305
268 683
433 147
124 340
501 458
216 652
432 317
108 622
657 277
117 510
524 324
2 671
144 651
223 144
590 211
367 86
344 557
150 585
591 102
183 472
618 420
362 333
616 65
225 468
122 394
180 378
474 293
41 327
585 139
174 657
610 398
10 638
378 374
267 81
405 180
391 483
194 390
512 504
552 513
300 79
575 120
440 447
349 62
60 140
168 408
111 180
435 399
103 322
37 509
92 41
137 127
76 527
471 649
80 258
665 24
3 20
356 73
244 354
195 215
671 396
128 59
611 502
680 30
488 613
622 667
63 606
358 193
442 31
61 254
168 147
75 588
557 83
512 336
567 102
696 116
547 637
339 640
487 368
250 700
594 560
214 435
68 289
46 509
369 69
401 332
355 63
524 700
327 72
102 13
575 300
113 569
397 328
184 545
340 1
333 455
664 605
63 118
652 226
193 254
118 442
543 471
77 116
351 368
524 403
211 696
214 298
382 171
546 367
527 294
559 100
164 521
371 489
219 254
85 45
490 216
60 306
95 568
83 58
66 251
84 433
599 452
662 370
302 188
423 314
179 73
611 621
347 391
502 363
603 21
57 425
143 365
337 510
358 473
535 596
519 509
558 210
429 450
3 553
110 409
139 157
175 127
269 364
597 252
429 405
148 287
444 354
175 387
304 330
381 596
73 621
652 496
309 269
470 689
300 658
643 628
136 472
70 419
14 523
7 330
616 508
215 149
80 107
491 314
115 460
232 76
366 619
394 529
576 334
548 271
606 97
25 74
602 606
618 431
558 686
262 516
29 352
428 1
285 630
129 485
100 470
323 621
221 631
350 245
535 485
205 81
507 112
364 12
71 178
18 647
687 307
21 313
173 478
387 571
319 124
25 568
504 371
564 597
265 39
322 594
107 437
358 449
175 605
209 6
9 156
67 247
382 94
560 681
467 306
280 313
29 437
546 470
377 34
616 215
250 242
334 521
79 232
523 135
574 682
507 675
695 579
83 45
38 206
333 357
133 414
159 320
531 558
131 413
130 13
7 639
636 331
92 335
353 103
84 643
678 693
320 445
192 18
437 381
682 518
320 452
585 683
235 109
337 158
110 516
348 534
170 46
534 274
682 361
428 672
398 334
303 506
585 202
373 697
599 529
670 401
346 301
359 579
567 508
61 459
572 78
255 59
130 217
137 26
285 460
230 518
486 692
133 438
300 696
617 326
83 22
128 556
603 667
674 602
119 161
292 175
310 565
530 89
627 103
286 92
474 361
666 585
605 341
553 488
91 566
646 130
168 162
33 318
697 578
64 564
334 646
682 473
439 478
545 388
559 431
188 585
253 272
403 464
148 507
556 591
598 174
696 336
517 250
510 290
78 129
664 403
204 421
585 336
690 59
289 451
450 30
114 188
215 565
287 480
447 476
451 240
403 688
582 605
165 677
10 37
521 97
601 294
332 604
56 80
586 518
442 386
289 391
182 542
620 266
462 351
483 30
562 38
277 43
101 676
361 76
145 6
251 253
366 697
229 365
174 590
656 316
511 505
693 170
504 562
530 177
213 155
333 238
558 66
403 560
217 44
318 21
392 493
311 313
1 619
544 269
545 509
385 231
305 52
110 467
382 588
90 420
548 81
21 526
116 421
659 65
329 18
441 605
439 117
319 424
217 462
274 510
205 76
307 410
544 270
565 85
199 603
155 108
546 699
673 292
449 370
41 653
510 661
607 503
296 587
187 131
553 246
604 322
555 363
444 93
211 63
471 581
650 552
395 643
657 457
373 342
450 191
685 265
448 252
2 506
276 144
268 667
362 630
615 447
471 243
392 679
93 270
573 385
643 16
472 196
518 182
137 307
350 340
435 361
689 17
624 122
496 357
224 29
90 441
568 354
637 394
386 457
631 591
92 104
331 143
262 687
525 620
453 527
159 539
392 294
498 290
696 383
361 580
372 287
163 592
316 305
117 422
440 518
167 261
120 319
668 115
202 583
445 268
576 611
618 556
662 40
342 87
310 240
599 126
683 197
52 217
454 460
164 62
485 540
548 179
21 158
551 545
101 338
529 398
89 218
510 459
63 525
31 201
416 5
624 129
256 99
276 101
308 181
548 487
438 249
676 337
201 409
184 166
8 150
389 613
497 176
553 242
700 418
216 504
180 610
223 555
505 349
332 438
210 578
397 668
124 23
68 11
563 504
513 450
300 240
534 453
232 577
367 428
394 366
141 17
658 303
371 109
550 150
57 315
279 165
560 406
529 611
143 312
603 495
625 617
25 244
380 562
377 356
162 9
284 598
246 516
177 456
649 290
444 78
523 192
200 558
150 287
407 471
340 665
186 429
627 81
45 136
155 93
15 261
317 569
333 36
104 241
314 131
586 447
558 317
285 592
441 541
695 260
518 377
230 180
599 334
630 432
615 65
174 318
499 669
27 195
340 554
44 265
633 461
672 318
577 55
73 80
156 131
312 475
92 347
339 579
670 673
503 644
198 430
533 33
69 318
382 411
23 105
96 589
13 614
638 129
381 111
178 87
689 650
453 151
647 305
207 632
568 396
647 303
660 80
72 599
480 668
77 294
218 619
342 492
112 674
189 664
274 269
315 121
277 162
33 596
355 103
603 107
314 624
455 237
521 198
183 426
6 644
60 117
150 259
645 443
481 219
599 647
67 478
522 325
465 99
150 501
399 6
587 636
136 191
151 446
231 463
217 55
254 69
628 118
503 441
258 468
455 439
20 183
230 251
107 336
22 154
467 443
408 568
585 667
463 551
505 578
272 628
230 373
159 215
205 548
240 52
583 124
288 324
260 217
382 119
123 544
379 192
36 556
470 633
225 255
405 73
113 8
356 145
453 360
64 105
656 84
146 556
20 142
180 659
648 652
471 107
435 490
695 420
101 342
508 201
336 473
632 416
543 265
529 224
145 283
523 367
506 411
190 309
376 243
141 567
658 172
617 180
375 498
132 371
651 114
320 648
387 555
456 397
325 343
446 418
398 263
163 557
236 448
509 395
112 644
601 571
94 625
486 394
392 180
475 18
256 431
58 170
118 667
259 82
484 467
574 307
404 283
615 195
575 644
563 129
292 489
448 41
284 607
526 320
80 437
568 405
155 37
223 361
62 498
7 495
263 608
456 329
429 271
326 453
486 497
534 216
378 485
292 319
409 653
481 107
610 285
320 395
474 364
58 199
421 639
341 557
176 408
661 450
309 58
90 422
92 345
209 42
435 88
661 657
227 79
147 304
12 72
545 176
623 303
381 2
426 159
24 223
330 429
497 334
466 361
92 193
47 496
2 483
328 655
462 177
39 651
157 213
395 188
274 567
8 653
66 3
449 413
623 496
93 693
373 444
249 348
684 639
654 98
530 567
276 124
530 503
456 404
556 336
221 167
324 212
472 95
454 165
261 143
146 364
635 462
631 5
57 361
516 25
301 667
338 403
513 437
177 315
422 169
561 524
20 96
189 695
345 627
588 293
88 411
445 486
126 673
466 449
242 212
680 424
59 582
635 44
433 525
95 520
169 372
12 459
115 391
625 626
279 436
307 254
158 147
539 279
382 376
525 376
430 121
79 315
179 105
510 220
583 56
129 178
678 67
640 608
81 92
184 237
24 378
434 441
446 116
151 676
139 596
592 460
452 332
3 554
456 388
233 422
335 56
615 62
557 24
382 307
246 410
342 15
657 525
529 126
21 512
499 252
298 15
54 224
416 187
435 117
690 695
663 454
395 259
584 249
604 45
600 247
481 422
202 104
382 246
246 570
191 124
678 336
2 418
248 122
361 442
340 102
96 190
315 117
637 205
309 453
301 376
625 492
678 157
80 46
383 237
314 135
206 406
554 359
87 84
400 336
522 577
431 481
167 422
675 321
690 152
85 631
419 470
347 366
406 130
121 283
250 202
533 506
374 208
413 619
112 47
541 168
308 507
368 641
139 259
275 67
26 86
609 35
109 345
290 153
278 261
18 383
23 272
531 695
624 659
91 327
493 655
397 407
176 18
603 592
621 142
279 268
489 571
275 286
644 568
462 141
639 167
299 40
375 325
401 286
695 323
391 35
199 339
392 523
677 557
437 625
573 219
173 192
156 465
365 385
223 79
116 328
654 697
378 276
459 580
685 577
310 507
52 508
587 487
511 24
97 100
40 679
508 468
269 156
353 439
124 349
159 282
204 279
46 146
166 574
67 700
202 35
640 214
698 280
527 595
359 313
560 55
627 331
317 406
116 618
633 413
237 358
622 660
155 597
295 293
639 111
88 204
700 86
495 39
370 438
345 582
456 470
384 155
424 480
632 33
626 679
4 596
485 585
691 550
101 574
101 14
494 202
602 497
335 2
47 674
370 446
328 17
559 222
460 211
328 167
179 208
172 605
573 311
557 467
340 648
205 133
468 143
384 21
641 55
298 507
22 211
16 378
101 682
139 378
558 293
201 602
419 50
679 256
453 602
378 623
356 446
289 586
649 166
424 698
598 654
678 289
622 109
359 58
114 545
523 349
308 590
152 509
372 388
687 346
589 433
93 53
245 37
488 364
111 670
296 602
524 172
212 233
295 604
447 465
7 387
515 335
591 201
208 354
195 267
285 23
688 648
138 478
97 391
373 155
540 601
130 103
140 337
323 568
263 598
517 488
627 616
411 2
638 383
317 251
544 62
561 386
274 241
161 224
138 167
301 550
99 644
317 417
554 115
101 200
367 201
637 647
476 76
401 322
379 11
571 413
439 188
165 100
536 438
329 229
653 691
39 205
339 321
335 316
425 477
475 229
196 149
360 664
233 238
490 414
63 490
318 338
151 693
169 344
160 512
93 5
543 696
253 265
14 220
288 553
578 29
570 639
629 419
102 134
474 229
624 698
70 437
604 376
390 48
12 408
567 23
297 525
643 329
513 522
85 150
325 637
218 654
443 508
108 48
15 196
42 322
212 163
97 572
437 94
287 313
511 513
543 233
101 137
513 535
362 18
74 87
375 429
19 387
353 270
448 380
113 252
541 530
69 390
33 538
573 495
139 52
223 525
76 209
397 276
248 525
120 109
31 624
583 284
693 433
670 102
453 273
347 669
406 27
253 566
201 573
467 465
675 313
118 29
55 264
369 514
276 577
363 165
391 242
639 638
507 588
243 274
536 509
287 552
294 43
125 58
26 395
502 125
427 60
103 611
320 236
348 318
433 521
130 530
409 259
188 462
349 184
132 27
2 298
429 321
676 367
511 246
323 518
469 533
35 585
573 98
163 667
527 648
571 428
301 425
696 156
99 316
598 313
144 233
686 275
105 579
166 399
392 657
638 100
449 245
360 560
589 257
46 194
459 237
393 70
532 498
29 193
467 93
320 677
620 396
601 113
542 45
113 311
653 423
696 631
588 472
338 576
463 676
470 226
369 116
433 496
609 695
492 34
472 438
560 306
121 59
359 481
657 272
651 128
500 268
678 523
658 196
562 52
222 539
356 120
206 29
601 400
20 531
509 83
614 309
126 458
78 71
680 633
231 609
536 28
13 546
469 436
588 219
264 387
315 504
272 163
476 203
275 496
89 64
279 39
379 442
101 459
335 209
154 220
594 21
391 256
696 370
87 100
496 534
532 451
30 329
60 235
50 593
189 35
134 496
36 284
189 153
270 620
652 523
64 97
491 267
544 509
426 695
653 227
197 449
75 346
497 319
153 286
418 285
456 102
423 71
490 559
343 571
286 279
582 548
272 487
205 99
68 37
150 478
156 438
98 459
584 199
363 442
429 84
470 300
479 694
565 224
56 161
132 403
97 568
371 524
379 242
374 474
190 561
477 515
433 608
457 638
544 429
407 452
341 680
489 314
634 78
354 432
51 181
203 296
668 430
253 693
567 582
465 77
629 628
452 255
41 664
170 43
81 593
581 494
478 522
321 287
508 625
413 52
467 140
362 629
280 55
615 72
504 240
109 499
173 684
602 226
226 338
57 605
378 162
463 115
415 350
659 683
154 263
209 151
490 510
286 27
494 446
158 263
510 188
490 116
491 176
29 83
129 235
72 200
237 502
675 185
12 39
226 532
178 686
132 41
54 334
137 120
235 399
246 152
458 676
410 620
371 492
412 154
13 678
495 389
85 418
600 141
567 29
418 607
658 304
1 178
4 331
595 366
498 497
33 80
159 2
549 586
14 228
452 471
342 78
292 146
312 470
608 329
15 700
423 691
526 134
615 222
289 223
7 521
263 633
97 184
551 278
270 518
159 9
501 160
175 260
602 521
667 431
383 407
70 696
544 674
248 192
697 148
261 120
216 62
500 81
587 288
249 528
300 297
14 192
277 654
546 403
123 481
152 507
493 484
23 39
445 53
5 502
428 91
139 432
326 141
521 485
635 11
258 409
450 601
360 140
678 80
385 76
203 660
3 606
415 331
141 448
665 610
305 633
173 438
55 646
48 184
394 503
597 320
627 390
48 381
323 469
327 651
361 227
206 681
369 668
19 222
666 455
32 212
320 218
660 269
553 166
274 621
411 461
99 42
662 80
647 319
77 578
431 464
89 682
4 388
441 94
385 688
405 363
580 104
223 406
671 104
21 487
530 618
500 183
604 426
691 182
446 553
158 362
119 76
297 296
658 214
526 99
635 459
14 182
648 428
21 407
652 583
108 687
343 155
270 623
418 263
414 456
13 32
280 290
690 521
456 399
157 251
279 393
520 596
198 225
567 188
341 383
530 346
576 412
431 186
132 81
269 106
109 398
398 5
490 163
143 536
280 395
67 562
382 116
594 438
670 641
372 120
7 504
243 668
520 61
426 408
452 165
614 222
156 322
647 503
56 388
332 300
309 60
474 264
234 139
509 558
442 509
56 467
362 266
257 341
50 46
462 8
263 288
48 603
229 680
459 622
585 13
32 606
494 269
643 85
554 318
364 689
140 666
161 205
456 53
267 342
245 546
397 451
607 354
578 570
109 208
579 619
199 119
466 268
244 691
658 97
185 480
520 185
82 619
348 334
163 228
7 482
23 146
76 588
329 149
122 89
458 646
338 17
482 589
132 359
469 427
211 527
429 284
670 41
556 139
515 350
299 269
211 400
538 652
411 345
325 404
625 685
226 451
403 665
17 120
214 101
82 188
427 311
400 295
553 68
285 429
268 364
681 576
528 674
493 307
371 248
162 688
260 541
306 223
469 214
626 15
446 363
575 187
380 220
461 700
31 563
345 386
87 629
162 149
410 430
326 464
366 215
5 363
632 397
303 308
174 336
684 401
375 568
89 607
524 376
426 242
393 112
229 198
278 36
186 532
690 157
28 291
55 489
330 212
624 276
493 230
182 647
375 317
673 587
551 208
595 222
480 255
471 230
286 144
297 408
437 323
34 598
214 643
225 528
84 660
403 386
586 444
338 165
320 420
476 673
282 419
448 281
231 54
453 171
535 101
425 163
52 477
169 690
88 272
639 142
426 615
687 225
432 160
281 275
73 429
387 346
82 237
403 382
434 328
688 365
566 263
164 178
132 103
121 204
345 116
186 272
176 22
174 117
309 579
469 560
408 687
522 141
438 260
586 99
228 136
465 424
211 102
149 240
68 109
31 547
274 551
84 348
669 522
86 507
442 81
407 347
610 483
574 427
552 231
86 100
490 8
99 697
220 354
692 470
124 399
236 24
276 219
332 502
90 262
463 520
159 339
3 8
675 38
531 90
428 700
557 369
623 207
251 376
297 285
130 344
280 215
144 611
585 487
368 623
133 139
453 198
330 42
633 647
434 131
459 82
359 11
259 238
359 620
688 299
198 284
380 632
313 221
545 419
534 227
239 444
674 348
386 426
665 378
260 222
292 613
313 505
574 294
385 435
419 207
698 206
60 577
118 683
430 475
370 510
617 391
589 533
306 511
281 551
309 19
297 573
488 263
273 586
428 343
316 531
383 516
654 44
371 176
434 621
275 637
537 634
575 269
463 542
341 125
494 573
592 123
626 337
508 413
472 265
339 387
300 689
453 281
514 16
276 648
80 174
180 502
270 97
321 396
476 409
195 332
29 128
667 273
660 514
454 294
317 2
161 166
268 679
620 606
504 539
441 394
466 631
482 623
317 266
54 83
526 560
19 547
437 33
264 423
495 121
51 90
638 232
583 356
659 293
246 518
572 118
223 155
368 45
202 334
447 612
275 535
141 611
230 15
115 401
343 543
533 194
114 344
367 39
460 522
440 275
373 588
110 543
546 300
206 585
505 52
63 545
362 694
343 322
614 642
589 130
523 375
154 604
110 636
436 301
217 289
306 20
29 258
190 564
414 566
589 610
327 247
137 95
22 245
666 327
66 160
361 369
215 595
352 41
459 453
419 538
110 655
457 670
304 661
677 5
578 28
482 174
423 279
325 7
347 303
65 160
52 492
324 136
561 4
91 440
133 310
70 29
449 356
109 91
18 296
582 167
632 502
128 528
208 190
693 655
523 689
596 498
160 492
110 677
294 156
685 697
699 609
499 474
206 79
154 501
31 493
360 396
189 243
469 632
152 663
259 335
586 389
226 377
554 226
218 184
40 658
518 87
346 441
688 423
139 649
510 295
97 300
329 184
580 167
79 365
282 196
555 289
461 181
511 292
567 520
175 315
518 626
56 634
613 479
455 157
476 631
524 600
16 636
672 387
331 71
350 139
624 409
399 502
653 454
138 383
276 531
232 331
252 188
693 511
362 337
460 284
651 416
214 386
493 437
297 257
442 233
428 45
478 325
45 490
270 235
331 549
597 297
407 415
575 368
341 676
258 253
480 16
696 272
56 460
505 656
466 117
603 306
423 409
45 557
157 164
70 324
536 107
203 597
587 372
392 433
682 237
122 560
324 231
271 159
103 460
193 659
565 279
225 220
668 288
414 320
157 524
525 80
218 381
248 675
492 540
294 119
604 179
501 24
157 435
2 393
659 236
669 491
65 367
306 222
4 492
481 346
68 674
384 305
520 13
462 25
255 305
256 90
464 340
590 562
139 678
269 652
83 235
194 19
430 53
683 556
6 639
336 223
233 689
608 391
381 244
429 57
75 340
106 686
13 77
336 494
532 388
245 307
217 132
117 548
644 517
653 246
274 639
495 201
220 502
523 562
412 642
48 475
676 378
387 330
456 543
467 185
23 562
151 216
647 255
58 655
541 593
119 220
350 128
107 487
164 570
410 357
155 540
328 677
467 46
468 234
656 129
158 598
315 492
34 366
428 607
535 280
681 68
680 158
671 696
266 289
617 270
136 667
573 577
465 698
113 370
83 72
651 421
29 357
139 526
599 569
349 573
499 189
635 39
678 582
566 464
629 140
399 55
300 498
384 279
7 589
49 186
330 262
323 612
326 570
658 114
317 463
662 136
149 651
283 79
112 192
240 420
276 623
365 526
504 151
375 1
420 542
517 237
597 98
609 253
187 374
539 606
491 253
242 436
636 589
164 459
465 429
478 411
502 642
220 395
56 402
202 575
23 413
101 475
61 448
664 8
89 499
537 251
292 513
383 507
422 290
170 207
3 476
617 140
164 193
465 538
114 213
694 348
31 58
102 64
259 451
191 521
44 603
213 456
35 521
164 156
594 223
301 50
18 645
565 33
686 31
552 489
632 569
79 520
38 600
61 348
132 449
529 592
325 91
484 306
137 591
245 16
643 676
354 46
163 427
215 664
554 153
395 218
207 653
306 675
191 512
642 674
199 372
392 511
58 77
643 258
35 472
454 249
415 607
634 524
470 239
627 218
192 97
66 195
195 238
361 581
65 628
47 666
571 284
144 461
273 639
126 24
282 466
257 664
258 398
298 690
449 659
571 16
582 437
54 245
233 626
375 297
507 505
624 600
615 373
21 362
386 398
634 479
370 679
493 135
382 243
654 61
204 645
444 366
626 547
479 266
142 483
109 111
375 423
6 480
342 255
274 81
331 526
585 427
149 308
417 254
379 564
600 691
333 216
272 511
203 52
135 286
109 43
501 113
57 577
266 681
421 296
351 322
666 444
518 57
32 50
527 131
323 637
509 97
508 488
18 405
42 533
428 393
518 501
587 666
83 383
606 23
533 203
680 453
423 673
27 285
51 626
413 264
5 611
590 668
608 393
40 335
366 355
663 20
395 552
575 102
408 249
502 137
514 497
196 271
101 379
680 567
494 471
438 564
412 245
151 114
463 482
96 582
198 700
158 441
196 465
636 50
172 339
612 428
423 699
126 189
220 540
454 146
417 541
60 619
495 623
164 555
54 453
577 414
40 551
186 170
658 461
673 173
553 317
546 113
497 587
481 351
531 60
585 560
142 98
87 52
162 538
685 81
275 627
635 629
579 284
583 568
455 386
80 145
469 534
209 134
220 48
549 585
443 215
9 636
130 423
484 280
209 235
62 629
633 636
272 472
90 494
529 522
379 174
670 49
101 458
436 481
153 545
11 412
519 439
324 689
309 263
615 343
235 197
383 698
390 410
55 497
179 173
624 362
42 654
204 287
29 596
591 340
663 625
572 108
158 114
115 633
378 44
499 190
392 280
48 574
439 404
700 427
562 93
281 100
505 467
555 496
147 326
457 83
659 583
439 227
181 11
7 419
187 83
484 293
323 24
627 648
504 322
178 653
268 243
608 382
531 23
148 408
40 347
501 623
148 81
472 459
315 45
130 165
280 50
256 434
160 164
492 629
517 215
435 119
120 388
420 10
682 107
384 427
338 119
273 227
364 200
107 292
339 358
633 581
507 364
468 83
675 48
330 63
567 236
315 314
30 496
384 409
569 450
233 624
215 644
238 168
304 534
535 499
361 508
118 694
215 492
687 14
386 290
232 445
484 407
238 215
198 317
257 444
64 49
230 698
104 195
369 589
165 334
343 182
22 96
254 412
638 76
474 353
300 192
348 171
316 365
577 405
582 466
648 593
108 574
205 313
605 304
142 134
543 191
445 264
622 148
470 639
640 624
462 27
88 255
42 65
407 590
672 287
261 75
59 391
558 155
306 128
631 422
467 424
131 145
636 696
167 217
525 35
15 195
73 159
189 629
291 643
239 593
49 562
282 67
460 477
119 261
383 500
504 537
700 368
246 473
334 538
402 274
262 212
315 150
233 169
489 300
75 349
660 489
492 497
276 60
242 364
375 511
59 464
547 141
494 249
604 657
383 243
466 249
552 509
364 436
657 334
616 82
44 558
51 28
179 36
697 79
189 275
103 102
565 228
77 145
650 284
111 630
570 633
573 626
445 598
636 561
529 336
550 669
409 321
672 223
436 291
540 213
438 322
232 668
698 599
452 614
544 258
651 299
625 9
435 624
344 363
244 652
102 140
314 577
629 436
550 120
19 225
79 373
689 69
339 614
179 410
264 179
453 211
616 80
618 26
109 173
520 179
639 59
519 473
482 458
395 441
143 6
106 210
488 327
196 418
338 400
21 172
83 446
640 277
473 265
653 94
100 23
599 127
404 666
301 276
305 72
343 191
552 457
190 136
196 215
230 45
565 683
609 171
224 354
569 140
654 196
642 526
265 218
635 521
402 13
390 37
565 63
303 670
227 617
442 416
292 78
29 444
109 687
89 442
184 49
79 640
101 243
373 607
549 98
291 40
328 560
601 88
24 346
251 311
165 149
595 611
50 366
328 45
195 655
140 340
203 620
316 423
248 95
467 364
554 328
265 530
412 340
409 305
294 623
487 340
526 540
387 527
376 206
584 63
524 9
462 289
248 136
86 238
630 533
102 246
687 619
640 552
383 650
35 388
199 100
209 38
628 52
117 104
622 123
84 400
323 90
660 68
230 199
378 50
241 339
318 491
204 217
692 161
601 241
285 320
675 123
411 409
215 541
529 528
321 333
682 496
518 583
610 103
222 22
333 288
202 191
172 389
507 438
554 384
373 611
210 484
508 203
649 464
678 396
170 541
672 217
249 532
597 226
189 297
232 520
220 600
164 556
350 489
355 80
3 570
438 390
315 152
93 652
13 606
87 59
646 496
588 473
493 658
568 44
111 395
300 501
294 293
646 577
61 172
491 424
556 121
2 485
54 13
31 490
426 10
455 214
645 695
343 531
582 34
97 341
164 337
348 155
126 54
80 372
88 228
476 208
5 658
474 697
588 82
328 332
304 699
628 581
70 248
410 147
74 326
159 488
266 357
472 298
372 351
221 231
197 379
409 48
678 10
377 401
128 178
28 315
613 569
529 573
644 390
628 620
128 265
317 210
481 480
325 157
662 448
531 687
261 100
236 547
304 34
201 109
649 319
285 635
181 122
205 489
269 201
120 620
82 383
505 158
274 272
640 193
554 315
577 482
655 406
417 93
193 494
600 673
376 438
674 223
674 620
70 433
133 172
81 699
324 439
595 139
366 323
381 96
160 270
55 290
670 150
346 519
452 681
43 401
546 556
690 502
647 241
528 469
682 300
129 581
519 266
557 570
397 139
69 508
382 255
206 484
53 607
693 579
210 163
631 129
304 340
575 26
666 175
501 372
128 696
652 521
96 534
585 239
600 646
482 183
247 211
182 463
281 117
514 462
37 341
311 691
107 160
57 301
4 27
140 226
239 632
620 688
143 668
260 645
146 253
554 376
601 264
576 72
120 687
480 396
494 285
323 176
418 246
117 619
548 491
433 146
595 133
494 128
58 431
554 30
413 651
634 169
670 325
277 451
593 465
290 675
138 629
497 188
388 75
197 465
395 507
122 133
685 540
665 242
299 318
135 374
173 59
576 350
395 458
358 206
567 254
102 251
95 295
694 192
327 219
390 323
12 213
483 582
388 156
609 551
535 285
458 636
37 446
537 473
273 628
588 173
114 656
429 118
328 124
70 258
181 641
317 250
82 638
29 367
439 566
399 507
214 377
57 202
287 483
550 145
544 469
554 648
297 435
160 149
46 307
335 557
2 245
489 276
440 6
268 661
618 374
270 540
26 524
279 86
472 143
213 195
518 530
446 100
47 603
389 548
172 5
43 411
533 651
88 627
122 683
67 528
225 682
255 158
243 577
611 263
435 212
605 52
681 276
563 117
80 633
667 350
252 413
276 467
272 489
417 49
366 694
71 573
104 417
225 525
99 411
498 233
288 83
340 376
560 676
252 562
480 233
520 553
422 283
203 56
460 78
166 619
11 180
357 597
295 142
395 478
581 662
643 201
427 278
12 103
590 168
83 296
630 601
97 185
435 475
483 654
261 450
546 158
452 650
81 22
488 156
559 130
4 22
692 514
406 401
248 225
650 333
360 278
548 462
94 618
81 9
619 465
347 258
543 638
682 338
622 11
674 383
392 584
82 200
476 691
190 343
250 166
231 241
212 323
79 382
102 259
199 325
329 89
261 248
64 154
166 179
86 671
632 140
533 81
482 337
330 469
10 557
475 253
562 146
47 240
570 71
87 76
71 549
537 625
294 400
76 35
416 181
331 379
149 225
248 44
252 579
409 224
384 89
671 458
688 494
115 612
300 279
120 142
625 692
576 282
230 414
346 603
415 19
198 337
610 555
589 613
361 128
687 302
401 394
471 512
647 679
264 200
416 223
87 555
674 202
515 550
396 695
404 543
49 46
572 515
1 648
190 171
676 588
493 184
104 368
6 245
423 442
528 109
656 324
379 126
383 386
52 580
321 530
177 448
520 695
13 207
113 183
525 447
633 98
477 410
426 542
98 159
444 62
72 140
133 195
484 26
67 442
569 587
500 356
358 563
229 266
616 452
415 268
458 548
630 243
74 97
23 696
680 148
325 245
529 699
633 614
175 182
150 76
698 175
356 170
434 613
390 170
586 346
140 590
568 538
337 92
544 683
686 303
473 311
449 425
552 23
667 400
632 194
239 586
447 633
111 650
513 479
222 673
113 666
361 692
574 325
34 254
473 317
490 339
566 168
224 88
13 595
621 75
184 614
633 690
625 30
40 360
484 267
358 217
576 58
159 654
134 269
230 564
313 110
129 419
48 340
34 91
13 539
94 594
611 664
70 641
504 584
50 100
135 119
659 262
257 356
54 397
394 660
618 684
444 540
627 683
414 488
260 80
342 414
22 130
518 343
309 534
521 2
200 231
512 424
554 137
132 454
77 115
11 77
56 355
13 211
669 230
175 653
54 31
291 623
537 56
369 212
480 247
284 141
27 236
642 401
461 661
657 108
187 601
109 630
240 338
137 470
82 625
9 15
105 434
421 307
396 445
272 637
33 456
78 699
232 625
700 210
450 119
142 335
406 550
156 122
604 88
367 503
318 316
386 128
407 343
442 79
96 498
402 671
348 691
20 189
66 265
439 367
65 421
580 141
682 422
187 126
185 91
533 4
210 168
481 340
586 93
492 474
214 554
570 690
663 244
97 417
286 338
390 618
1 43
101 300
128 290
357 586
285 309
81 563
205 553
144 694
79 207
667 6
485 617
583 206
51 384
100 566
508 75
670 572
188 230
70 244
390 258
94 213
501 51
141 507
9 422
176 417
224 583
520 462
90 658
241 315
577 62
605 423
154 100
289 461
237 613
12 441
288 694
285 245
584 333
466 384
182 539
630 599
274 659
655 286
325 303
522 552
536 61
310 162
53 694
176 245
628 342
397 84
415 553
167 234
128 275
417 48
544 554
459 174
264 352
369 399
535 676
254 653
556 580
238 651
225 490
133 257
335 372
252 93
408 294
121 243
340 548
311 352
1 160
383 176
185 557
319 519
589 352
494 411
380 489
64 298
441 336
578 417
236 661
482 201
500 508
480 654
406 472
132 163
91 538
375 548
652 194
554 496
454 223
126 665
500 119
695 571
474 21
401 648
675 96
536 690
63 126
565 578
485 243
223 84
443 366
665 287
269 642
136 563
546 647
468 207
593 526
668 29
668 485
675 196
594 515
160 690
247 138
630 607
297 44
249 674
406 498
460 135
175 227
144 324
152 544
548 63
44 4
392 140
576 474
675 483
391 500
279 102
305 98
537 168
664 52
383 463
340 176
649 592
292 46
405 114
32 105
70 527
629 569
447 432
570 316
272 377
317 441
662 575
240 71
67 108
557 693
409 568
429 298
430 375
362 305
128 573
346 643
539 233
338 382
161 143
615 238
425 274
664 146
100 387
303 482
185 126
168 540
508 362
236 591
587 302
4 231
208 397
408 685
28 330
253 520
475 693
91 228
181 501
93 75
167 507
243 445
478 218
642 15
626 161
662 406
477 529
386 229
613 546
294 461
331 525
417 518
243 574
607 507
569 321
20 74
556 534
447 409
136 205
38 253
586 406
323 78
407 640
128 566
73 483
193 582
548 695
53 291
80 391
18 111
486 209
124 441
325 295
472 557
578 238
150 689
115 155
536 699
270 72
449 455
289 232
103 91
488 79
558 296
339 124
152 449
634 602
254 398
219 284
440 250
118 553
42 638
284 150
128 114
508 216
391 168
347 271
522 540
3 154
139 192
282 678
84 191
95 94
343 51
59 539
584 161
92 190
104 178
543 420
410 55
83 690
531 211
100 578
19 32
479 410
625 169
436 316
139 248
419 286
526 256
504 373
679 688
521 162
654 452
63 292
332 103
570 183
99 204
290 309
635 400
374 215
610 459
476 633
692 342
200 110
462 344
308 39
609 284
575 350
370 519
638 60
600 29
521 538
141 433
121 669
376 490
259 174
521 158
674 138
283 92
91 378
667 633
157 548
611 284
439 355
496 483
139 71
232 558
531 24
157 503
365 293
263 129
667 588
511 564
361 637
299 344
374 262
211 19
254 610
604 648
577 544
590 91
140 417
20 626
514 471
399 125
412 252
152 73
655 95
621 283
381 296
90 105
272 65
66 594
285 188
283 8
511 228
665 394
129 544
124 351
290 76
473 570
460 43
91 239
83 245
185 613
211 232
516 506
54 314
535 84
648 380
539 336
449 66
516 112
103 18
634 227
548 647
82 110
98 373
275 295
367 205
483 448
618 226
96 529
104 107
577 507
592 419
504 625
53 16
130 326
338 229
517 584
491 30
99 128
572 556
242 365
660 683
459 76
13 268
624 357
304 303
143 33
328 545
536 189
89 188
615 381
510 553
525 114
287 583
158 397
515 55
34 179
407 635
393 213
457 352
423 209
679 426
608 622
483 665
498 113
664 446
400 326
325 394
328 533
177 452
547 551
319 616
223 182
524 121
572 186
669 510
300 637
149 395
531 422
180 544
241 699
244 65
297 391
25 7
682 447
668 495
94 60
404 335
642 516
107 10
624 482
213 23
588 131
234 283
375 165
657 352
303 678
589 630
595 404
572 236
511 476
72 383
176 156
150 613
440 165
374 155
562 385
66 458
284 30
660 231
489 431
465 532
494 508
99 680
555 157
631 380
24 259
236 533
479 52
318 326
235 30
686 223
28 361
288 386
349 102
345 101
153 124
281 6
254 671
488 132
290 697
343 667
470 632
6 343
498 276
384 187
55 648
63 514
602 71
468 374
73 108
333 189
386 190
395 486
62 511
184 58
301 693
501 139
371 523
114 170
470 482
143 251
363 507
670 417
663 403
640 631
134 605
648 273
372 508
85 402
694 58
408 684
670 548
446 147
497 189
357 609
68 597
481 14
601 664
478 241
589 404
312 459
644 108
75 375
70 622
600 548
145 17
204 388
179 304
515 506
63 197
436 401
7 155
599 514
427 305
3 233
547 557
178 77
547 162
525 674
72 398
418 605
581 651
520 313
336 440
516 460
370 544
582 179
245 113
318 171
406 29
478 66
116 578
96 314
560 574
30 500
82 176
81 449
495 254
245 662
137 359
634 528
162 218
465 689
303 56
175 271
296 453
514 588
143 123
183 469
583 237
215 582
186 174
174 122
420 435
588 443
543 100
646 217
676 216
204 320
169 389
357 508
168 700
10 470
673 171
30 448
107 409
446 599
655 263
570 486
587 655
531 38
497 550
254 266
523 230
96 552
559 56
356 108
428 379
471 137
3 151
89 428
609 435
353 294
187 586
665 395
453 323
491 5
165 546
480 694
598 81
312 295
680 76
641 34
590 487
300 341
687 198
40 505
272 276
651 38
577 249
333 588
3 357
285 117
642 490
679 50
71 309
124 515
160 355
371 656
75 132
310 19
595 502
392 243
590 675
494 416
397 560
256 586
677 664
325 646
622 75
301 259
680 629
117 74
173 332
259 45
397 326
500 478
608 643
593 241
52 669
63 678
556 194
59 459
402 201
235 263
435 147
31 222
234 93
73 249
127 449
695 130
536 110
654 274
265 500
174 119
160 598
605 93
576 73
323 576
518 226
228 157
254 191
101 629
602 642
43 473
169 112
239 622
239 296
61 675
228 266
39 398
472 388
259 98
681 461
608 694
162 440
513 246
234 56
623 242
451 166
92 281
651 37
563 439
169 149
398 551
442 48
7 408
638 668
31 328
549 67
626 242
398 686
503 337
404 120
185 305
162 681
396 255
260 122
131 235
181 235
652 513
197 503
200 439
414 261
298 7
598 291
154 351
243 183
347 358
421 488
42 622
19 134
606 278
89 372
192 494
218 420
494 101
537 279
533 672
456 631
182 111
665 659
336 30
474 7
222 184
105 476
355 392
307 89
303 349
357 402
675 237
249 222
28 566
231 355
258 59
122 20
405 32
321 266
404 540
431 520
382 47
328 247
675 118
648 568
89 148
185 311
631 261
591 497
528 524
232 498
76 342
59 304
677 414
155 403
8 616
14 33
305 465
59 592
579 612
359 256
217 612
484 117
206 549
689 425
345 581
659 247
506 249
56 41
97 513
341 522
124 452
269 395
158 384
200 109
617 232
299 45
167 120
554 299
545 377
486 464
652 90
95 176
253 437
44 287
73 479
535 258
629 150
499 266
579 593
264 137
224 403
430 108
492 661
102 31
489 598
515 36
468 78
338 633
174 317
333 590
558 329
490 578
519 417
468 330
258 551
236 17
193 594
84 585
627 242
355 223
65 648
107 544
505 492
696 531
639 411
381 573
112 256
250 271
588 649
257 615
183 98
617 679
43 687
267 697
377 441
153 63
525 37
396 234
582 641
231 441
404 203
66 648
299 443
436 216
429 632
573 207
215 154
290 302
226 21
690 534
687 129
647 316
383 307
669 695
135 566
532 403
488 47
80 591
556 530
414 676
156 674
464 70
473 370
78 315
610 577
638 671
160 357
381 466
75 609
357 78
53 174
682 12
221 582
447 453
31 4
361 239
129 553
671 564
629 529
32 417
658 610
37 686
374 686
418 366
373 13
592 568
163 203
130 183
111 459
236 115
669 185
350 121
40 19
518 575
693 397
626 511
652 364
579 681
574 689
22 186
341 489
151 395
135 441
308 201
275 690
432 19
684 108
213 322
322 560
332 569
553 419
139 466
225 399
186 327
88 386
318 194
2 505
647 433
618 523
223 510
434 414
516 378
422 643
159 197
221 620
635 184
165 25
237 549
384 175
640 48
497 17
646 655
122 257
504 395
551 120
621 169
593 620
663 596
611 404
521 99
672 496
518 444
511 393
645 349
192 506
662 202
244 452
104 397
69 499
577 654
520 510
320 683
509 80
117 7
603 550
688 33
348 573
152 296
663 284
492 326
581 115
279 585
495 4
364 484
475 488
96 686
233 685
527 213
190 295
520 115
383 514
451 60
591 141
446 493
396 581
577 642
357 440
106 411
411 94
643 75
209 477
401 647
100 565
499 334
257 233
517 623
350 195
187 376
190 649
486 220
78 193
206 352
623 668
27 315
618 244
278 365
431 574
698 324
277 406
667 561
686 220
480 478
583 621
583 351
481 254
458 559
13 98
617 682
537 688
47 314
95 695
250 148
281 272
213 423
555 411
199 393
373 205
581 617
448 176
106 435
435 700
630 9
300 536
376 399
440 298
230 205
31 174
308 83
589 546
326 298
436 540
136 178
4 224
405 188
591 667
31 177
390 463
557 492
595 517
89 583
392 271
625 417
333 463
417 66
685 617
235 135
358 375
17 307
329 83
246 532
379 286
550 122
334 608
484 335
568 633
378 521
489 520
451 72
528 266
223 302
110 657
101 565
179 37
61 17
547 433
143 201
142 9
436 62
260 640
485 639
455 537
412 546
219 173
659 482
618 486
152 472
191 241
496 348
181 342
5 601
493 651
601 352
507 690
553 657
53 332
38 519
349 594
342 263
425 577
650 33
239 649
507 655
402 581
671 474
259 487
396 355
347 599
41 494
591 69
13 285
208 168
6 332
228 190
244 506
591 695
617 12
522 235
27 621
544 584
137 291
565 664
99 170
634 657
78 517
578 451
417 355
77 369
277 602
687 317
552 129
462 598
396 284
268 381
557 391
283 122
512 319
181 38
99 405
55 638
540 602
30 196
48 292
545 334
61 135
219 616
197 286
383 218
53 198
675 606
29 17
176 23
173 134
344 476
380 595
278 59
503 120
356 85
330 34
617 35
523 633
425 470
76 570
106 334
507 499
637 41
492 518
433 460
120 199
11 533
144 689
123 199
346 428
252 679
684 161
305 604
275 268
453 221
340 512
384 353
649 159
661 372
274 374
669 114
537 282
315 409
590 272
164 433
506 107
548 427
74 680
498 29
216 408
528 414
451 504
417 612
283 289
261 267
577 31
298 149
382 642
53 656
96 563
340 642
536 45
435 552
434 591
59 246
340 326
619 145
444 662
75 250
519 390
612 230
171 91
448 417
641 183
689 430
282 277
173 304
83 540
499 197
427 662
22 200
187 657
621 182
442 238
44 580
75 572
489 189
622 233
615 461
30 31
372 277
223 505
131 473
608 152
373 634
689 276
460 330
474 443
70 474
416 364
459 344
265 286
312 245
226 664
370 403
510 673
45 302
86 476
174 405
247 173
374 171
207 688
231 665
501 566
97 56
499 638
273 651
303 546
424 69
250 447
369 114
291 173
124 498
114 384
632 176
628 646
228 185
668 364
394 15
505 457
168 104
62 248
468 152
267 574
612 613
132 106
630 115
397 577
576 74
386 593
393 211
144 573
98 504
206 276
116 75
413 85
94 433
154 240
196 408
24 571
21 111
14 265
317 697
157 326
412 19
294 339
603 606
395 415
358 290
216 619
638 330
423 546
610 181
392 548
536 251
250 677
44 413
312 291
590 336
424 363
20 532
520 345
649 145
148 95
149 677
217 335
502 594
627 475
182 29
415 117
630 352
595 647
374 649
39 37
320 660
346 493
39 150
698 316
429 351
645 549
398 442
615 321
228 289
490 671
274 368
590 481
553 615
261 388
587 429
519 394
485 413
654 525
473 319
224 631
124 160
641 381
211 345
441 15
168 252
544 324
544 174
440 294
173 496
556 597
221 458
142 338
328 33
265 71
290 325
208 74
258 203
95 227
249 257
85 275
636 449
455 256
562 70
556 554
455 194
225 174
339 590
188 489
216 607
415 674
651 293
49 12
436 9
522 305
457 449
4 362
140 654
479 419
20 569
268 266
315 375
61 554
7 299
591 598
555 43
319 370
645 14
441 409
103 597
687 629
359 3
649 424
566 453
528 434
650 513
238 395
429 640
470 466
33 509
449 327
167 459
405 368
472 613
268 4
67 390
655 316
612 205
168 51
342 389
194 401
143 359
693 17
273 538
436 450
190 125
420 78
94 628
695 535
564 161
682 331
495 183
162 555
140 90
349 50
451 133
535 65
176 40
75 537
142 468
256 232
435 441
471 658
633 91
16 215
520 45
595 400
499 148
484 192
298 8
555 450
583 627
153 267
585 547
74 139
301 190
151 372
420 474
413 336
346 498
47 607
537 267
353 565
240 311
192 356
334 147
485 365
524 297
355 120
164 281
364 359
641 69
599 620
163 222
310 350
372 666
87 69
35 139
104 42
103 507
626 108
51 120
631 594
661 326
527 451
126 648
104 408
676 603
598 326
581 236
253 599
307 309
51 645
671 259
495 355
301 104
424 317
554 613
569 397
549 105
618 671
182 611
277 147
76 525
675 361
37 700
289 72
659 622
260 496
225 18
519 287
135 635
570 600
629 685
575 671
331 198
302 300
472 419
114 553
606 643
534 582
8 247
273 398
591 561
168 569
231 481
424 217
687 592
612 259
641 337
93 344
480 107
504 644
586 430
198 330
206 367
217 153
471 2
262 371
190 533
593 682
538 68
23 95
97 320
299 393
114 592
330 217
35 229
221 21
116 386
284 171
546 106
97 625
495 102
539 515
66 368
422 576
69 71
199 320
111 22
558 394
552 530
436 91
664 647
345 404
271 558
560 45
331 18
96 487
30 433
660 664
430 125
78 328
115 346
27 412
433 643
41 515
625 84
144 206
373 153
265 22
612 364
196 161
642 148
419 594
170 578
246 499
340 117
98 167
52 544
685 531
187 77
481 165
607 426
603 248
354 377
214 438
370 232
5 413
536 297
92 424
115 358
537 272
483 322
523 302
270 57
648 626
353 550
166 527
694 16
551 169
608 124
633 448
64 480
269 343
416 641
232 27
661 19
126 430
349 628
207 107
191 101
370 251
171 647
535 668
247 475
243 187
498 122
226 163
307 387
145 173
284 596
556 320
548 255
70 485
300 251
212 8
104 596
671 555
427 100
297 299
639 528
222 591
201 634
53 345
440 500
394 254
500 214
661 39
334 485
492 40
340 527
475 328
430 596
470 211
32 151
358 102
103 246
548 450
420 222
326 526
551 639
617 50
650 85
477 506
223 330
108 251
469 201
192 696
113 550
349 281
299 376
121 499
315 591
405 394
220 33
502 63
32 416
245 437
523 144
387 386
227 437
127 527
505 51
285 410
449 392
553 233
193 129
340 141
619 100
251 176
349 497
558 583
102 492
221 471
247 648
133 157
16 208
542 282
124 103
375 205
328 690
146 42
197 609
576 580
159 493
673 221
508 472
214 114
250 187
450 425
679 260
71 580
586 280
685 161
266 359
654 638
180 664
72 637
207 515
367 406
88 559
533 85
378 548
508 490
538 232
167 367
633 22
235 671
550 376
415 185
664 314
619 240
560 185
456 275
456 239
433 398
436 412
230 275
539 537
305 569
347 162
433 618
5 288
54 386
104 400
536 590
242 7
541 511
588 356
652 501
186 502
508 30
123 517
649 288
423 504
684 167
556 50
627 653
7 164
559 7
125 485
644 637
565 205
319 579
351 693
683 327
148 638
379 189
44 433
513 66
217 340
246 41
663 565
492 451
53 437
449 574
128 420
67 4
610 603
344 430
399 136
693 488
345 24
171 40
226 60
40 234
65 60
321 580
187 352
137 455
441 126
10 364
253 285
127 411
373 656
8 287
149 251
63 589
258 31
254 206
181 250
71 606
682 643
570 576
192 499
206 611
121 256
34 117
415 83
406 687
66 94
489 363
27 470
525 610
264 299
13 340
550 347
529 251
257 62
605 432
17 418
569 411
549 74
165 441
204 429
67 97
312 24
84 528
387 370
146 508
122 164
399 345
611 174
158 188
465 212
539 181
454 413
385 644
493 215
366 635
476 479
451 448
649 566
321 457
401 5
371 51
165 361
8 302
580 575
48 257
416 240
119 60
678 539
617 590
294 587
197 53
334 446
510 299
570 91
438 193
316 591
92 455
220 343
50 356
653 597
688 585
275 34
5 218
637 571
505 236
228 220
555 114
648 580
139 473
21 133
123 699
135 103
450 367
595 644
28 215
384 623
645 559
595 676
234 310
368 184
507 686
412 271
521 582
87 638
109 29
362 664
648 402
610 311
662 439
83 167
69 227
535 228
691 215
418 393
24 495
287 481
350 556
439 484
96 248
399 549
212 682
348 55
535 656
522 200
582 198
572 90
671 234
558 263
607 190
328 29
372 548
99 115
696 114
695 220
189 284
424 572
252 533
593 228
379 567
662 521
65 447
539 486
458 307
301 45
29 242
551 23
460 449
137 211
682 130
184 398
547 68
284 325
451 225
146 147
77 67
354 219
225 510
390 535
434 510
383 481
139 604
74 623
672 357
224 381
5 97
198 293
291 533
358 412
466 633
135 629
533 29
322 278
249 326
313 513
223 515
649 362
72 282
177 125
154 73
132 134
433 6
284 671
226 665
222 128
616 328
160 526
409 245
662 570
44 92
216 690
53 590
621 626
484 287
491 631
586 219
319 27
121 369
287 517
603 62
37 466
402 642
143 383
127 543
80 554
430 386
316 39
110 454
541 344
270 244
257 634
464 344
573 169
10 295
249 616
282 114
105 461
64 346
249 7
516 40
77 131
13 554
382 381
165 95
623 624
341 57
579 666
232 440
449 11
531 509
