80 45
888.440000
8866 7825
2344 8026
9841 1336
-143 419
4822 -5304
8248 7505
9943 -1486
-8000 1332
4790 5238
-4857 -2483
7647 -9850
-4240 -4359
2176 2062
-7861 3751
-9345 -3942
-7989 -8904
-2601 -8102
2595 -9181
-8927 8989
9727 5286
7422 6941
-342 5725
7084 4474
-8356 -7300
5451 3976
5813 -5205
-8611 -6059
-554 -4374
-310 -9768
-4808 -3774
-4038 -9268
8318 -5739
3424 1038
8814 -4011
-7707 925
-1601 5305
9115 3821
-9005 -2555
2039 8663
7771 9183
9682 -1579
7794 2380
-7636 -4455
9641 -1804
4405 5837
-7031 -2373
4444 -861
-8585 4826
-35 1614
6008 8811
-6154 9530
-223 8273
8644 3274
-556 4826
-7164 2618
-8779 -994
9818 4695
2934 6454
-644 5517
-288 6819
961 7251
2246 8734
-7936 -7613
6065 -6985
9834 3851
-9073 -6576
2243 -267
4301 556
-2414 7595
-1077 -7679
6740 1212
-6735 -7910
-3978 1405
9661 7857
-531 -177
-2540 5688
8109 -8068
-8347 -8504
-5472 -4090
-7071 2257
7 52
2 80
38 14
71 78
77 36
50 20
55 8
47 74
79 32
36 8
38 70
63 35
50 31
11 28
78 69
43 25
56 43
9 27
45 67
62 28
33 30
75 63
69 29
1 46
35 17
68 56
59 8
19 72
7 73
64 18
10 26
63 47
41 32
8 9
66 53
25 35
23 40
56 40
37 23
44 51
69 60
45 4
19 28
8 52
58 69
