600 624
168399.440000
96489 -14530
-58151 61952
-73845 -77797
-46121 -56016
-39332 42561
-75990 -16440
-43283 89355
-72565 56959
-4723 -82475
-7887 72947
20733 54840
47771 34303
-46469 75151
-77908 -10345
62515 45322
-52978 88034
-99591 -26054
45767 -81473
-43227 -32635
26412 43647
60982 45075
6505 94349
-4135 22176
91718 -9499
-51395 -81424
98984 -82692
80869 -83785
-95391 -73816
-5685 -22264
-33894 -27688
74995 -98586
-62937 48350
-68902 -57798
8972 -95029
89084 -9847
89859 -32113
12934 41401
17803 65665
556 31954
4486 -73445
79009 -86880
92142 -59360
-38308 -11161
-52877 -75499
-2162 -65455
44187 -95596
-45215 66002
-33481 90267
-32269 55998
63269 95355
-44134 -85739
-17734 -99699
89562 66771
-84756 26430
-64949 -27045
-88472 -5588
93723 84122
-85033 -64432
82076 17251
21340 6560
-33056 6996
72294 58691
49834 -86913
-50850 51345
6694 61875
61739 -83753
-48619 68611
40438 20181
2911 83587
-36382 2921
-80205 33027
-98297 6470
-85707 -71955
24655 4690
-95182 -54591
-90588 17739
-39905 -11440
26201 -4289
-98201 -74491
-24033 73806
-25409 95775
-78072 -50549
70427 27235
-59891 -2158
-44696 -98877
-62036 -86729
40904 -69716
71483 -43782
67495 75642
-10928 -63911
-21987 -67101
48783 -32116
83901 90210
59493 -15862
97456 96093
16259 -30305
26139 -46433
-71146 -47693
-81150 26024
-36391 61124
59038 -20666
-469 71646
89931 57999
-71681 -86070
89128 98634
-2466 -66879
36744 97413
-41631 8822
18533 82773
45795 60142
44279 -16368
-3481 44889
-8722 4587
-2020 -64436
94026 57152
-2087 -40709
22006 -60660
94882 -8104
17702 -9074
-91036 -68069
-34727 -2212
-72544 50844
-51083 -94936
-81219 -57681
69205 83379
-77664 -11496
-43669 -38007
-31192 -22945
58349 39652
-12353 -59242
98336 -20509
-52185 90414
15471 -40301
32494 39031
9079 14424
70068 66972
75047 -11065
-51999 -2240
99699 15750
-19369 70333
57894 71377
-8806 -34561
52970 50785
23890 15670
-48689 -90404
-40893 -22170
-90767 -74885
46365 62260
23488 -48064
15956 -10806
-97790 -20781
62613 -87156
94897 -84133
-22412 -17667
-74575 13456
53969 -29967
81916 -4168
-46715 -22008
288 86640
45980 -61330
-28568 97936
-74206 17103
-29055 85996
80438 27710
98547 42248
96461 48487
81900 -73544
30816 23685
18106 71210
-63067 25485
47662 47463
57246 57619
-54805 14187
16788 24554
16552 23577
-89726 -95272
42403 69003
-95610 -30744
75187 35912
-84096 -8176
-87423 50863
88257 99701
-68830 -70299
72116 -68540
-83883 10391
81037 -73117
-85743 -96011
43389 85916
-54983 84681
-76084 57173
90268 63248
88965 -37151
-1820 95701
76200 -69302
77235 32235
19210 83701
-61737 -47835
-46445 -91430
43564 -55651
44697 -99362
-8689 27430
41410 -35545
-68815 82037
-62424 -12373
36824 -68907
-31147 -5997
75956 9595
-20701 85326
67226 81120
75394 -99120
81286 35852
64158 -78575
-39842 79966
2579 23145
46824 -13970
90294 -41027
-85598 -28675
43243 92159
96369 -79912
-33150 7227
-67252 -3649
65471 29147
64106 34330
-61864 -20558
482 -9458
-41521 -63415
20698 -68623
68566 -67910
-43080 56999
-13865 6258
-71889 -48469
-74400 -15130
33588 -19894
-33748 82020
-43279 -2443
-75510 -10461
83553 59766
-6173 -51257
23806 49758
24153 -41349
44907 4069
30057 7913
-97505 -43193
3742 30130
54146 19081
-81956 61793
21768 -65058
-36339 -7713
-65830 -61575
-69369 29651
-44194 -9219
59679 57617
10021 -61540
67375 -63238
99827 4478
-20015 -52665
-25547 -29069
-41836 -43531
-8417 8036
67277 26318
47320 19356
15192 96714
3967 42168
-60667 -29139
68940 17033
43423 -59856
82984 40890
27022 20898
77280 68801
54170 70996
-3903 -51381
-52880 -79357
38522 61019
-66451 18460
26 79577
-94084 -70824
27809 16471
7213 40109
-69806 -80942
23261 7525
-63967 -8355
-52768 -1141
-73135 13342
-63419 19145
-76066 27877
-35363 -9306
-99752 -11816
6331 -94334
-1713 -65521
31225 98477
11015 19275
-18983 8842
46862 -26370
99269 -82607
37117 52491
62984 9829
-42040 45362
-12112 94156
-8185 52271
17977 -54838
-50150 65761
6027 82146
-52270 64781
-69874 -81649
-85053 1846
-31880 71403
79808 56351
-55387 70713
79644 -21299
-18289 84204
94653 3453
-81084 30164
-92869 60524
-42624 -72303
-2985 63627
-64854 1951
18277 -78713
-46401 -61409
94895 80311
-87077 -113
4109 -85720
-38974 46055
-16932 7642
16593 -61942
-46636 39408
-29916 59925
-80576 -20682
-9982 56902
46250 -41683
76775 -49726
-93543 59363
84081 -96143
-59302 52293
-48947 57482
-71370 -26197
-28244 89493
-71287 31620
39160 30509
-30733 23407
35035 -80012
-12854 63786
54573 -30583
14652 29417
-54984 -57451
-6541 -89236
-93364 58781
-78213 30058
74661 -85155
-99884 -32228
-67991 75267
9054 55248
-14752 -83916
-7448 90794
-28275 5661
-20462 -99391
93268 78683
-42476 -26404
84126 -79508
-10831 -1819
51691 -25584
63918 93787
-60822 38108
19774 -65546
-54376 12695
89487 -25850
39655 50575
89552 -90038
-25977 -62626
94393 -23220
-70630 -61403
14427 66553
20996 -52795
64314 2664
10189 -72300
-66691 13648
26429 -8680
-14726 58124
-21535 64855
-42024 92011
80384 -9006
-60237 -27013
57069 -14415
-4040 88727
-67919 -93125
-55762 -85661
-70463 31951
-69372 -68343
37760 -15304
-1631 54915
73489 91287
8361 -66815
-5454 62209
-94717 97185
44194 4465
-67585 75309
41565 6453
51737 -19184
56766 63032
-76087 -48607
-94024 -46433
18448 -90226
76237 -94607
32768 1880
21379 91187
98329 15587
36035 96030
6603 -19561
-2027 67669
-10938 -3035
32366 -76996
98413 -49036
39854 39607
-87558 29163
86020 36763
9027 -66609
-22864 -64061
9443 -78505
-47384 -32061
-51646 -584
63433 -91716
79161 -78201
-20754 -61181
-5184 51545
-38140 -93435
-96546 -50883
51749 -13309
48777 94970
-53345 -8870
58191 7129
96489 5162
22607 -32631
42140 65569
-61651 84298
-58600 43806
-51044 -90733
25344 -48948
-63681 -59872
9847 60075
89913 28927
52372 -56301
-93239 -62600
67382 58009
8349 85306
-19157 -26523
19151 -43290
22317 -69551
45564 -35134
-62054 -77541
-59519 -64987
-5897 33565
76607 31737
-83042 28434
54125 80144
9143 4565
-70261 3522
-29354 -52196
58018 -94336
-46685 -73951
53787 -29335
-16856 -57167
-57010 39441
-72366 76943
-26816 -91032
-47289 -49055
-70505 56086
-30081 39884
23799 -89705
-28285 87182
-2869 -12473
94405 22188
-70820 -75021
-64054 -28758
-98466 38350
40030 44482
82144 -94274
-47759 6311
86702 -96719
90156 60421
-23627 44117
-39180 -41597
75176 68016
-59875 66690
-3021 -43310
-70081 61721
-26393 -71004
-67999 -61708
-98664 49572
82225 93605
-23656 40925
-32942 58606
20402 -87953
-45878 61769
-86433 47569
31422 81678
-27978 97314
-87601 -77713
83969 -31507
-25150 27392
1503 42714
62425 -76905
-2282 -33149
21176 8435
58988 73961
-87217 45142
-93745 -48788
90841 -94760
-465 96819
82784 34279
-73798 -45557
-37576 -17792
65555 50302
-29878 -45188
35969 20062
10073 12502
-17983 9623
-9948 -19642
10442 -18829
-55724 -460
-3156 -96214
-23285 13510
76360 -99825
-68781 -70548
-72964 15618
-1472 70969
-62818 -17448
-90692 91094
35053 -71881
6847 -12996
-15821 -49301
94998 -16313
-58188 -1942
12303 -99579
77456 83318
-78932 -62570
-94744 -73494
-85884 12268
-6529 19972
-76674 22637
-68667 -86560
-76028 -91899
91459 -62749
77533 -55458
-34186 84102
84003 40172
34301 67129
-38548 -26288
-85404 -81963
-18020 97743
-1074 22564
98414 91796
-40306 85288
77289 -10447
-40870 48946
33212 -69748
-33781 -71889
-13459 -29894
-22458 77679
65008 -31807
86017 84191
-31946 42483
-16206 -8909
-3264 -76147
5890 -44181
-67084 -90288
-46202 58612
42018 74026
32326 -89022
-18753 -816
-13942 85581
-43896 29416
25956 -80527
79209 14426
49998 -13
11683 78555
-85640 70648
52804 -83089
36440 91294
-38430 785
-11848 95431
-14951 -49114
-63740 -62724
76254 73156
9796 67192
-67471 -60309
40886 76506
38962 49740
-61880 79352
-17554 81890
-62307 -57607
-70447 22808
78724 53839
-21706 -10110
75189 -60019
-80127 -56760
-35454 62022
81865 -81846
40404 6632
-94686 88607
84275 71852
-85570 39725
219 187
340 494
240 70
394 473
497 38
254 297
154 382
77 195
312 172
319 415
574 488
347 117
490 120
442 586
474 520
399 318
413 246
238 479
521 347
218 170
554 291
465 442
24 116
433 244
394 269
551 156
397 214
547 44
37 205
154 429
472 260
309 3
362 452
487 465
551 534
597 533
174 13
335 137
251 598
537 184
231 500
18 593
239 451
351 173
414 542
331 20
548 439
35 471
81 186
408 189
453 303
180 338
437 98
446 225
471 131
166 390
117 493
351 363
71 215
463 239
167 288
124 330
266 522
187 159
441 453
516 8
103 383
224 270
327 221
339 317
447 532
57 589
429 221
530 301
153 282
93 480
357 214
203 344
86 166
455 492
178 42
162 579
50 31
211 242
42 133
140 22
567 314
566 587
366 425
410 336
577 181
572 543
546 232
36 305
229 171
480 539
133 517
135 33
24 288
255 218
128 253
143 153
491 486
61 303
184 446
588 112
522 234
220 515
277 215
446 226
409 250
81 180
256 155
530 582
414 203
334 503
456 562
386 407
590 89
56 393
123 577
471 544
122 592
544 218
445 547
207 427
150 205
298 549
500 217
280 83
432 527
362 342
297 201
386 380
4 403
240 85
70 262
495 553
578 393
314 100
19 551
573 256
401 515
39 173
489 572
438 92
440 351
236 104
171 583
406 18
218 478
81 28
138 145
339 216
191 70
514 262
270 88
588 12
236 245
352 418
477 280
75 419
83 554
5 121
311 40
131 4
218 185
363 148
333 457
33 342
405 454
484 113
110 363
443 545
492 69
231 485
289 266
85 507
237 377
233 530
67 506
126 349
257 174
16 428
192 209
413 319
224 3
416 234
115 221
432 10
205 195
63 466
445 39
336 567
305 246
264 337
200 169
302 215
354 69
171 411
3 446
407 149
523 269
496 32
484 466
328 274
409 528
488 169
249 523
131 9
451 449
236 332
45 474
496 278
281 15
187 335
21 581
323 275
161 238
207 466
401 431
42 588
166 380
253 249
339 292
580 357
495 2
32 483
82 81
122 460
162 213
269 295
302 50
368 531
455 366
101 463
410 409
346 2
206 200
31 281
68 174
392 509
553 547
39 491
378 307
416 456
352 457
197 107
355 73
577 134
197 462
599 133
343 415
581 486
480 495
60 14
53 500
596 76
530 78
284 277
413 63
352 112
416 46
531 21
249 71
170 350
497 413
287 23
30 391
16 445
506 449
131 32
25 468
156 230
221 336
423 453
513 490
68 46
117 299
120 435
450 289
382 280
505 131
490 549
357 90
281 126
319 152
151 369
49 321
253 497
286 224
154 93
428 143
530 507
97 54
346 75
129 207
441 572
288 430
249 578
386 6
478 387
88 305
97 527
244 381
234 367
134 93
44 276
276 1
364 96
559 72
186 202
398 575
190 234
368 390
114 516
282 107
472 212
191 163
369 22
142 578
328 337
32 550
444 454
527 315
574 581
455 286
424 83
358 169
73 356
99 82
573 535
12 93
285 201
150 229
254 458
319 444
322 38
437 377
251 280
410 14
428 435
213 400
442 69
150 186
575 67
289 288
554 168
317 335
15 444
366 222
552 512
18 294
355 407
128 543
159 358
562 255
178 147
393 428
562 299
429 555
137 446
54 78
522 125
123 67
164 558
442 292
592 22
296 481
401 279
65 140
202 326
31 463
211 446
541 193
135 307
160 55
382 31
186 444
107 305
356 581
213 222
107 15
124 257
565 164
386 40
201 443
517 594
220 124
586 573
312 249
285 546
583 311
479 216
222 385
572 78
272 38
362 565
163 273
357 449
309 376
366 2
423 403
226 258
280 566
404 311
229 594
114 510
194 238
416 113
593 170
83 298
352 406
258 316
304 272
152 51
75 124
77 288
105 379
204 83
42 413
483 495
550 83
84 333
161 269
381 406
62 2
398 43
320 408
564 236
40 10
300 307
484 97
459 218
80 127
177 590
535 2
209 83
587 248
441 147
385 501
465 190
547 76
170 396
429 308
203 11
475 162
302 402
419 598
512 109
43 221
14 558
346 589
448 249
251 559
23 322
149 382
22 247
121 101
102 504
521 218
111 32
395 485
68 467
453 390
486 409
563 415
161 247
352 143
82 208
215 179
36 29
377 146
116 423
111 91
431 2
146 540
339 121
549 26
435 290
236 256
359 12
487 221
377 418
299 417
248 160
566 586
261 6
272 1
182 415
581 241
50 261
362 499
128 6
338 3
81 305
541 318
565 398
239 154
90 148
495 468
37 598
151 432
200 418
455 332
510 460
178 117
238 298
38 78
368 158
17 494
37 451
443 367
322 140
450 34
363 278
377 120
329 490
371 339
211 265
314 291
334 6
263 268
177 557
353 191
229 174
11 423
83 3
146 478
31 167
249 28
465 259
108 398
487 115
449 591
468 399
563 143
206 10
427 34
375 25
559 238
249 182
79 28
530 114
534 155
45 339
2 331
361 22
236 471
441 246
377 288
416 63
599 562
378 545
382 155
480 512
187 181
165 13
405 377
183 549
459 461
104 393
486 36
35 322
484 363
511 107
587 276
197 563
225 539
234 215
40 573
480 78
162 531
107 337
509 595
360 510
188 319
472 518
93 364
547 26
488 444
149 65
294 71
506 559
597 20
304 486
352 413
197 300
199 3
588 128
574 367
451 423
429 217
591 339
375 176
511 152
140 546
35 223
570 502
75 524
480 477
231 482
598 79
342 86
29 108
100 379
448 200
461 500
418 268
295 204
146 373
213 486
381 446
148 586
520 134
86 343
356 167
31 51
10 583
359 222
74 599
130 15
475 485
341 542
