200 234
178505.310000
-42058 17067
-76135 -14801
98004 64056
-34586 44481
68394 43207
-64922 -43618
-3340 79080
-50327 -79689
-82377 -59412
45414 -32446
-24749 3414
-83118 -98992
-43334 -69778
-10964 -5800
81363 -64371
-77191 8095
49864 -9226
49204 -16231
78705 38321
81395 -4982
54083 23679
52990 -94790
41291 -35032
54824 -97141
55937 78600
35791 -37837
64972 64142
47121 -82959
36256 -76744
84723 -42939
-21200 78971
-50808 57952
-53753 41706
69195 51032
69790 14415
-42759 -10
-33663 -51190
-91087 -51288
-12537 -97486
69194 75209
-55139 47340
-72072 83731
-98501 4478
59303 34192
30085 83490
18205 83978
20345 19923
35056 69481
-76497 -76062
-24156 -99642
-73771 84832
-23144 20691
-12420 -67109
-25142 3879
64089 60114
-73441 -80127
15119 -65366
-56263 98301
-29500 -8327
3185 -6923
49526 83200
-4123 -90168
13042 -680
-48242 -4401
-57995 -83726
-7449 58483
-82669 84282
57970 28587
-79885 -60108
33520 54972
-96234 -11087
95179 -87546
99765 -15346
59633 9412
47137 -5003
99492 -19755
84797 -91263
61005 65223
-28483 -11971
34392 30049
-97520 -64539
-42957 -42408
-35437 -46802
38436 -4212
72037 15192
44359 -24011
81207 -44807
53909 -31957
-88864 -98038
96137 -88859
31941 82765
-88400 58628
70944 27802
35176 -76539
61804 -93425
-26460 -76397
56530 52940
80460 8959
-88449 62378
52358 11765
18955 -93404
-86795 -75247
7571 75141
21322 -30167
-57243 -10553
-2427 7529
-45415 21867
-49519 61611
-52709 60649
-13400 -72165
17389 72844
-70455 95800
-16187 -36546
10176 31848
18774 54429
85174 17775
-87708 41685
68245 -80164
69515 45144
-16847 21285
-84927 -2424
-1952 -23821
34351 -43762
79238 42201
83426 97487
96668 75176
11903 70962
-24896 -24537
19340 32786
-63336 -61454
-30301 90817
-9487 71232
-38606 32575
-28030 -7210
72277 66792
59374 71800
-1683 52013
-60946 8286
-68420 71784
18798 41675
34113 -87876
14918 -62458
83290 73993
-850 -28123
-71278 -18695
74010 65977
-2396 -62866
-27376 27444
47812 227
55234 -22949
81671 86797
95691 65607
-14432 47389
87084 -78406
-66922 78366
87657 31704
48366 -21326
9253 77343
-70653 38349
-43183 59692
-18324 -65076
89799 38012
-88537 -26626
-74465 7149
-80235 -89897
-90663 55100
66116 -13539
-83268 -23793
-63093 78325
-62687 59821
45226 -58544
56468 -76546
93065 47701
18265 73143
61093 50645
-95240 -76761
-28527 89471
49460 -34318
65594 86890
74278 -8554
-93594 -7399
80490 35613
-58105 42935
-90986 36598
-17858 -91828
1895 29219
98285 -85193
-1754 60208
93283 82289
22892 32223
-68149 -25963
67160 22619
93195 -48511
73550 -20251
-54903 84686
84519 -14531
18614 -70322
-45250 -84393
24827 -50969
-27042 21282
199 81
32 116
13 172
52 4
16 37
74 94
191 49
185 82
17 162
146 135
177 136
85 112
132 129
72 87
49 148
153 186
16 24
77 132
119 24
58 136
14 94
74 84
80 39
150 76
184 172
177 83
92 141
106 48
193 162
143 152
120 100
154 40
17 104
159 173
117 45
54 18
13 23
86 31
142 180
58 179
41 169
75 80
196 90
75 100
199 47
148 138
114 143
145 134
21 132
81 176
49 199
162 21
91 26
116 25
148 129
75 195
81 171
3 159
187 4
78 71
90 132
188 120
97 68
174 80
44 151
193 13
69 159
125 126
77 138
101 171
195 115
138 65
198 54
182 24
90 3
116 87
161 51
163 58
157 123
121 138
99 61
152 29
2 163
182 26
34 193
87 85
181 146
102 187
143 60
184 141
116 13
132 17
194 103
75 1
145 82
65 123
56 190
124 89
27 81
29 182
55 162
54 89
196 28
184 109
183 65
35 23
138 170
110 120
73 11
90 37
63 112
182 69
81 167
72 50
1 41
83 30
186 152
187 198
73 105
79 188
151 181
156 38
118 167
147 107
45 89
114 40
144 67
177 63
122 11
47 145
109 153
158 56
177 190
165 94
71 142
98 68
170 94
150 74
145 107
97 157
92 44
120 25
6 82
119 197
19 155
5 141
87 136
106 39
141 41
198 59
186 50
191 188
94 29
30 110
136 91
75 70
78 74
67 92
186 131
112 74
135 193
97 156
157 186
169 141
9 56
105 30
86 115
68 11
22 143
6 134
57 83
129 68
42 132
65 32
129 158
120 108
39 108
196 181
24 132
158 163
91 13
194 151
22 180
127 54
35 17
171 106
99 161
162 167
46 199
41 13
180 172
161 163
90 184
181 57
200 26
125 132
184 70
17 163
114 178
28 152
38 184
141 73
165 90
119 4
76 176
179 112
39 58
83 84
166 199
52 66
101 170
100 103
106 170
187 27
171 161
138 32
8 145
71 128
103 140
182 146
189 144
81 179
111 3
111 86
101 63
195 192
177 6
52 13
152 73
69 72
120 39
42 20
70 59
148 63
