800 6145
187.150000
-42 -41
88 89
10 95
47 8
52 74
47 -83
-51 -39
37 76
-1 51
-37 -67
11 -48
-51 81
57 -22
-65 -45
-51 39
-75 75
34 98
31 -40
-80 -76
-33 34
-55 7
67 21
-95 6
-42 18
-58 59
-27 -92
100 70
-8 74
-17 -39
63 -73
-91 30
-87 -93
51 -36
73 61
-1 -38
-74 44
-5 41
-57 97
7 -50
-65 -83
-34 49
-74 -7
7 44
56 90
-66 58
81 41
2 13
59 68
8 -84
68 19
-23 99
-10 29
-30 54
21 -70
-76 5
89 -7
-71 -38
-92 -91
28 -49
16 7
84 84
68 55
-97 13
-95 65
-48 -54
-25 86
-34 -10
23 87
41 -2
3 -43
-19 33
-93 -94
-2 67
2 0
80 83
-96 -4
8 68
-62 -72
-15 -68
31 97
-70 35
20 -60
-65 -55
-41 4
-65 85
-57 -37
-83 29
82 31
-95 -36
-66 41
-62 -81
-16 82
-67 78
-8 -93
53 34
-82 -48
27 -30
100 61
-64 -35
-20 89
97 -51
-96 -26
-78 -34
-21 78
21 4
-8 5
-96 95
3 -46
8 -3
-93 -82
-40 -25
-38 -29
-44 -94
11 -67
33 -57
-22 19
84 86
90 -88
-55 33
13 69
84 -87
-99 -57
-2 34
-98 -9
-72 40
-4 -32
-95 -4
-70 -11
-84 -57
-85 9
-7 -68
-51 -27
-42 25
-66 75
-63 88
-40 -1
-24 -93
80 54
2 -4
49 -32
-77 12
-39 -6
-83 -19
-96 -24
-29 1
85 -1
67 -66
-14 -73
75 92
76 56
0 35
-31 -16
29 67
1 -86
20 -90
5 58
8 -22
58 -90
-5 74
36 56
58 -76
-35 80
92 -41
-3 2
77 -87
-79 86
-14 -43
57 -25
41 2
-76 17
42 -83
-4 8
63 -60
4 -81
-83 -73
-94 83
54 -46
28 -15
1 68
63 -31
30 -33
49 92
-74 83
100 2
48 4
-11 68
44 58
-62 -9
65 66
45 -80
-75 -24
-29 -54
88 73
-13 43
-54 98
68 42
73 -16
-50 -91
-15 -24
-45 14
-14 81
66 19
-68 89
69 66
14 47
11 12
90 84
-6 -78
78 -69
43 28
-68 31
27 5
-20 63
-54 55
3 69
31 -75
-33 -3
72 91
80 100
43 43
73 -27
75 77
-25 -11
56 22
-11 65
-55 47
-9 -55
-26 19
-30 -12
-95 24
55 -29
-75 60
-77 4
86 25
82 -87
-38 50
32 34
1 -4
70 -68
69 84
94 -6
77 67
-59 -70
-11 -9
-64 -34
-78 -50
-92 -65
-41 17
43 -64
35 2
-69 -47
30 40
-34 48
-55 -77
29 -17
48 -9
66 -78
6 71
60 -7
-56 -87
47 -59
96 61
-32 57
38 -63
86 7
67 27
29 -8
-16 -30
-26 -19
-16 34
97 16
33 -81
55 83
4 -10
10 73
-69 -6
56 73
-83 27
49 -61
-5 11
17 73
-8 18
40 -5
-54 71
-57 -91
3 -43
-75 -58
76 46
-88 -61
28 36
100 79
2 -7
-16 -48
8 61
49 -41
7 70
47 -34
-83 86
52 -13
-1 -87
9 18
-3 27
46 -48
19 -84
74 -52
69 54
72 -69
92 40
-11 -49
56 -30
28 45
94 -74
-99 -45
-18 -34
-43 -21
84 -48
21 -100
91 99
96 -33
-19 67
63 -72
6 60
-2 34
-4 -16
36 -36
-2 -39
13 72
-61 -98
77 23
-6 -83
-48 86
-92 6
74 -74
11 8
77 -30
-6 -18
71 -47
79 -68
-24 -81
87 -37
21 -14
-85 -77
-81 82
-61 8
50 91
-84 56
89 49
-67 91
-92 98
-76 45
1 -3
-69 -6
-67 67
-35 71
-54 76
19 38
64 1
49 -48
-77 -78
65 -8
35 67
-15 -58
11 -85
70 -26
-93 -16
78 -55
-80 19
-63 -50
-96 -80
-92 41
-62 57
78 35
86 11
-63 -62
-65 77
56 -28
73 -47
-6 94
-36 -8
-16 28
-65 72
49 87
77 1
-98 60
-54 -96
68 26
13 41
-82 -67
72 -15
73 20
27 17
-76 70
95 -72
-57 -23
-32 96
-26 80
36 84
50 35
-37 -3
25 43
-59 -100
-49 97
1 75
82 -58
-61 14
-35 -100
-3 60
31 -82
31 -93
61 11
-23 49
-46 88
51 -71
79 -80
-86 95
75 39
-8 -12
72 21
-95 -24
-42 69
65 -62
-65 -46
2 55
28 56
-85 -20
-20 -63
29 89
-4 13
72 40
84 16
91 -51
88 -95
-38 -11
-15 34
32 -69
21 -54
-11 -60
-95 -66
-46 -14
-91 -85
-80 37
34 -16
-46 -90
30 97
26 -69
64 -81
-44 -75
-47 -89
32 76
-56 67
-3 -85
-39 -55
9 24
-85 100
53 -39
-64 51
93 91
-40 -66
43 52
-46 -89
77 -22
-22 66
-77 -9
-10 -49
58 61
-12 -19
-11 60
-78 35
99 66
-17 -64
53 80
59 -14
47 -68
-81 65
-4 -87
40 -91
22 -45
42 94
73 -21
-48 -9
30 -71
-66 53
-71 6
-47 -58
-88 63
-9 73
48 43
-93 -15
42 -51
60 32
7 30
-47 77
34 62
-69 -84
99 -48
24 -79
51 -46
-38 -21
9 -82
-100 -82
33 -87
63 81
-49 -47
42 25
-24 -61
100 -92
95 36
-83 -85
19 -23
64 78
56 -43
45 -30
30 -95
44 -71
-7 34
-48 25
62 -55
-42 6
69 17
4 -66
84 -62
16 -49
-56 45
-73 75
-14 -56
41 7
11 -15
17 15
-78 -81
60 -94
76 39
93 61
-11 100
61 -92
90 93
73 14
-66 13
-33 57
69 -69
17 -63
61 -47
8 88
-47 77
-63 80
-39 -45
62 -72
-74 -11
89 52
-27 64
-21 -21
-56 -43
-71 52
-52 69
98 28
3 -67
18 36
-72 -88
28 -43
-56 54
66 25
4 26
-82 -93
6 65
34 -98
71 -86
36 -10
-100 -32
-27 -85
36 33
-38 69
85 17
67 19
0 74
67 63
98 -10
8 -44
-11 -16
1 -9
96 -19
32 12
-99 84
15 -85
95 -38
-72 13
78 71
74 21
-11 -73
53 30
-31 -41
91 -78
-93 35
84 -2
29 76
-100 -78
67 -8
71 -79
33 32
-97 -35
29 -42
-35 24
52 -76
25 11
86 -97
64 8
-30 53
-30 32
95 24
-40 -14
43 -78
87 4
-9 54
-1 64
68 -94
-70 -83
20 -1
-48 -24
15 -100
-18 29
-42 89
-38 -53
0 -6
44 18
66 -100
-87 2
97 26
-12 -32
59 -50
-26 87
-66 -85
93 61
-7 60
67 34
-36 -59
44 -54
64 21
64 17
-93 55
36 8
57 -57
2 -42
41 3
-41 -22
-44 86
68 -49
-8 1
37 16
-60 -90
43 10
-30 -51
-33 54
-55 -76
90 -42
-75 -71
32 -65
-28 -91
-36 15
95 69
-21 -27
82 88
93 48
9 -63
19 -9
-50 -1
62 74
7 -45
-35 23
91 -61
16 -62
-12 3
2 5
79 -13
-67 -22
-57 94
-79 34
-15 49
22 -33
-60 -70
13 12
81 99
-11 -22
-15 8
-91 67
-35 15
48 16
11 -91
80 -31
-47 32
-88 -82
46 -26
-100 -35
70 -61
-56 -30
88 -45
-100 22
-43 -17
42 52
-6 -97
-45 -33
78 -56
87 -11
83 -81
38 -6
75 69
-35 2
-55 -7
-100 -8
-7 56
43 -44
-16 8
55 -17
-41 30
50 53
78 2
-82 -73
29 -71
65 -100
86 71
66 34
-15 34
20 -27
44 -61
-88 -42
-51 9
13 -46
39 -49
0 -18
-66 -42
-96 71
-17 -3
-80 83
-84 46
-23 -1
-40 -99
89 72
9 -50
-64 -63
-41 -15
59 13
-31 -46
-100 56
-79 -15
-40 -74
28 -93
38 76
24 -26
-19 12
-2 38
23 -100
-92 -74
85 -98
-74 92
-26 -64
26 90
-75 46
28 -23
-75 -52
-25 18
-9 31
-27 -51
85 52
-73 -64
81 48
84 -10
-11 -63
68 80
-54 -32
19 -5
-78 0
-18 51
-33 -13
-58 -31
-25 28
-94 -23
-13 72
-98 67
-20 -99
29 77
61 27
2 20
95 -12
-1 50
32 -29
-56 -27
41 -30
-14 53
-73 -6
98 75
77 48
10 -27
18 -81
100 62
38 32
-87 -18
97 -87
26 70
74 -66
10 10
7 -27
-49 -19
42 -54
191 373
298 752
643 564
739 241
579 564
33 370
460 753
631 741
512 200
256 55
540 223
642 661
798 708
310 240
693 397
51 222
466 624
674 252
743 711
61 425
452 736
739 677
640 730
457 328
193 85
605 571
565 586
767 686
707 597
494 141
48 398
306 176
446 683
786 556
732 146
619 95
15 382
340 544
207 684
58 483
609 244
55 295
89 59
762 696
162 389
710 115
557 227
485 74
743 737
218 353
112 523
219 48
541 450
620 763
641 53
78 12
403 560
606 398
457 122
561 768
743 313
581 330
741 652
227 303
463 718
795 254
722 267
440 602
75 223
5 432
91 453
202 184
426 566
97 480
322 209
704 19
92 21
85 604
140 553
735 328
249 207
566 323
626 170
16 315
722 457
438 602
677 781
115 478
24 337
83 528
259 613
292 481
747 315
350 180
443 760
270 312
135 287
171 562
381 30
47 49
141 788
665 306
262 124
365 530
399 716
676 48
524 543
186 86
353 655
362 283
519 26
612 134
797 185
27 750
610 705
99 536
567 660
7 178
676 354
445 491
644 404
164 17
410 40
446 160
519 471
224 58
264 592
24 408
381 698
136 600
209 233
279 720
267 124
248 563
485 782
553 735
680 212
133 357
237 453
557 461
712 340
9 59
756 727
125 723
74 221
593 242
504 110
376 566
356 127
549 207
466 145
20 323
78 153
663 61
35 640
677 682
367 235
783 169
322 593
232 445
614 125
504 318
133 264
468 615
764 179
486 545
336 698
484 13
682 749
331 460
668 512
257 646
583 480
762 492
745 252
558 540
565 568
573 285
616 592
408 737
750 491
277 97
197 184
285 530
365 28
497 227
21 781
414 302
442 503
339 144
672 634
579 245
217 423
256 144
560 123
687 354
245 409
394 73
538 412
325 425
682 243
634 308
270 590
474 624
611 156
285 136
701 463
437 712
164 571
266 420
6 361
140 755
510 436
85 597
735 231
245 93
56 561
293 203
80 794
445 375
561 28
374 488
208 655
588 534
648 606
134 672
139 561
716 204
521 507
732 628
656 419
128 102
731 651
665 652
671 345
355 137
136 440
36 729
561 795
703 108
78 604
722 552
618 666
434 727
69 184
54 455
542 144
349 25
339 756
201 473
257 635
208 459
16 251
188 506
757 280
563 199
53 149
414 788
464 33
312 72
299 100
714 606
269 487
225 322
338 126
244 154
597 175
45 97
241 463
310 780
176 45
554 418
479 557
151 155
201 164
88 628
626 793
94 522
705 475
188 78
8 795
216 758
407 320
391 783
532 317
359 718
375 63
263 25
301 452
142 437
35 320
270 269
532 305
538 346
224 612
674 487
741 605
212 340
260 543
647 344
610 654
39 544
639 84
108 391
94 316
527 347
650 52
180 328
425 295
676 798
494 470
710 25
251 660
679 638
344 599
57 1
325 493
333 578
381 721
700 681
661 183
491 98
362 124
4 344
74 722
772 550
113 392
123 177
347 308
144 378
401 311
359 46
772 740
495 435
421 285
378 154
242 375
144 228
274 184
90 498
369 302
766 480
748 111
339 570
21 397
525 208
10 557
412 609
72 443
549 595
268 125
360 118
693 94
653 665
460 132
144 552
341 372
348 414
613 1
481 672
441 690
509 136
673 326
354 447
442 382
419 354
40 790
682 633
799 557
400 23
39 734
418 143
175 221
66 718
319 628
631 142
377 723
735 74
50 17
165 780
35 757
35 800
523 15
66 669
177 70
201 86
686 68
585 154
377 389
56 737
257 509
9 497
774 548
434 574
411 794
304 362
555 490
250 172
141 14
243 448
428 107
69 271
687 628
353 61
170 259
549 775
591 658
554 403
496 182
436 618
440 560
268 543
412 8
414 646
192 439
447 509
337 157
788 250
23 396
708 332
189 786
303 174
653 713
43 321
647 729
100 152
773 353
645 173
350 792
584 79
474 114
234 336
768 543
197 333
689 776
781 218
648 108
350 583
609 472
128 391
349 417
224 366
576 665
69 121
186 579
205 101
592 163
86 116
793 594
486 736
428 136
151 476
742 779
727 514
686 277
316 720
131 735
425 149
709 552
55 710
24 435
69 40
535 560
582 37
543 183
261 268
274 361
349 453
335 296
386 686
315 789
657 72
200 485
668 532
145 282
391 344
1 307
165 473
738 384
189 159
177 178
499 232
403 168
249 361
539 637
422 315
362 109
466 507
31 612
120 499
512 190
254 306
543 747
773 566
679 23
253 318
176 738
765 364
25 323
614 507
516 99
265 473
130 309
401 789
503 655
763 314
177 768
167 441
697 230
796 672
507 252
329 477
61 235
370 464
466 665
447 624
674 85
657 503
712 769
419 640
33 790
198 112
94 400
718 273
793 622
800 695
531 340
388 504
185 717
321 683
427 70
798 27
558 685
454 134
542 199
408 10
271 748
245 701
69 186
733 764
423 683
552 218
578 485
497 459
197 171
761 21
16 553
447 591
449 259
239 629
524 605
421 573
49 162
585 202
579 653
382 703
301 105
427 136
703 726
242 561
480 710
712 709
654 671
187 737
339 562
370 179
597 184
379 70
23 139
416 541
789 54
93 605
242 80
671 515
541 266
490 615
429 128
318 117
562 614
655 5
221 724
693 241
125 272
173 592
338 55
664 383
150 2
644 347
223 235
636 776
401 394
60 169
171 284
393 379
777 572
20 398
760 449
417 159
779 344
431 775
276 729
113 439
5 545
446 187
414 34
344 537
241 601
266 465
412 313
535 495
639 254
70 47
125 277
635 619
258 583
211 471
44 355
40 205
733 351
502 610
599 449
169 245
656 478
600 443
512 443
568 296
513 555
478 221
613 73
234 6
327 308
524 492
364 326
414 680
796 202
758 276
755 784
615 380
549 734
456 549
408 3
378 352
443 704
568 267
519 406
468 416
159 786
12 656
36 499
400 337
606 47
105 84
315 217
425 141
130 320
669 424
133 19
556 45
124 314
623 526
606 214
258 488
655 121
647 337
262 702
477 208
288 446
474 358
534 103
324 712
606 329
26 673
232 556
156 774
14 568
94 600
33 259
281 718
604 574
238 570
33 342
101 75
639 771
692 237
143 34
432 429
557 447
65 588
512 305
794 261
32 631
574 510
521 247
736 514
170 150
342 438
743 271
549 619
311 108
385 718
557 405
612 155
451 328
277 260
112 643
629 32
510 374
779 595
528 108
62 404
382 120
175 49
361 90
798 87
197 199
621 588
122 682
470 84
693 521
569 581
791 643
410 80
468 49
192 651
621 123
602 210
508 249
238 407
278 777
332 472
199 642
481 555
415 137
285 213
569 200
592 747
343 757
345 684
240 134
631 538
603 702
154 686
298 559
165 436
768 653
47 309
600 778
202 111
291 670
144 63
675 522
732 786
624 344
1 332
637 468
395 467
80 782
357 311
205 496
519 340
312 696
103 149
597 269
752 412
272 785
197 114
423 663
736 789
515 623
96 7
362 760
791 267
711 102
450 796
456 530
198 674
15 605
49 257
124 473
576 500
47 172
436 525
123 627
447 753
369 605
516 757
386 432
437 181
472 639
728 397
33 201
438 265
660 427
300 33
617 156
548 732
360 538
114 721
307 643
444 448
634 450
542 111
466 729
65 197
252 84
301 187
605 205
328 343
57 279
119 347
408 643
38 665
196 163
344 220
36 783
345 511
223 64
59 236
360 625
565 622
139 125
41 212
224 210
337 22
655 176
466 152
295 60
466 300
588 82
731 47
226 251
569 393
546 665
330 355
111 567
75 645
574 308
785 297
335 463
609 211
775 362
153 127
370 149
754 347
201 433
498 234
227 750
639 699
98 111
282 108
21 231
736 285
142 756
557 777
719 281
750 408
16 725
494 633
310 380
145 489
771 712
789 139
219 460
494 303
577 164
282 224
326 416
332 586
788 54
739 580
132 69
8 754
284 675
13 620
16 94
474 281
514 259
473 308
607 349
680 130
319 377
409 598
432 735
524 735
424 115
123 330
436 235
66 717
444 359
86 706
92 10
55 48
273 42
661 515
387 293
688 47
349 432
228 773
254 738
25 784
451 230
282 42
771 159
721 468
288 562
296 96
759 236
500 785
55 263
353 57
669 107
233 115
92 619
300 293
606 743
271 466
638 553
712 661
533 407
229 723
154 469
577 337
94 339
634 256
254 69
307 116
257 755
662 392
188 459
766 431
700 140
745 599
114 84
524 442
624 778
435 533
729 643
64 666
334 748
85 481
109 620
290 246
548 260
25 75
382 563
330 345
453 46
96 404
440 514
396 424
728 652
76 72
655 13
4 230
559 599
751 519
548 30
187 388
53 791
420 675
766 60
134 682
208 669
487 365
398 753
562 83
452 373
12 741
460 86
572 237
148 38
747 544
113 298
538 217
78 169
653 63
585 80
44 448
180 708
538 557
346 258
67 150
653 618
417 60
566 344
626 81
238 627
554 383
446 604
22 7
484 123
570 487
89 43
386 524
326 254
104 158
151 429
176 489
314 625
287 229
609 179
517 413
711 32
405 80
612 147
612 725
220 650
685 637
447 6
343 748
65 383
618 537
587 352
796 484
478 759
471 786
684 717
495 97
363 177
661 411
664 399
697 73
185 242
230 292
263 761
119 735
672 122
378 183
125 204
14 26
588 679
761 147
501 206
656 169
452 395
531 138
17 303
457 584
540 141
390 604
513 316
143 769
190 163
688 498
659 352
682 451
405 717
215 91
284 415
258 132
445 81
791 584
38 179
169 441
201 57
781 616
764 197
266 113
789 654
196 68
373 524
20 212
78 116
544 763
63 519
642 64
544 166
42 317
238 539
686 736
578 400
700 9
647 557
695 460
576 239
112 391
777 704
145 451
232 330
38 101
189 270
750 170
473 591
372 532
672 775
205 36
746 334
501 161
720 748
610 592
153 505
300 85
118 267
231 101
55 344
601 44
660 795
483 367
498 47
192 567
626 278
26 682
68 624
279 50
261 410
247 730
61 32
145 614
674 222
185 113
397 332
106 64
580 534
732 63
374 426
468 110
219 9
778 312
659 433
515 766
151 653
676 778
516 472
215 662
309 360
652 731
61 720
682 755
75 72
407 646
688 547
379 357
274 606
691 436
729 76
475 38
691 382
85 763
619 116
696 702
629 217
710 634
346 433
170 24
424 503
209 433
523 799
61 740
141 182
7 547
154 285
479 300
232 517
566 173
523 457
204 791
777 352
75 227
471 442
346 704
537 299
165 368
688 290
34 117
739 176
574 748
695 641
623 306
389 153
565 668
289 202
140 411
312 525
128 77
453 56
331 124
766 429
82 624
587 366
147 419
364 365
106 468
756 51
13 313
473 371
319 359
389 618
529 36
296 721
553 365
57 181
718 479
564 452
659 158
296 648
249 150
317 299
673 577
147 46
26 452
274 9
671 491
787 446
115 44
545 314
76 472
132 61
468 506
60 503
326 360
239 51
62 761
302 267
536 185
503 334
565 211
480 467
419 295
359 250
140 589
648 473
172 581
26 701
301 735
211 655
775 59
205 308
200 405
533 621
740 416
643 560
128 394
785 395
248 343
634 689
307 671
709 797
304 9
270 735
42 95
89 595
83 359
44 589
98 629
234 144
696 638
26 143
668 233
755 166
139 409
71 470
258 286
510 311
379 794
785 657
156 173
172 12
487 696
374 452
564 321
578 787
107 184
638 518
232 146
246 477
7 108
297 510
82 35
762 501
530 270
407 765
10 64
159 252
247 602
551 516
180 440
48 755
339 754
487 328
232 648
346 301
27 796
250 71
737 455
58 186
722 303
354 793
755 567
441 1
793 117
516 744
472 92
92 758
346 718
152 107
344 670
625 442
120 517
597 164
184 350
120 373
566 115
791 602
134 762
656 757
519 344
339 469
612 129
741 646
151 661
413 158
84 727
88 48
634 139
538 244
614 201
720 627
309 437
324 175
96 399
354 389
587 583
316 599
14 614
286 168
268 293
567 514
460 523
444 141
156 99
418 209
147 216
40 12
737 513
121 138
354 128
683 159
337 421
554 150
143 267
253 67
221 599
229 665
143 337
74 720
409 128
551 148
4 154
132 563
622 674
680 62
105 50
169 593
580 118
100 252
315 494
503 413
491 361
233 581
714 322
335 245
779 310
609 344
225 223
552 416
590 68
705 251
276 463
504 297
13 478
276 243
299 209
479 90
346 790
387 360
301 21
599 699
334 697
776 726
625 504
250 264
245 466
373 275
195 158
692 148
792 673
289 710
660 595
524 290
300 89
85 34
455 194
239 671
28 477
566 647
346 275
414 704
500 249
533 537
627 39
27 161
719 482
758 509
78 148
657 569
4 559
606 567
262 737
228 799
591 213
675 422
354 97
314 415
126 37
529 93
36 49
457 540
446 326
761 322
463 147
612 133
582 243
385 136
280 137
450 729
291 277
8 173
402 273
81 251
7 320
122 467
244 5
475 468
462 655
150 320
46 497
120 621
755 385
477 566
462 370
439 746
307 209
670 84
526 276
584 424
577 55
673 42
770 745
526 150
652 323
147 767
546 332
196 213
174 52
275 452
597 340
655 113
153 444
29 22
479 376
613 797
382 150
374 502
750 423
382 145
96 739
186 458
705 485
283 4
602 361
740 307
758 266
431 651
94 652
11 621
140 527
370 456
267 360
372 580
200 465
55 21
563 586
611 507
403 319
155 59
177 164
402 353
315 277
273 497
58 561
536 36
482 85
623 697
176 210
118 138
106 5
347 796
776 586
606 686
96 109
402 294
570 442
166 252
296 622
729 641
106 542
718 76
171 3
777 468
54 133
176 32
575 730
22 475
609 210
137 255
791 530
642 773
129 375
710 367
172 499
515 593
262 268
691 85
524 528
177 231
45 659
706 494
388 735
756 663
167 621
442 140
172 405
558 469
485 283
354 273
147 611
552 466
168 374
654 302
75 402
762 731
679 686
11 59
759 673
223 787
770 325
712 693
181 155
26 433
745 457
103 603
73 698
675 506
775 437
678 552
11 254
664 702
20 168
393 623
20 749
706 51
380 2
171 635
614 426
679 437
459 259
38 68
283 214
560 251
381 643
385 529
562 106
61 26
453 114
795 659
631 721
360 283
637 239
56 636
403 616
504 349
494 394
427 36
791 118
106 778
483 218
294 699
612 588
348 764
171 446
128 141
606 668
59 558
141 246
775 57
147 347
17 291
306 416
519 466
648 151
554 411
16 180
60 340
454 569
519 591
309 351
439 229
165 475
647 113
502 33
366 178
729 648
307 166
792 7
8 583
348 567
779 288
575 201
330 236
253 551
49 95
22 325
286 356
233 251
405 646
448 600
356 262
730 117
354 639
384 65
349 409
63 51
521 750
359 53
150 435
493 300
109 792
510 482
500 145
295 394
369 626
501 359
160 437
779 744
32 202
556 239
212 66
191 394
350 217
162 593
71 25
462 421
701 329
728 179
91 23
166 665
284 438
312 382
160 550
497 580
251 402
125 664
679 56
69 564
72 278
580 750
141 211
711 594
261 266
456 51
738 239
317 222
191 431
36 354
495 214
406 616
720 622
229 724
421 701
376 756
721 286
660 609
7 255
266 684
486 601
484 728
794 575
227 388
614 188
698 576
140 477
51 338
297 163
540 365
421 756
18 235
376 195
542 482
109 250
778 733
209 421
234 651
670 406
641 625
570 264
528 664
364 193
363 190
329 340
561 538
180 126
463 13
276 223
615 97
420 312
313 402
278 450
25 242
363 449
483 614
324 379
766 265
676 679
607 231
432 610
113 52
63 214
617 783
446 267
632 493
337 720
299 726
135 33
591 629
799 526
307 778
236 639
443 468
200 566
596 393
479 782
205 275
723 763
474 388
271 706
342 310
473 119
755 502
788 372
12 509
246 298
60 318
252 798
796 792
205 19
555 640
150 731
50 238
571 394
381 608
159 349
392 749
193 771
66 347
429 332
14 720
44 676
264 166
636 483
377 373
456 771
327 424
343 42
624 636
358 66
525 663
297 789
534 705
493 554
460 724
133 731
435 568
95 489
99 135
52 566
457 747
750 334
620 540
97 574
726 118
576 512
454 348
579 261
421 257
65 481
324 491
522 627
668 346
523 583
535 69
654 577
674 249
371 599
411 504
790 311
593 276
246 417
481 322
231 326
253 477
4 543
380 43
207 358
229 800
109 716
336 226
115 238
699 192
300 614
760 472
55 152
337 108
84 516
185 703
782 498
261 773
249 408
327 482
228 133
367 306
226 389
470 67
746 712
203 478
238 63
134 632
388 610
772 760
70 7
745 709
48 3
291 457
582 579
728 90
153 130
792 405
614 768
663 107
350 471
584 756
718 713
646 755
606 695
90 334
539 102
332 9
519 595
541 505
46 726
641 703
512 687
382 596
662 75
443 703
342 389
234 289
704 138
765 678
453 217
544 326
446 96
349 734
490 314
764 356
279 166
309 253
265 798
449 20
400 596
655 546
635 348
199 390
26 646
556 171
731 425
710 793
701 755
437 407
275 20
132 154
518 648
232 800
708 449
30 63
687 232
732 439
726 359
245 289
687 5
598 575
289 394
443 61
708 668
433 521
251 537
254 619
63 660
715 500
36 200
790 507
304 757
525 515
592 686
492 339
373 203
543 125
758 93
621 107
607 473
459 647
57 516
48 742
583 670
17 100
471 615
262 656
753 394
718 105
17 603
98 316
288 158
648 769
764 484
107 27
508 552
222 326
136 46
161 796
707 732
686 795
496 430
173 359
14 179
393 173
355 696
719 59
70 5
629 263
52 800
452 515
104 326
451 184
639 690
631 571
567 196
340 263
30 656
395 7
643 30
8 114
366 272
776 239
762 292
233 459
413 435
774 60
270 626
759 434
568 263
601 117
136 556
246 402
692 734
157 312
654 665
727 61
27 331
485 313
658 386
101 200
474 256
32 702
669 777
692 263
171 586
654 568
668 105
518 617
352 714
291 737
427 275
768 754
82 595
220 633
578 484
302 91
523 392
353 736
384 168
372 268
785 466
252 596
214 786
216 502
693 69
572 362
535 631
110 595
477 82
708 430
608 400
709 382
208 395
89 411
36 718
338 659
706 763
683 634
508 635
157 390
290 66
645 28
495 342
396 5
99 595
179 216
703 588
526 302
394 238
596 485
567 504
234 80
760 477
2 728
146 763
521 101
58 530
286 157
751 59
580 459
783 798
290 54
789 30
202 646
58 176
579 695
484 292
53 376
43 307
550 350
445 200
495 798
427 775
230 149
725 214
193 426
680 701
325 585
215 427
510 259
705 724
372 616
217 624
591 126
596 599
510 253
226 247
577 797
424 243
380 237
732 51
151 186
181 80
472 793
363 351
448 124
21 48
162 346
466 726
140 737
371 452
134 350
402 333
640 231
157 44
514 352
630 126
774 640
167 779
783 46
724 599
23 265
214 424
524 351
410 692
523 492
329 387
45 82
117 27
101 85
329 505
548 492
356 604
92 663
627 186
303 304
445 583
390 413
453 197
132 157
128 779
267 401
648 714
699 138
124 787
136 432
31 189
157 676
161 193
738 137
528 796
45 516
264 425
624 634
657 386
631 49
640 110
707 747
279 711
375 92
667 287
633 264
701 32
460 469
538 369
418 480
755 81
159 560
791 666
180 161
105 788
497 347
212 83
461 178
797 140
740 796
771 301
648 719
290 552
780 557
632 463
388 391
724 313
345 58
717 86
243 757
155 84
543 374
663 556
193 706
95 424
551 609
585 582
327 664
109 254
635 187
422 512
753 421
330 20
79 359
366 441
686 535
343 154
749 578
772 430
665 210
517 426
166 512
701 24
39 243
117 620
784 7
786 7
522 193
599 94
220 573
134 393
491 221
554 731
789 748
140 511
407 450
516 432
564 238
503 115
368 402
151 301
704 361
302 564
301 321
228 36
569 512
475 428
261 341
513 320
230 57
500 32
441 224
102 165
352 724
682 330
581 447
766 557
257 487
272 375
73 274
653 382
520 604
783 450
693 378
255 782
401 42
42 304
308 469
178 407
116 54
239 585
315 570
518 153
732 40
96 58
244 501
229 244
557 717
738 14
328 131
80 163
720 563
486 488
365 78
332 217
771 190
599 386
17 73
45 415
287 301
646 71
742 42
2 393
714 208
308 368
783 105
707 29
352 582
640 482
556 701
537 451
766 762
756 422
197 724
430 204
242 92
747 230
21 271
24 517
449 96
327 203
312 644
418 185
729 569
755 409
120 210
157 458
538 436
117 104
694 67
775 143
192 279
313 322
311 102
92 45
310 664
347 769
401 41
668 214
88 349
278 773
311 250
638 100
328 25
492 441
387 638
245 181
406 226
407 485
68 397
226 198
490 628
529 82
586 595
413 689
182 73
386 257
272 328
191 102
380 756
585 299
394 236
436 140
28 130
399 56
466 516
704 534
706 337
42 65
464 728
721 327
591 302
239 70
41 170
294 134
552 49
670 496
747 373
448 225
62 442
265 358
344 108
426 708
703 521
134 208
211 112
421 119
766 65
56 687
202 239
376 699
543 732
762 601
452 706
88 547
7 237
430 439
429 612
757 52
101 762
103 704
321 467
391 766
156 726
788 499
185 233
409 89
276 129
751 248
628 601
727 703
66 64
135 150
744 491
245 750
790 253
620 627
778 760
226 219
709 576
508 783
29 678
590 598
601 426
366 127
409 579
250 419
89 406
29 620
63 34
448 309
52 624
472 11
668 696
36 554
404 179
233 90
284 214
444 297
674 5
275 743
94 509
438 723
728 516
681 520
458 528
420 78
266 617
453 202
345 106
707 643
276 400
606 746
552 7
417 444
681 461
192 173
480 26
101 155
65 454
156 317
104 614
486 594
323 464
725 518
623 247
621 227
693 585
745 80
53 101
552 412
552 598
159 316
412 584
177 689
416 381
241 320
143 571
639 792
164 385
570 227
785 433
237 104
582 192
516 313
490 26
587 433
148 111
622 61
335 277
324 506
288 370
604 530
787 565
753 765
589 285
68 410
365 629
62 5
702 334
598 756
746 315
28 581
476 168
45 56
631 495
649 600
199 367
438 627
457 250
94 444
609 391
511 738
303 736
474 718
791 237
325 625
411 414
654 421
402 371
409 691
175 547
203 432
352 350
20 417
646 240
618 272
766 641
612 785
764 534
41 247
632 736
482 697
84 636
551 67
435 631
660 96
84 645
786 649
366 316
94 573
22 374
743 395
714 260
473 197
351 754
46 197
694 336
162 385
96 535
331 425
792 428
324 306
111 796
135 122
314 197
167 198
615 489
699 617
471 302
635 537
509 532
286 274
710 114
641 13
678 705
336 630
424 441
411 776
359 184
391 665
783 348
470 114
382 389
219 251
561 456
406 652
466 754
689 535
270 533
355 433
120 134
453 285
640 613
725 143
519 796
796 465
36 703
798 421
735 389
73 515
40 73
471 635
279 350
256 589
22 233
366 228
392 497
92 463
385 794
624 790
89 589
301 556
528 655
373 709
780 198
485 195
362 491
555 772
585 684
485 111
291 349
390 444
746 366
549 30
360 478
712 777
649 46
259 211
168 395
687 537
712 291
336 157
198 643
414 517
1 305
152 566
573 225
496 334
688 521
113 92
52 697
314 599
512 3
744 113
773 468
65 710
789 183
170 691
650 331
798 188
442 383
177 28
299 6
784 527
301 559
370 538
69 723
3 238
682 272
613 622
733 168
672 370
55 576
757 422
358 186
119 549
304 779
586 539
306 90
459 695
340 169
406 394
184 692
63 730
754 88
96 53
6 584
385 227
432 792
48 376
553 391
502 160
380 168
27 620
123 46
583 90
440 325
657 702
13 356
204 267
353 799
421 271
55 148
24 478
34 122
733 779
128 234
743 394
250 299
29 618
299 561
551 334
395 270
241 136
195 521
453 269
708 233
122 102
648 554
347 201
722 740
157 512
731 188
504 480
548 134
553 237
105 211
369 329
479 496
168 314
215 45
232 590
453 442
746 69
334 12
381 105
800 177
432 762
297 340
149 768
534 526
599 80
605 100
553 449
137 278
71 452
297 694
626 125
13 790
413 115
609 728
756 358
401 764
727 73
490 105
137 598
160 109
44 788
564 267
762 76
286 90
152 429
734 263
265 383
603 477
375 463
308 132
359 385
626 97
86 275
613 471
664 402
317 285
223 401
598 254
389 223
158 204
546 217
619 697
355 635
205 330
71 720
659 744
324 476
547 690
180 459
115 553
255 54
551 570
442 365
438 558
541 185
568 12
327 98
725 546
262 172
253 69
680 731
676 794
236 360
11 559
767 583
127 604
440 117
86 286
102 343
598 403
181 199
669 493
100 496
472 46
636 759
306 728
305 271
765 30
33 354
201 696
70 672
248 270
318 516
36 419
73 798
29 224
672 244
285 192
761 522
337 781
433 95
630 76
343 13
786 347
198 165
223 273
24 142
457 349
492 214
520 737
329 467
174 301
783 12
41 566
484 377
381 715
782 776
433 235
723 692
249 470
285 301
782 506
772 103
447 422
123 127
316 116
782 292
47 687
695 731
659 322
580 707
377 663
767 725
780 640
59 292
197 532
650 182
789 21
184 389
552 168
136 402
505 500
702 514
324 284
74 268
649 117
216 722
97 766
494 651
368 307
773 349
76 412
719 187
471 132
260 734
751 767
365 36
790 380
480 541
403 105
730 108
766 705
479 299
434 782
231 493
710 494
392 62
3 660
111 280
468 329
661 10
162 779
164 167
462 165
27 676
63 684
154 69
194 312
87 184
138 565
51 320
341 315
92 679
318 608
76 393
620 358
315 514
13 232
553 561
504 233
213 232
461 315
285 324
519 779
767 608
292 511
542 133
648 644
790 568
721 744
138 649
384 252
37 92
253 564
245 724
78 66
469 343
643 236
566 245
571 140
150 555
701 124
403 707
295 275
526 497
722 208
107 469
721 589
769 305
351 621
485 325
40 425
770 705
485 693
152 99
145 173
763 192
627 793
188 347
538 49
282 49
566 126
210 8
352 155
30 632
768 273
690 726
62 728
515 631
663 395
405 155
121 320
76 551
322 708
516 499
107 713
657 184
337 408
545 670
654 391
618 138
236 414
695 253
299 10
318 744
383 739
703 615
740 534
296 201
582 458
437 557
673 227
298 103
599 197
284 339
378 20
694 157
656 273
15 75
646 119
730 420
674 341
11 467
579 738
109 396
381 121
59 110
743 586
475 28
638 617
135 66
174 522
89 392
469 311
712 314
222 698
611 308
586 300
742 564
316 536
131 63
256 120
516 519
444 311
763 10
223 39
2 616
339 320
740 18
266 428
753 186
648 280
495 348
62 543
786 278
85 682
239 497
193 228
738 25
706 14
173 127
196 173
513 783
428 729
694 209
165 743
665 85
278 662
558 625
796 629
526 365
144 615
467 316
7 299
38 64
520 571
48 259
149 748
666 215
336 526
294 712
305 613
766 313
753 4
312 757
145 263
750 101
80 580
630 540
159 358
701 141
353 727
301 433
521 53
187 696
172 447
399 682
679 95
69 215
446 247
64 532
621 678
147 453
659 784
292 21
530 254
542 416
547 519
198 357
321 456
434 393
396 136
652 267
352 656
598 414
1 390
474 122
577 38
58 469
116 598
550 235
232 766
289 248
258 497
606 601
189 616
688 739
446 360
311 735
469 144
632 351
449 69
184 627
606 150
321 605
753 423
616 194
650 686
379 340
338 315
343 170
63 502
226 572
270 604
139 314
766 250
368 552
800 427
781 235
436 330
649 69
583 686
533 733
641 696
707 150
458 267
564 787
550 372
375 204
328 386
738 783
501 488
231 745
741 526
683 461
341 627
47 724
722 250
470 192
85 488
721 443
445 294
312 432
501 516
702 205
346 728
409 338
721 499
610 787
147 738
5 580
177 291
659 115
174 345
152 688
272 133
476 293
224 18
357 509
203 744
358 628
369 763
8 790
332 629
456 245
272 543
207 414
761 363
243 617
698 89
484 15
345 762
632 403
231 308
319 438
265 577
765 506
440 554
236 49
225 127
384 506
282 773
765 93
781 253
529 710
326 385
251 465
799 325
9 756
136 695
432 785
147 726
542 162
798 212
450 197
403 640
488 775
537 485
495 235
706 184
264 555
285 403
165 506
281 694
579 58
737 634
789 417
270 352
443 117
205 7
580 745
653 351
384 43
607 551
430 97
148 195
789 336
776 650
227 466
684 416
659 668
284 125
243 435
213 163
475 327
443 166
604 488
467 341
513 417
94 258
786 544
762 141
87 755
454 288
526 653
695 375
58 57
67 573
604 65
353 41
474 285
66 637
225 47
192 735
495 659
157 783
267 541
190 637
442 57
190 223
542 394
143 3
251 684
629 282
62 582
701 494
148 427
157 774
793 651
120 789
380 686
459 574
473 799
414 159
169 101
698 400
746 331
456 39
57 498
212 472
328 504
343 625
673 102
4 90
205 719
511 138
731 477
27 610
443 271
501 3
557 571
98 446
327 397
183 619
694 325
513 439
40 751
347 304
511 256
464 19
418 328
379 598
160 780
797 141
782 179
673 52
754 319
479 305
493 433
438 66
380 601
367 131
726 424
550 142
153 651
703 71
337 173
156 102
738 16
799 194
578 276
58 596
531 23
522 359
123 132
550 737
425 171
85 407
498 387
88 507
651 124
612 6
739 376
281 412
647 90
778 474
424 382
60 304
527 798
409 490
456 520
192 367
678 768
69 379
798 436
294 638
460 54
186 629
551 332
693 677
713 76
673 361
112 98
236 207
248 711
688 36
704 488
202 102
501 505
4 723
252 396
234 101
56 210
187 527
38 26
536 274
128 94
227 450
501 763
580 720
421 634
581 257
614 743
581 302
361 88
351 21
434 704
140 24
673 242
465 237
764 655
276 244
67 678
525 450
223 446
204 314
173 209
378 367
659 404
291 215
23 236
681 109
385 724
55 321
188 266
222 337
233 53
217 377
615 718
535 615
274 33
772 5
796 143
706 332
787 111
128 74
169 525
639 143
514 609
114 333
45 752
626 327
797 766
649 457
329 454
430 499
472 334
549 495
743 762
127 598
391 90
458 65
106 375
409 687
654 289
198 782
472 346
33 539
489 123
128 45
134 218
59 300
600 623
100 442
771 409
277 647
751 118
495 307
137 232
404 449
286 302
151 626
323 382
287 440
669 158
94 331
410 184
714 115
541 110
409 740
101 784
167 571
12 165
62 631
114 606
490 760
201 417
45 266
444 75
203 121
610 555
770 109
453 654
525 660
90 750
354 709
694 431
607 648
518 614
497 759
533 423
234 564
111 198
456 362
781 318
387 766
10 86
60 9
375 128
660 492
607 215
685 670
549 605
8 163
342 407
564 336
88 226
355 212
461 318
260 319
789 94
501 787
451 600
715 397
248 190
445 670
412 706
24 35
104 181
444 98
775 104
663 98
332 99
497 5
676 162
52 183
116 780
418 553
181 584
43 792
611 20
644 52
593 538
33 322
135 190
790 604
387 755
32 722
414 329
690 461
431 757
686 120
688 577
109 519
642 357
222 378
449 522
634 764
244 640
690 394
39 388
592 74
720 429
716 200
530 367
380 180
713 258
310 629
669 131
330 451
604 280
721 311
373 525
497 224
641 751
316 337
521 522
415 47
121 771
328 607
84 295
390 493
499 363
668 20
8 117
72 681
418 117
69 246
62 430
767 260
605 420
385 598
509 106
338 233
311 200
494 529
265 384
214 333
162 795
16 488
464 64
130 455
767 96
162 33
658 684
249 622
778 763
385 412
113 90
500 599
262 272
758 471
730 300
16 43
647 767
36 258
628 331
184 779
607 59
307 161
521 8
404 69
363 143
605 38
20 531
531 469
97 656
761 171
524 216
152 413
725 1
39 147
114 223
676 451
331 524
734 288
515 15
419 443
309 659
564 139
732 674
354 122
239 264
487 310
340 375
479 687
460 78
105 547
708 508
143 597
686 552
600 503
157 175
628 573
458 199
481 540
538 763
484 451
786 742
784 85
776 336
631 115
578 4
727 766
244 356
438 187
651 195
541 298
149 142
33 558
446 388
138 700
507 414
34 479
571 32
336 740
441 253
82 793
603 198
637 185
593 362
714 129
509 634
737 345
193 624
750 428
464 266
604 292
236 9
246 480
609 590
429 403
524 149
192 13
711 776
600 379
57 186
438 138
781 87
632 453
500 571
571 434
769 379
71 330
697 537
668 475
318 684
108 178
326 365
534 91
534 442
743 524
135 322
132 156
740 324
314 428
37 789
301 635
371 442
378 40
144 141
142 676
10 83
502 369
619 506
357 655
314 718
456 116
56 208
32 377
684 235
221 431
711 547
231 548
294 72
610 500
476 449
7 494
318 412
273 800
159 563
257 532
36 502
124 154
394 275
20 549
203 533
793 781
144 492
458 327
698 455
752 646
490 725
289 493
275 194
36 174
713 525
796 85
644 676
416 167
761 87
331 484
76 492
164 551
179 501
121 194
721 472
49 375
233 549
216 245
514 381
596 11
140 30
521 288
554 713
18 353
322 650
624 58
24 730
213 763
7 579
25 399
395 317
693 669
387 143
325 346
260 776
202 199
334 380
699 63
360 440
243 465
640 315
493 138
341 585
738 651
255 766
426 619
618 313
778 113
422 402
773 239
432 541
716 273
434 700
196 574
623 65
768 287
467 150
238 473
655 418
2 564
593 297
400 657
109 557
319 587
318 490
273 744
321 341
321 506
30 116
248 426
633 82
341 298
316 393
77 559
109 24
465 300
462 93
725 666
35 225
761 309
196 57
142 618
655 433
311 123
137 365
152 235
508 594
420 549
611 288
56 379
632 726
148 235
262 266
516 770
229 525
163 722
17 310
733 165
417 5
201 467
412 400
39 455
412 404
270 703
536 301
379 205
654 461
123 181
762 775
434 548
201 638
524 81
322 786
467 167
385 297
76 361
332 663
186 56
570 740
166 556
300 414
789 56
656 57
631 779
699 193
279 215
214 64
473 376
565 615
380 315
68 794
311 785
116 557
476 68
440 42
158 465
354 39
317 689
552 626
29 208
173 569
123 154
690 309
785 163
13 531
694 51
420 562
48 657
722 719
253 290
45 60
116 53
404 10
570 509
485 763
268 695
440 133
641 326
443 261
449 11
223 604
724 486
31 700
454 7
661 4
218 43
593 423
132 743
665 550
99 291
555 113
133 386
777 637
405 215
748 580
546 266
179 690
604 681
711 325
714 295
602 180
561 45
366 206
565 498
390 58
171 616
635 79
713 531
305 601
229 460
543 517
45 539
624 36
241 210
560 183
46 418
128 40
414 565
367 533
112 64
148 710
487 83
121 593
25 748
286 495
94 259
432 251
58 87
572 674
345 695
332 287
321 297
295 775
350 402
222 96
222 153
697 682
716 392
551 50
628 366
62 56
620 345
409 251
451 440
159 732
600 206
685 201
53 110
396 216
13 273
423 178
712 455
43 549
302 46
40 111
445 539
704 172
59 557
437 600
65 535
350 641
307 12
647 32
346 227
367 356
552 672
725 271
23 469
513 57
227 746
575 227
755 596
468 738
473 602
94 327
171 367
545 194
719 72
492 48
610 474
687 211
76 524
785 28
691 333
339 99
95 418
303 170
248 700
7 498
114 321
304 314
571 600
431 462
497 726
559 197
380 420
73 587
86 612
743 283
357 535
790 740
695 412
90 800
748 181
712 180
532 190
101 646
457 365
750 148
125 365
643 266
218 339
701 117
770 85
481 368
341 637
674 412
64 62
516 352
528 192
263 800
650 366
14 488
548 294
279 643
443 140
621 26
778 248
525 653
587 384
558 650
781 330
78 13
462 550
197 30
210 397
322 785
99 566
516 2
57 273
422 77
168 501
676 200
718 445
501 601
366 526
246 424
718 495
278 623
540 142
171 274
599 52
392 323
97 578
130 757
180 198
237 577
383 754
178 50
169 363
213 136
150 797
600 351
700 713
589 554
80 243
100 733
358 683
650 578
110 342
673 698
315 630
497 404
370 623
614 616
632 41
619 552
78 434
444 473
429 441
168 708
653 786
463 514
749 746
339 109
451 709
795 492
309 430
279 93
145 507
794 64
242 261
127 656
778 289
793 190
443 290
279 775
367 641
347 10
496 480
476 195
456 5
520 96
709 498
309 183
548 62
272 695
201 77
630 347
171 321
310 281
699 650
527 428
67 349
735 514
79 666
659 548
416 189
124 540
541 359
43 312
785 35
598 54
108 624
93 23
8 737
410 713
446 578
536 605
460 119
583 266
189 216
323 699
636 175
279 431
390 147
456 777
359 315
716 293
663 249
765 7
554 459
221 461
662 47
277 247
363 81
67 570
37 376
583 637
758 53
704 76
100 555
479 564
535 632
464 139
7 727
324 271
762 394
438 70
59 568
521 406
96 173
768 169
692 248
730 797
550 712
413 289
636 678
673 4
754 587
66 49
153 56
601 307
288 40
314 594
511 642
247 308
654 236
366 399
440 21
310 526
421 66
630 61
690 632
451 423
713 263
577 61
746 137
10 663
389 45
449 147
728 115
194 301
499 241
540 772
573 333
86 294
459 540
529 786
267 761
343 775
237 605
42 729
406 537
512 159
498 323
162 71
91 176
139 95
785 381
216 639
16 159
757 214
689 433
789 782
461 285
687 720
111 735
284 714
283 148
679 525
720 693
595 495
508 416
246 355
138 497
273 409
765 551
589 116
560 635
201 258
379 314
446 622
414 383
407 506
756 777
424 103
550 620
747 490
657 168
38 502
540 721
405 681
18 580
730 690
480 626
51 668
155 422
55 269
76 334
665 592
799 453
687 719
735 498
673 312
301 45
190 660
618 732
725 775
379 724
566 293
571 177
602 45
49 470
45 761
362 318
289 756
281 343
390 266
99 113
75 633
582 534
639 376
372 406
701 427
132 19
220 417
794 274
485 165
418 545
659 796
488 386
525 77
446 715
697 123
538 754
737 428
784 553
141 734
283 95
413 235
315 256
550 536
507 115
691 541
251 484
536 522
381 739
426 656
721 38
174 191
377 721
289 235
715 194
287 666
100 161
653 600
144 415
323 31
67 647
424 638
55 380
169 776
463 767
316 500
155 46
454 162
137 8
492 705
348 544
641 8
481 388
294 218
83 554
31 798
290 81
327 251
732 335
269 142
162 423
463 579
63 760
300 613
329 561
424 146
289 372
67 652
577 491
690 67
300 108
386 614
256 545
660 650
187 361
180 111
596 484
352 13
106 615
585 593
335 427
615 195
223 152
260 646
511 145
212 729
643 785
36 294
435 255
39 150
495 475
773 476
748 702
262 160
581 16
224 571
182 617
6 600
202 487
154 97
38 646
28 407
565 240
330 146
564 3
79 261
147 25
464 293
381 229
42 396
426 83
678 446
556 99
104 581
112 555
78 177
765 292
710 19
376 782
381 791
307 569
37 734
412 322
104 782
379 634
383 623
428 415
207 275
641 1
589 719
53 530
265 576
212 297
568 319
406 17
466 5
215 134
385 151
321 446
498 553
235 547
269 546
336 736
250 544
117 309
584 789
280 426
486 136
525 116
596 73
172 753
308 85
308 36
318 309
425 706
662 581
798 687
745 714
444 553
472 666
352 732
600 651
8 590
749 725
444 140
281 388
176 530
476 370
15 565
20 431
11 136
231 194
218 736
435 488
778 53
158 236
239 420
756 11
516 73
516 195
447 640
45 52
740 603
418 200
35 316
32 276
309 232
491 95
426 287
451 789
205 778
208 625
676 206
41 494
218 505
326 679
526 683
150 454
108 357
280 195
384 299
547 460
35 624
330 799
342 21
590 433
411 237
79 166
318 62
712 780
727 444
270 52
386 231
218 557
204 259
337 432
279 147
57 413
274 557
400 773
744 44
525 317
424 676
639 37
286 180
542 220
359 111
694 414
595 172
225 758
363 620
480 281
217 552
611 689
414 750
8 87
53 88
616 149
130 683
262 755
282 725
471 625
697 376
699 341
720 210
203 119
760 107
791 537
478 238
197 32
509 375
478 164
350 257
658 742
476 500
534 667
652 48
468 575
402 535
499 220
112 528
402 631
748 177
385 633
522 445
227 465
537 329
148 473
510 153
248 668
78 186
270 336
738 293
522 438
155 717
658 313
231 737
166 356
750 311
168 538
645 677
182 334
486 529
562 54
717 511
465 573
412 507
368 690
107 587
423 437
399 16
593 648
378 340
521 51
273 712
637 173
207 239
664 70
401 179
193 453
576 658
497 719
617 305
221 355
469 57
695 730
522 594
331 2
18 729
98 57
680 50
337 677
5 128
393 742
226 82
427 720
430 308
109 696
86 568
340 101
655 296
551 385
358 487
182 64
501 799
661 781
261 254
20 274
711 771
67 732
166 467
182 768
367 227
280 189
328 173
279 154
488 496
388 201
157 196
716 476
682 22
359 421
59 538
183 552
308 509
197 470
359 760
333 383
89 735
681 707
384 746
262 612
687 39
249 48
74 155
294 657
759 463
284 341
574 144
747 598
201 120
458 737
688 742
248 695
547 392
468 210
161 268
771 516
499 7
629 51
297 609
669 791
739 344
154 20
671 749
321 496
102 538
688 651
11 161
256 530
707 94
430 559
495 527
494 252
674 774
4 688
723 41
200 456
245 2
645 375
369 604
618 332
434 610
323 555
302 185
721 480
331 190
331 333
615 366
106 476
114 484
516 71
354 415
564 60
353 501
680 713
756 268
51 565
335 692
259 618
394 438
258 462
32 775
58 260
784 123
301 15
54 495
514 277
230 503
468 98
790 128
371 722
97 125
99 782
534 512
316 51
335 552
610 303
444 558
425 646
645 558
512 300
68 597
353 644
466 97
258 53
174 172
22 746
561 619
522 607
391 338
623 473
621 366
517 635
502 72
467 208
532 89
762 315
41 588
697 5
384 234
368 548
578 186
751 422
546 297
161 627
383 195
10 243
403 63
383 82
777 204
527 26
408 218
454 216
736 680
450 466
180 707
163 292
710 661
782 696
757 764
133 537
234 471
246 362
536 220
452 601
793 408
606 199
64 202
561 450
67 317
84 229
96 651
427 360
644 337
134 461
627 126
788 466
157 680
659 675
681 469
457 38
287 153
506 191
489 22
557 414
521 504
368 226
426 559
741 512
194 67
373 676
455 144
133 439
70 407
763 21
67 365
666 147
213 304
757 402
505 338
473 704
121 261
644 135
200 389
679 648
24 768
576 425
543 126
554 587
635 608
613 337
710 775
337 793
607 592
257 634
591 756
577 246
797 69
572 251
446 579
611 301
343 442
551 163
630 596
301 400
388 301
714 408
647 295
207 86
159 345
715 719
759 58
225 244
717 209
636 140
432 63
12 505
687 98
648 250
106 160
728 75
330 360
768 328
219 85
600 164
437 173
547 522
158 128
115 749
323 645
237 524
771 335
725 184
83 203
450 469
344 465
343 735
438 635
477 387
663 533
781 704
546 462
535 672
690 198
657 502
312 185
180 73
317 137
592 375
626 133
84 253
252 371
116 721
465 111
281 102
335 525
339 165
757 524
733 201
600 769
419 519
185 787
193 513
433 193
349 292
60 570
691 21
611 590
713 659
312 195
11 399
228 255
302 771
686 774
640 612
62 298
515 570
404 399
745 257
229 343
57 242
665 293
276 635
373 66
166 361
232 542
600 761
27 722
239 62
594 731
646 497
257 410
344 430
508 551
588 484
730 146
618 46
716 208
44 603
592 788
740 167
658 2
190 448
171 601
455 693
308 679
259 220
133 17
158 479
253 224
557 21
174 390
653 85
40 227
333 423
61 270
363 469
159 734
119 374
198 767
385 102
659 762
452 778
797 284
764 591
734 65
113 644
354 560
235 77
546 771
642 668
165 605
680 125
61 241
157 746
793 308
263 119
624 93
469 542
188 405
381 394
178 722
20 703
359 70
431 540
470 178
524 261
596 404
446 768
603 468
512 408
239 12
178 279
22 58
273 294
129 729
678 39
348 53
231 392
26 446
788 189
308 729
577 660
320 82
258 580
61 193
512 416
760 479
15 324
734 388
658 349
787 186
58 219
622 372
476 49
604 257
468 158
229 604
267 690
289 344
745 558
645 54
414 358
225 740
234 763
739 335
559 285
440 517
31 285
220 797
739 587
521 310
302 300
758 253
627 617
13 453
38 132
501 174
698 330
219 755
209 540
97 176
194 606
792 12
154 225
567 187
460 681
770 453
669 662
688 97
608 643
218 633
208 76
752 772
150 46
339 420
528 194
755 312
68 27
57 701
655 158
788 633
42 701
357 246
351 715
444 617
289 660
762 108
154 213
625 501
152 655
84 109
722 157
109 46
258 361
644 74
35 228
172 151
400 336
751 754
717 384
144 166
790 405
153 201
309 156
78 63
345 395
73 666
505 82
310 399
218 384
571 25
762 6
98 330
163 604
588 33
453 290
36 323
242 189
387 457
515 597
267 335
549 272
60 613
132 331
567 122
519 112
412 675
745 780
511 103
475 160
562 258
433 151
513 170
234 714
619 786
776 764
523 614
586 470
91 399
461 572
234 552
304 714
778 797
451 322
786 352
537 742
541 643
765 32
560 485
246 29
583 617
494 775
631 692
146 19
558 216
487 114
476 542
745 763
477 755
237 360
634 595
682 146
115 259
345 605
76 533
300 245
447 641
213 722
604 131
141 112
388 626
295 82
786 219
352 86
672 79
350 305
54 156
62 579
742 124
227 403
45 155
663 86
736 329
262 218
89 132
583 448
450 322
472 753
466 161
726 758
220 551
770 359
158 656
585 196
415 364
114 661
545 737
113 297
592 15
549 49
276 692
211 60
565 271
740 83
795 639
113 291
423 157
254 252
606 328
684 726
527 604
347 76
591 404
39 197
281 709
581 227
112 666
497 615
763 577
106 786
273 500
426 90
180 620
777 726
50 40
208 771
147 563
26 477
294 143
84 192
211 532
561 134
668 161
501 796
267 171
586 583
475 14
211 47
73 610
177 599
310 778
34 514
744 392
623 514
567 262
156 94
341 550
476 254
684 586
335 359
338 123
102 234
402 497
552 344
169 439
482 139
353 393
60 765
181 89
371 582
633 649
24 594
78 329
345 765
527 80
747 128
757 437
638 684
787 771
275 84
770 558
29 386
165 484
358 95
747 353
565 672
762 788
228 784
504 406
304 564
796 306
646 203
463 501
573 624
61 679
474 623
313 797
792 770
738 132
139 609
357 9
196 646
792 650
522 7
6 179
193 397
627 393
117 302
760 620
332 135
19 438
92 774
363 571
270 648
786 72
245 444
368 504
294 285
402 150
542 694
290 776
314 78
5 593
338 241
120 728
573 789
62 387
625 796
395 220
411 315
186 710
458 276
741 293
173 470
42 262
205 445
204 772
122 613
547 566
591 294
751 771
300 744
10 563
192 91
368 799
374 738
92 411
11 9
212 199
548 336
252 558
174 182
457 343
676 710
321 610
797 349
153 307
342 751
257 360
114 716
464 709
113 642
154 35
505 254
42 87
344 166
610 258
540 121
546 464
562 163
300 553
504 144
568 726
462 488
305 569
322 557
3 674
697 760
149 661
760 76
503 793
184 374
366 482
315 127
461 542
455 99
396 91
712 67
719 683
220 214
517 108
157 631
288 614
729 534
31 367
651 253
397 357
184 766
350 746
61 596
117 449
564 175
431 293
9 722
791 796
725 373
215 494
695 227
669 213
223 571
535 462
530 579
231 71
765 45
356 618
718 414
603 646
11 339
70 58
154 325
686 440
260 745
559 714
104 656
365 533
397 96
224 404
476 118
498 511
769 87
344 316
340 590
260 225
672 601
481 426
697 389
687 331
340 566
86 553
742 62
551 138
709 2
793 259
632 13
89 41
320 240
501 90
55 275
469 138
548 718
240 263
5 152
600 419
400 671
182 213
615 13
191 667
779 573
739 284
564 127
203 515
500 716
306 446
637 572
689 277
428 477
357 260
61 296
134 175
482 618
502 728
419 413
682 174
161 652
127 385
511 454
724 780
504 221
40 130
333 442
415 281
465 82
32 635
693 444
438 88
544 346
241 205
188 456
234 299
46 308
777 87
608 512
390 665
304 254
461 60
514 555
654 347
131 418
172 217
706 279
437 238
381 295
102 477
618 367
72 86
273 502
255 716
573 733
601 595
515 718
773 755
640 545
654 320
142 391
256 522
617 174
651 593
756 296
378 526
73 233
447 649
232 266
369 731
150 418
397 30
153 75
603 557
157 49
700 655
705 114
155 438
232 720
547 706
687 167
516 798
525 572
49 223
563 272
300 637
410 780
27 431
363 398
22 763
255 656
267 756
685 597
443 260
444 106
615 711
215 237
442 653
588 301
512 789
21 108
33 490
212 185
63 313
754 337
701 12
489 20
205 57
132 705
576 637
544 393
578 66
788 676
467 188
475 98
337 325
557 190
62 312
17 38
179 399
519 750
406 432
576 179
20 267
117 105
296 263
210 92
190 57
431 342
646 745
621 513
517 396
316 200
753 129
575 178
210 38
547 255
776 87
746 387
469 310
531 414
50 140
14 496
359 654
337 684
297 405
567 496
286 421
675 45
201 411
777 601
24 146
541 733
762 80
107 634
705 741
524 242
444 561
178 306
135 5
578 177
788 800
271 756
769 204
99 525
597 446
93 539
93 677
367 355
563 588
167 301
11 739
530 567
678 128
281 434
41 674
12 782
476 649
586 371
560 798
476 427
676 675
552 564
542 437
83 746
569 58
388 273
678 542
622 160
33 476
248 8
54 653
442 623
603 306
268 469
592 424
357 480
789 738
21 404
479 139
20 713
711 702
293 320
618 634
19 473
391 765
126 636
427 567
227 148
472 121
602 269
766 742
326 14
722 451
413 214
206 353
777 298
787 712
571 86
220 123
563 658
199 645
550 514
210 439
622 373
149 204
284 419
745 39
405 133
428 437
753 271
24 101
672 653
398 357
762 746
447 372
14 756
510 513
571 732
148 22
434 692
295 432
789 369
240 140
35 27
783 118
299 147
533 434
671 384
93 427
564 713
674 631
97 613
296 734
328 431
443 158
486 240
67 333
358 660
84 184
92 649
136 354
69 374
415 288
238 308
740 431
766 351
183 596
109 686
291 74
760 254
494 697
385 649
126 359
180 71
342 524
594 519
484 537
412 299
686 745
210 57
360 393
649 119
590 735
719 407
299 51
372 686
407 591
364 453
737 135
663 682
433 460
112 696
105 262
186 680
243 670
334 524
40 93
89 552
478 391
393 290
574 12
549 751
707 780
16 622
375 211
616 657
472 604
456 251
574 53
216 371
122 592
335 61
39 418
690 229
407 467
448 605
524 345
28 156
342 289
611 217
247 458
104 396
553 227
722 702
49 556
518 360
81 361
463 610
138 286
593 699
179 325
357 228
618 480
84 101
731 555
317 420
89 271
733 790
592 492
676 290
422 269
281 749
603 697
787 526
289 751
207 491
322 58
193 458
549 361
775 80
128 169
348 70
568 742
633 563
119 251
776 506
669 528
565 339
487 204
241 387
65 521
233 531
514 354
696 193
580 72
77 276
465 582
578 591
614 788
690 663
294 668
446 709
275 99
619 528
69 392
150 624
369 594
348 106
687 386
58 494
522 418
771 415
593 149
235 748
278 633
423 245
749 251
646 224
494 373
351 473
40 505
787 454
782 400
134 702
245 508
527 573
587 695
382 693
355 338
792 32
280 298
260 139
261 745
793 37
564 341
502 5
66 298
728 119
632 779
611 349
30 404
319 86
193 6
307 412
618 346
554 43
314 577
120 407
138 764
145 620
78 755
21 265
38 391
599 277
46 396
592 501
693 174
84 515
576 432
533 475
200 391
321 80
107 86
301 22
662 647
37 209
33 576
449 732
199 668
639 497
301 217
777 660
741 718
469 621
608 211
475 502
705 247
606 208
761 479
178 455
580 61
494 236
372 554
798 306
89 661
98 478
726 188
524 358
56 184
621 704
24 624
600 244
695 547
323 461
435 629
627 422
527 242
454 664
622 34
528 481
780 572
112 76
6 379
213 378
675 260
93 199
386 570
749 329
559 41
264 175
700 691
145 347
388 47
309 247
158 191
245 191
346 334
604 318
770 126
404 662
768 451
8 503
358 291
100 549
295 325
570 394
134 778
482 713
305 249
139 3
166 168
18 86
535 653
398 448
466 146
269 519
335 63
77 407
260 655
450 644
319 47
328 756
601 321
296 280
572 353
690 516
295 404
374 464
278 684
575 327
435 601
200 608
24 664
426 454
106 583
349 260
202 622
146 781
225 208
545 675
662 592
235 574
490 764
280 302
599 626
708 599
539 164
427 314
259 601
251 422
124 752
146 125
149 23
190 231
786 497
643 587
548 387
44 94
251 624
686 232
429 497
173 620
1 64
249 297
538 512
619 145
136 322
264 791
647 220
596 415
697 406
529 221
734 109
607 540
761 446
678 93
50 490
551 150
425 465
712 717
229 730
600 760
369 588
554 657
439 333
283 175
491 632
259 440
177 314
129 636
211 641
568 313
755 376
174 151
782 242
778 715
444 734
743 202
507 531
702 424
571 28
383 458
665 386
109 577
277 118
416 757
441 692
462 160
728 646
57 176
262 522
290 1
65 240
7 126
564 725
736 592
11 227
711 320
776 714
67 259
155 117
764 657
424 68
467 630
43 221
479 352
485 350
403 426
533 48
135 76
328 175
395 349
258 380
762 130
348 196
343 361
404 679
180 23
444 224
754 575
51 295
215 647
416 52
799 513
472 768
149 44
184 99
599 737
573 574
250 231
604 640
721 766
709 399
51 788
21 414
187 141
759 324
587 210
169 579
106 258
193 789
469 420
100 500
323 779
472 613
552 744
708 756
642 780
526 288
170 752
39 151
10 634
343 601
244 107
558 632
408 416
392 474
456 422
255 501
626 678
41 574
515 655
281 547
495 531
412 256
211 207
713 663
685 707
167 378
66 276
611 228
586 388
681 96
703 300
644 472
562 465
3 637
714 766
773 756
38 654
743 435
228 712
290 430
240 35
353 145
471 156
106 647
422 377
133 595
484 730
586 685
285 406
538 413
77 365
87 17
242 90
359 758
677 359
28 40
406 409
318 326
597 445
741 259
282 662
617 465
18 162
11 527
764 709
403 18
351 486
97 429
50 703
474 215
31 622
1 592
630 260
788 128
191 786
403 410
501 692
417 88
516 474
158 343
404 45
531 370
530 279
596 408
516 452
635 707
798 707
377 687
40 260
695 644
696 249
725 686
389 714
411 550
372 181
669 607
428 478
190 467
735 228
774 145
648 265
45 527
513 602
188 344
770 621
653 255
442 592
611 119
317 38
65 1
748 455
410 330
775 269
531 612
441 77
510 790
119 738
422 473
153 483
695 193
736 264
611 509
517 619
762 769
545 630
218 25
554 270
718 745
706 232
667 609
377 696
742 756
76 600
518 322
30 357
437 424
95 133
173 138
336 159
133 795
120 249
732 36
565 21
1 524
125 771
137 340
438 733
69 98
681 437
479 660
742 75
452 232
411 444
200 462
430 720
413 579
666 406
638 19
692 160
563 71
452 79
497 114
638 560
389 281
27 347
226 663
271 644
207 793
322 480
174 636
211 503
458 365
762 449
490 127
184 18
757 197
490 408
9 453
765 609
585 176
305 725
