1000 7351
129641.740000
-98921 -14936
14716 -79621
-2947 -12761
-24306 39539
36783 83199
-74432 -12065
-25923 56379
-76373 -89813
22439 -91462
-30523 67951
-89832 27736
-66400 38598
-62591 -65347
-70866 -77363
60464 -862
10351 38891
-18034 41164
-25680 12007
-96383 -43646
35497 -55186
31796 -77289
-96536 83535
66417 -85256
68919 97455
-19362 77534
-69541 -71296
-11002 -28849
47562 -3925
59053 70417
34006 27915
-97987 63350
88718 -52424
92962 32454
61376 -92827
-98539 41152
51536 69093
-69698 -19964
-20935 -99434
71021 -23327
16207 -479
-16619 23211
53117 -8838
-30033 -79351
3542 -23723
-81012 -6981
53712 74768
63221 16012
-91240 -68404
41936 65608
25307 13515
40450 -63163
22251 -71402
68139 72558
-29943 40961
-92095 -68495
-95146 75544
6372 -55931
29057 94710
-88226 -80885
99832 19767
-46203 -68450
-20615 71138
44545 -12775
21180 -65553
-77917 60171
41825 65858
-73433 -33303
-11127 72533
-81323 42410
991 41713
-91675 -29551
-35203 -70161
-47617 47512
94996 -75993
-16666 49436
74218 40059
4051 35297
76688 -74644
30583 57569
-36626 88563
91673 -73335
-39736 58248
51919 -51626
85770 63548
-33997 5310
-68338 83559
37599 -26793
48289 -73543
-75409 -67549
-75908 82710
-5678 97321
-2489 -83327
-6823 37761
21942 -18067
-99876 -70793
73740 -39670
-85666 58669
-50957 -90203
65086 98009
-59507 94380
-49203 -96034
84428 -63882
55064 96302
-25975 78326
-56359 32294
24015 -59637
64328 57260
-22089 72412
34123 -37711
-13686 40550
-2331 69522
-67369 -20700
-13201 50409
-16731 92954
-59128 -502
-74957 -85980
70017 73568
-14651 -73392
76551 -80536
-65021 -26015
-77035 -61805
54322 -25230
-14375 19226
69334 -89398
-71804 -77356
87214 -58985
-86922 -26747
85362 -97784
55919 76476
-23043 -26165
-70470 -92391
-50836 95393
-86525 -8877
11289 -22542
-68138 70980
92191 30064
18616 43235
-28012 -44578
34575 -95123
-71290 58638
70624 -45176
-19956 45126
-13099 -8857
94541 76962
-10626 67970
-14856 -69286
-84579 -39971
7514 61723
10087 22484
-11040 27022
34809 -72190
80781 86700
74471 -37153
-78005 -72254
-48771 99221
88289 -58629
60329 2351
-98864 -10154
-84861 -97833
-26884 -26229
70774 30026
-65422 -37161
46453 -34934
-51204 -759
93944 -40424
-51567 -83811
-6282 34478
-89063 90240
41613 -9115
23297 -54209
77608 46489
4661 -23459
9750 -60840
-12871 -82334
-99917 21168
13981 21703
60484 -77346
-93774 91094
28798 -97363
84741 69385
35913 -73775
35606 55086
-63822 21814
27612 40957
-11589 -97151
-91136 -72210
82558 -89621
-30714 40844
-97656 6499
75315 -99652
-43551 -70657
63489 92658
-36208 -303
11579 -81090
39898 7272
-42852 85578
42576 41074
83829 -84806
30123 50816
-23767 -83326
28248 -19638
-11116 2969
11517 4852
-30691 -99152
72540 -89502
-10539 55563
90332 36120
92202 -78925
-35537 98714
86003 -90899
52224 43648
99630 49052
-44230 92905
43142 -82703
47894 -58005
36154 -68689
-87474 -65018
97789 -94680
-23295 22747
93832 -34264
60136 13018
-46926 16454
-54496 -85955
-50308 5644
-22322 -25399
-15095 17924
-95922 41417
-66988 2424
77359 50317
96423 12716
-776 -18002
-37200 -240
88821 22167
-34891 -17295
-24105 56012
-81765 18583
-29908 6248
-82081 91089
13848 54709
42318 -29249
-50714 -99127
-19103 4609
-17164 28914
-62631 10208
-14097 63074
-43414 21925
-99478 22077
87842 -44575
-65658 23462
97932 -25020
-13273 59589
-46652 49744
81345 -58892
66465 -28189
-49771 -89626
79002 77847
86499 -80984
-43919 57639
-53473 -4960
41666 -37577
61502 -6221
74406 98902
-3992 76919
30746 -85116
-54154 -10254
-83070 6465
-81632 19615
46250 -9154
-74772 72857
1146 -87247
-92625 54651
-86438 -23177
90743 53501
50186 -69053
40804 -35237
61594 -6219
-87439 -6583
-69926 76922
41902 -15791
50301 81838
-39292 -88767
94305 -20132
42402 7077
-88863 -87564
14601 29392
-98117 70962
-77308 -2240
47359 56459
-42942 52127
-49693 -79041
-71172 -36688
22256 12583
-33403 -61356
-97370 45457
-26753 43818
-54360 -67369
81939 -45118
29243 87894
59971 15055
4131 -9893
6780 19839
16900 -87343
35114 -56079
-87567 -57757
-93553 -84910
47536 -16042
26578 27444
-43205 -84909
-35364 -99431
-61523 40940
-20730 86626
-29188 -72316
-20153 16192
82155 16954
70584 -95510
-62825 -31258
-99870 -63268
-69179 -90778
16077 -25755
-86375 -28473
30241 30679
-45401 39132
-11800 1388
71811 14975
92211 10755
65008 -51079
-93156 -89409
72439 20213
26408 26026
45080 -82286
49734 -95543
-7262 27690
-6776 29919
-22882 -17082
71695 -23927
99685 65215
-76735 -79264
80671 25665
-84828 2936
91400 -63522
53110 -38972
22726 96330
-88366 -65913
79041 -5803
-46230 -5103
-91014 29295
84033 6569
-30092 -96438
6418 -9212
74314 39319
-95459 58384
-14341 -78401
-4740 -36331
-92652 -40807
-7895 26385
-41724 -26164
-20633 -74402
-13062 -37510
93198 58279
41215 90293
-695 -54268
-65503 11097
-10244 -79768
48683 -97393
-15605 -24898
-28245 11025
447 -25838
-5413 55900
-31261 -68432
93364 68415
27288 21985
-37972 21784
-41409 33726
-51911 -78947
-95487 -11420
-46761 -89866
-58969 -9543
45235 -20547
15640 36768
-92938 57336
16970 -84579
36537 39257
59889 16471
98953 31850
77527 -70047
-16875 -1044
-34646 43675
14733 38179
-73699 -5892
-63479 24745
-34117 -82667
51282 -67321
2520 -27702
-28920 -94900
95319 -93444
84094 23871
88364 -56968
63036 -38285
18596 90381
17571 -45296
-38241 12179
-28230 -70178
-54163 60945
-89418 3810
-6000 5272
23248 55498
-36725 51168
-93908 51736
66561 -14630
-37432 -72841
39869 -89355
4740 85109
90217 -96173
86810 81125
-4314 81667
-68365 -67462
-9681 36243
83069 -8439
4412 -63015
-20651 -24125
71008 -67591
-94701 -6357
25634 89232
-44509 -79480
-94193 -6580
10024 26945
-47436 89221
-27881 70851
-16519 -11982
30129 1591
68146 63929
58869 70894
-99857 4634
35615 -8011
48777 94040
78707 -22582
-76294 28740
-32237 41115
-86606 -30829
23660 -10677
13492 3102
-11308 -40919
-87499 -85306
-96495 18188
69523 62171
-16343 -23934
-25485 60988
64220 11955
27169 50930
55979 -30274
-46169 -50616
64351 -20555
38591 94218
29031 -85115
52168 -85848
91268 -73566
-20133 88600
46741 12353
46662 44725
-84375 -72869
-6945 -7660
-73220 -79368
-99225 -75037
66807 4063
93289 78317
-62998 -41373
-70864 -98940
-64923 5617
14016 93488
-59649 -73139
14761 26890
-84399 -16649
-2500 -41599
-69712 6122
-21137 -44677
-43590 -38167
39243 73856
-86154 80699
67996 15466
-32659 -85231
74236 69952
-37543 49926
63539 88587
49989 34967
11614 88440
94341 76812
85500 -8920
-87427 -95205
22316 -22241
-58396 94729
-93717 -60494
-67474 -55949
51910 -85236
18463 -3557
-85758 -94853
-19169 94282
8437 -71489
-57935 99726
-39535 -36056
-61950 -65428
29723 90543
-74082 18377
20371 51275
-27318 -57457
-45211 12571
9923 -14265
35815 -45085
-34709 87182
85065 30272
-28541 -45370
5000 -51076
9163 -37285
15559 -60257
-94813 -16636
79148 79356
44979 -52247
-90951 17421
-66752 -19069
-2518 52336
-52129 -80596
24394 -64690
23196 -36866
-98163 -10827
61776 58999
58478 -67374
22115 -27884
31158 48450
30003 9285
91123 -11710
-69384 56667
-31800 54235
-8113 11231
34937 -28457
45941 -57219
-68405 17863
27201 -60167
-22865 48357
27290 48484
-44137 7655
89884 -67886
37866 30024
-22980 6516
99733 49161
61688 91557
-66764 -14861
-6082 -3491
-13963 94387
-36425 -85560
-28483 -5949
13938 -26079
-58834 -99091
-22270 37306
-61087 -80461
42993 -73458
-33639 -49585
13082 -10776
-25017 79468
52487 5934
22177 11831
65852 89439
-38222 -37947
51543 26532
-82653 -71846
-72036 -98491
-22568 38709
-99483 -62510
35311 -99230
83235 -43033
66922 -94012
-94688 59986
-55700 9540
40152 85992
-53083 -90822
-67660 -440
24200 -97688
16343 -89595
81738 2729
95310 46249
94802 86472
85852 -12701
-36527 42050
-84626 -98405
27863 -81063
-24098 -2896
-31812 -32546
-49651 38542
99274 87084
99817 99136
92402 -42478
-37287 97229
90294 -90012
25257 -80627
40685 26538
40010 69386
-91897 93835
-74619 -53457
93983 3285
-39148 -1545
73039 -31241
-4372 39073
-94197 47205
41851 -31625
-22804 -22749
-68950 -14660
-61365 10892
-24078 -250
77256 -67458
-80771 -66493
-34498 69531
42564 -56135
-71681 9531
-82118 86957
71322 37654
-16535 -65286
82026 76438
-21595 49766
84336 -69989
75106 -17504
65700 6418
-55250 -4727
-27382 1947
-81408 -97198
-65001 -12549
-99411 -88418
-67617 7669
84072 86391
4504 31972
10728 56970
45043 45906
30882 248
-53865 50448
56263 4975
32979 -19583
-78808 -65756
-90124 -14981
-33681 55941
58849 86055
28267 39719
-83233 -76756
51089 -67640
-82228 -1617
86103 95648
-97647 38891
-48150 -40487
76685 17759
-20579 -37410
-86544 -34629
-48483 -61530
13356 93555
22142 62966
41192 77810
-22649 -38664
-98812 36615
58724 -43399
42102 -84004
75333 99961
-71957 -64744
-48937 85464
43923 34461
5612 -65118
-56665 9998
-23965 -53523
-44993 -44043
72876 23673
72555 -86129
-70864 56469
55884 81991
-69451 -71587
-63942 70779
12672 42063
61274 -71856
-10531 62325
93070 -10067
22770 20674
-27690 -63368
90617 82078
94473 -70528
-92345 -60202
50624 -84767
-10209 -19947
49578 -4180
-9726 65949
-2162 67517
-6479 83427
-57639 35837
-32392 96665
-92424 -7671
4432 -37971
13116 -63943
-28233 -30081
-64206 23550
47009 62945
-50766 -21643
66973 64952
45267 50995
-80291 -36712
-27481 97028
84052 -14416
-71936 27591
-54290 75130
-7227 -5091
-17355 22841
-36879 9735
90543 -38273
88010 4246
55705 -79309
-53546 70370
-81975 79248
-49334 -91348
-70469 683
-27436 -82745
75519 -43606
-62094 -73873
94729 62853
-18401 -8630
36010 50791
-39096 -20346
55357 26449
-4555 -38915
22652 -75985
-61227 85969
-94891 89573
-25383 -48494
-11211 -89210
-96141 -90141
27916 53928
42091 -70837
-19282 97803
-17558 -99685
-65935 62162
-41503 97013
-53668 83146
4922 -70091
-48102 -10032
-38544 92671
78185 -45442
-80444 20651
5648 10439
19457 66721
-76694 -5635
-54353 -35589
92099 -116
1898 46847
-15059 88669
74047 57602
-13121 -81276
-14798 -14546
-8548 11331
64928 58873
77446 -47694
85883 -61901
-64870 77895
-38840 -16142
-49753 23206
-9986 36996
-59364 71116
-16841 61372
62485 77427
93543 40727
45858 5013
96961 -91818
-48507 -3091
36744 52533
90039 -88983
63528 86498
49681 -78201
-30752 65255
71442 -82695
14900 17219
71656 27162
-81784 -61049
81584 -74106
71943 -80302
-21873 20654
58969 40470
-4628 -49357
82909 -61483
-68259 17121
3909 -98892
-56492 -97384
13491 -7606
-22196 46981
-25943 86078
-9883 52186
46450 -61295
55911 -22341
-53470 -55482
-93136 -74543
64621 -42608
-88774 -84333
64628 -74046
-81316 -33929
75452 6708
41248 57033
79103 55866
-38335 75288
11536 43308
89080 42620
-32759 12601
48372 9909
50423 -90640
16152 -82715
30558 -25611
23927 66400
73705 66197
98214 36291
-29244 43671
-62943 -26807
-85014 -23818
91073 -92022
-23533 -80073
-11530 -89428
47218 56831
-17685 -8731
-22061 -63638
-22286 -13647
14609 -13252
-75032 -35895
-790 -53632
35537 -72732
77504 19818
-2972 -81252
-42966 42389
22843 -79207
407 65783
-20095 -5668
72376 92145
2356 96
-79626 87838
2446 -42419
-76410 79151
-91216 72856
-18466 -25369
43194 -41530
-87234 41836
55151 -57889
52252 -14318
-29235 85174
20156 -67731
-26953 -76681
48005 25770
85002 61745
-72334 -88191
98607 57853
46239 49158
51095 -60310
-3158 -9802
23196 -49402
-51033 -5162
97522 -9036
-19816 -99434
-88707 -20768
-98845 -35813
-53990 3063
-8012 -3319
-9238 16206
64156 34587
-47966 25376
94470 -46315
-32312 61033
-31233 -38677
-52011 -96733
12069 29434
-60073 71695
-3480 70081
48913 -14074
-42762 77477
88254 -1114
-15752 -5952
-41260 34368
68774 40157
15428 66020
79454 -80469
-7325 -70217
33542 27708
83413 9507
-34678 86726
91569 -71127
33108 38980
85574 85980
-90951 -22906
91748 -20197
-23518 11321
41765 -97199
-7334 35291
87958 54984
-47769 59978
71995 73389
-66236 -78742
489 -9126
-65423 -29178
50254 -7894
32153 7553
46042 -86089
-91888 -20020
97791 -85978
61270 64927
-91018 -2098
24266 9517
-29599 -27967
-30790 5975
31744 -14059
11728 -85574
15403 65215
-48520 7290
-4012 -16028
86167 -14722
17346 47817
52519 -5504
-71701 37033
-25102 72381
23655 81565
73755 -68812
77461 41691
32515 -86194
6422 -37503
-35377 -42907
61341 48180
-67063 -72636
-59537 -60803
15184 96226
61547 19295
56755 12896
27242 -67231
-69431 33961
76121 -80046
-68719 -41427
-19025 59711
58903 11584
-61750 86189
-74416 5124
37937 -14163
98024 -67364
49428 -3089
-66952 79130
52264 2983
93750 93517
26897 41809
10196 -85698
38361 -29224
15893 96198
-91456 21624
-86973 -21638
-49363 -9368
21243 -91312
-26008 -48532
-22788 -58521
-75915 -25928
71458 30388
-6173 76564
45399 29729
29728 -81176
-31515 -66080
-83959 -11602
69437 -74053
39047 -89018
-67043 68301
78581 16427
28096 -92429
78397 -75638
-96443 57091
43591 -2043
-77803 -6436
-11973 -75456
15340 -29051
97327 79382
-98552 97262
-85063 -99627
71591 -14311
-33836 -62713
14450 38822
-43256 51366
-61669 -65510
-27078 37178
-62365 -39830
-27093 38100
-12998 5024
-67065 -36266
-95068 -61536
57802 -57637
64621 -73975
-27299 84152
71453 -89570
-76655 3613
86884 -40574
89897 57603
67440 -13620
-7127 37222
-44623 -82769
96315 -98850
55465 -31254
-75746 -90575
-78000 94917
-25992 5896
-67829 57458
-39417 62150
46775 63315
-39275 5940
31247 41373
-44650 85648
757 263
351 759
86 817
437 24
570 393
805 526
143 448
520 952
508 569
583 736
484 321
612 505
203 942
8 214
369 938
78 748
77 450
954 8
920 515
772 497
335 682
428 731
204 130
443 240
556 751
65 227
187 907
863 536
454 410
579 561
758 924
587 58
292 306
920 70
124 699
804 686
973 23
885 484
425 665
705 467
964 52
188 417
370 691
519 112
501 328
82 804
268 39
308 445
689 197
733 677
783 44
700 473
673 765
998 119
879 454
611 148
233 649
284 311
924 40
427 651
238 666
844 699
941 600
369 807
508 636
774 388
482 674
933 565
891 7
635 723
905 311
714 676
458 390
167 916
100 19
877 219
849 109
684 870
939 402
531 57
562 710
904 847
600 761
776 330
585 154
625 787
802 479
517 654
518 977
993 340
133 41
326 810
506 723
903 753
818 97
283 925
794 531
391 318
724 742
118 187
154 288
149 488
293 705
391 322
620 388
255 807
857 438
350 137
547 378
298 762
803 1000
449 468
972 259
513 990
344 362
520 576
789 447
787 693
108 746
688 780
115 133
837 841
299 734
710 394
664 803
938 823
643 91
775 105
77 302
145 636
633 323
87 933
177 984
641 585
418 725
384 875
393 213
273 168
270 491
119 31
826 790
732 510
227 943
668 749
965 714
694 926
727 780
154 802
276 354
586 450
971 198
577 451
101 539
303 427
181 299
473 761
278 993
292 116
382 774
106 563
963 753
67 234
295 897
515 586
269 949
548 886
432 105
90 820
870 430
636 846
90 248
453 459
980 646
791 424
263 341
769 851
684 898
5 958
370 589
475 294
131 401
275 393
980 345
549 353
370 392
861 192
577 766
885 437
786 3
634 391
458 168
635 783
729 244
345 264
476 941
498 312
733 973
317 243
171 50
971 323
873 343
782 607
387 977
704 883
359 864
546 686
455 305
279 58
671 47
932 660
271 731
225 274
977 570
670 944
166 625
301 661
752 995
276 567
491 814
1000 949
658 750
955 4
548 989
175 669
406 556
891 986
710 612
394 101
534 398
714 14
194 880
594 951
728 604
940 655
462 559
421 805
105 883
626 967
929 744
180 177
908 153
377 966
924 908
587 243
507 115
583 636
23 27
628 436
814 249
19 21
316 896
671 798
579 288
828 83
570 429
254 481
127 583
637 631
972 742
856 830
111 246
705 351
738 335
507 766
849 891
901 454
641 958
321 360
616 317
637 919
673 176
557 239
240 645
667 218
375 62
47 64
343 73
445 500
533 503
121 197
152 97
375 417
712 851
178 782
29 968
611 121
74 893
204 123
220 131
15 213
946 560
418 842
924 115
32 209
459 30
374 589
874 172
342 258
75 628
572 177
105 618
314 870
583 224
737 296
186 137
838 270
638 463
514 791
44 772
134 397
670 281
267 990
318 945
415 895
493 77
622 403
580 939
214 460
523 940
695 455
81 15
110 290
703 736
615 847
926 771
540 69
513 755
176 474
130 763
918 183
825 41
954 574
132 314
734 809
384 469
22 83
127 212
618 551
639 590
106 533
671 40
856 310
423 976
871 556
413 919
960 80
162 483
993 380
543 480
508 962
218 775
863 181
332 191
231 500
505 156
132 283
576 379
373 847
243 619
264 516
421 526
275 358
666 240
122 798
869 651
623 150
915 349
98 246
830 922
451 613
224 911
358 721
271 700
424 693
543 713
435 189
187 920
241 863
269 364
136 190
684 76
187 985
877 124
568 241
468 435
634 928
367 714
608 355
26 155
983 222
967 462
410 809
675 284
994 2
596 906
395 406
108 586
596 387
644 359
450 432
109 99
633 372
695 225
739 457
857 63
757 775
804 468
318 928
406 459
592 684
243 509
851 663
393 733
791 72
507 537
97 779
775 232
292 902
973 80
928 534
314 576
241 679
490 688
78 278
145 403
521 539
44 474
393 236
293 365
386 350
547 399
509 653
113 540
601 267
115 434
80 27
251 469
198 115
44 53
140 307
716 766
146 628
402 365
590 309
708 58
320 291
216 309
512 79
635 732
67 666
610 948
835 322
309 663
713 921
787 24
153 889
709 25
264 638
272 841
107 982
591 443
759 285
509 622
689 868
705 75
865 648
432 225
826 516
948 125
623 214
668 155
517 34
667 366
94 606
969 193
833 807
899 313
515 482
628 125
674 669
733 630
397 251
789 148
70 349
217 903
804 337
920 516
297 209
661 932
666 634
472 123
327 354
696 522
249 366
849 231
563 243
867 686
455 353
677 298
848 276
313 869
271 847
987 260
550 182
810 306
529 471
726 744
816 114
724 662
271 257
397 383
926 985
963 874
857 647
818 239
256 572
997 863
954 671
495 569
957 451
16 537
872 884
455 926
684 975
366 102
111 440
19 322
882 992
548 795
761 764
976 453
319 967
809 819
891 468
199 902
941 643
430 951
210 101
622 240
291 684
669 698
72 912
151 242
850 667
461 720
811 684
561 481
14 750
390 979
279 206
934 351
97 878
10 86
894 90
349 697
998 434
591 456
783 440
259 436
188 242
731 609
781 638
151 510
501 459
777 773
3 907
486 879
409 807
4 493
671 887
320 670
878 67
971 720
319 684
906 987
867 767
919 533
482 280
654 609
934 537
979 639
818 578
189 520
291 523
187 675
232 34
116 321
544 875
173 499
999 443
399 413
454 629
113 719
216 685
66 72
967 321
971 792
830 844
534 513
764 560
669 418
745 64
504 22
982 24
855 619
707 480
384 957
392 543
701 761
969 726
671 90
528 194
426 278
402 617
326 525
776 148
324 820
301 550
236 419
633 687
985 33
747 150
456 704
994 517
763 691
866 375
553 546
794 173
179 508
996 36
804 446
620 950
915 637
576 725
792 786
602 816
208 555
521 872
423 97
381 932
825 236
254 4
239 249
685 673
427 225
12 26
890 614
903 824
72 635
275 67
660 868
399 26
673 343
391 930
646 369
550 831
642 49
377 874
210 832
631 551
127 923
351 509
192 341
376 527
78 485
386 123
522 733
414 957
623 538
177 96
93 170
645 163
403 177
245 931
787 274
392 373
523 136
278 291
592 855
670 748
572 975
799 289
970 444
743 712
393 123
871 38
248 817
170 552
580 507
946 792
77 924
181 956
437 261
529 812
487 463
909 256
21 655
357 485
536 517
395 119
904 38
554 583
222 177
603 44
306 927
281 923
302 388
458 518
942 825
220 662
595 639
215 861
920 443
644 912
600 610
585 675
708 374
1000 78
941 313
635 211
354 746
904 119
481 444
293 972
27 162
411 928
40 957
102 373
393 944
927 592
814 39
873 134
111 376
866 692
189 467
614 236
725 64
904 924
669 484
220 996
681 107
774 714
116 679
87 908
603 490
616 87
521 964
830 726
746 74
120 397
284 766
409 363
591 388
874 236
273 492
708 658
945 129
254 295
512 814
678 641
90 812
934 837
502 312
887 855
617 741
579 137
105 985
338 327
298 899
765 417
244 963
425 622
102 671
723 672
432 865
641 409
151 682
980 973
462 92
415 896
367 647
973 594
891 413
292 261
882 479
356 997
796 929
671 732
707 865
527 64
340 329
4 282
766 456
273 753
222 567
908 191
918 418
973 906
944 489
653 971
921 181
335 441
504 238
861 451
507 643
873 295
612 645
299 722
849 409
118 722
198 600
865 889
169 51
476 955
935 468
401 455
130 377
367 16
807 690
53 719
344 672
540 440
989 36
269 207
644 474
812 362
300 657
436 796
419 742
260 398
303 79
901 102
359 94
780 402
672 277
375 112
533 133
367 940
558 670
333 726
328 758
139 443
471 831
10 861
839 997
844 678
727 825
662 294
819 184
358 210
489 790
669 330
582 532
955 238
574 220
416 357
897 553
494 127
253 996
208 772
990 253
271 684
349 610
304 557
129 3
480 985
953 101
276 452
868 522
873 518
476 717
19 402
265 455
635 999
463 415
321 924
221 154
139 601
376 522
745 377
820 210
466 562
607 489
234 251
546 83
659 119
814 840
826 938
340 483
93 525
841 151
787 901
630 847
283 696
847 265
364 424
983 42
643 470
81 747
20 308
12 498
215 18
604 366
563 252
283 177
851 362
475 645
419 531
931 273
775 434
433 318
928 662
364 46
110 206
231 234
309 127
299 690
840 690
723 966
346 21
162 837
103 546
668 407
37 253
832 570
976 634
820 425
432 435
854 25
499 477
271 350
171 760
700 737
534 415
212 736
876 659
428 194
825 788
763 87
326 936
903 30
989 807
24 674
777 171
375 424
570 211
832 991
107 965
727 120
306 116
212 868
182 787
154 149
418 940
302 587
163 26
378 570
49 582
402 472
608 573
692 318
349 68
120 565
945 731
257 806
765 923
282 448
52 148
529 674
130 10
979 940
593 841
997 313
84 639
610 556
162 118
45 47
916 569
951 814
881 778
724 716
239 60
662 383
131 91
978 235
547 201
347 24
980 875
595 839
807 699
559 292
820 76
358 855
984 227
555 628
266 982
555 22
312 978
93 822
832 709
920 124
694 547
427 273
529 164
797 352
578 22
782 50
146 869
754 849
257 404
363 645
598 597
616 113
723 839
239 525
632 369
447 114
34 712
626 477
517 300
903 671
159 736
656 836
520 406
700 650
113 198
517 714
869 77
14 809
911 749
850 470
999 429
576 49
329 739
623 445
892 704
508 343
773 83
546 274
501 86
238 461
7 99
385 754
881 779
696 768
62 740
237 430
202 462
335 683
700 454
969 215
492 645
854 38
766 297
708 956
436 457
387 269
870 348
845 757
919 502
801 363
391 191
743 14
454 121
887 733
123 434
318 621
737 161
640 510
586 948
532 571
162 998
158 279
869 643
879 523
830 332
835 69
108 664
454 182
232 125
193 738
335 993
622 805
720 91
622 108
842 797
952 84
901 947
225 447
462 347
431 675
208 81
74 299
398 697
754 966
300 512
34 54
56 861
126 471
197 823
208 603
96 735
345 49
192 100
447 279
425 540
444 406
419 123
551 616
21 226
360 580
40 222
155 45
625 919
991 68
382 371
739 70
979 267
867 697
921 121
236 492
462 568
412 234
332 746
822 719
11 526
961 193
831 239
303 267
16 210
957 858
838 782
649 298
460 122
191 540
84 791
833 425
744 346
885 177
936 929
730 677
983 295
538 950
519 903
994 363
871 23
817 850
700 678
373 643
509 383
923 569
14 275
914 11
437 242
143 384
43 327
301 957
674 815
634 88
820 996
165 746
391 184
121 51
3 46
209 627
86 955
998 473
235 83
528 293
8 659
417 225
465 250
121 571
870 470
561 777
588 988
876 202
9 926
156 446
64 975
113 247
423 416
605 651
962 301
952 715
809 807
456 699
577 639
867 642
851 623
548 15
258 790
66 392
229 764
176 49
553 364
623 955
522 360
153 998
109 95
532 824
504 503
253 326
246 261
707 415
714 404
906 988
452 174
952 7
539 282
852 237
449 277
429 26
415 452
232 707
83 878
686 128
678 437
757 585
269 520
654 846
43 783
435 885
310 154
803 259
398 548
96 961
238 534
623 401
71 191
401 329
615 777
970 935
221 34
223 396
603 703
846 313
344 176
957 212
502 72
756 265
933 954
641 454
749 574
704 306
474 418
506 961
319 36
761 562
261 233
746 888
980 879
598 541
8 786
887 536
391 550
319 11
721 6
886 850
185 11
921 681
658 926
938 257
15 766
800 794
174 179
542 955
807 31
176 501
878 47
624 937
191 674
741 325
300 290
39 870
752 361
743 11
559 86
96 10
12 541
223 461
329 298
832 141
918 699
512 502
521 65
757 877
387 361
555 403
933 656
874 393
359 111
11 875
658 195
131 307
107 374
171 710
384 368
727 343
271 378
999 178
698 912
463 286
622 409
514 666
709 498
565 251
584 237
572 295
497 340
905 591
374 721
147 542
18 936
920 802
241 54
618 367
179 147
935 600
246 980
782 697
88 596
430 881
681 261
317 220
386 717
450 341
187 753
882 414
840 407
155 607
480 406
322 248
721 460
689 508
72 5
655 351
753 516
840 681
361 598
414 796
83 469
418 991
508 546
126 59
792 37
719 401
40 77
339 524
799 632
745 50
661 306
915 670
264 682
221 376
475 123
497 127
868 229
696 546
909 217
313 981
232 649
120 884
626 983
357 702
221 975
221 432
926 373
241 696
25 463
505 627
353 306
237 785
491 683
807 925
7 56
794 310
968 388
850 535
426 911
649 262
208 442
145 43
342 819
474 341
638 617
833 72
382 405
19 114
256 641
564 780
951 468
971 241
493 428
491 799
779 98
344 471
815 734
169 843
873 919
79 353
587 152
474 590
29 225
821 653
336 349
645 437
317 192
893 398
798 745
7 929
279 187
802 746
178 102
491 676
497 950
489 37
833 333
656 817
649 209
554 363
115 471
85 887
78 104
143 536
203 36
411 789
129 255
801 730
47 495
66 348
472 978
865 650
13 48
169 600
507 232
268 62
360 928
777 462
341 832
204 625
891 907
452 686
747 655
413 591
925 258
925 672
562 128
622 11
607 727
241 200
360 83
940 232
125 678
71 377
450 963
59 122
827 664
206 980
97 914
695 500
18 399
959 368
704 980
491 216
205 842
949 7
786 78
9 659
264 810
315 270
3 878
389 197
322 168
934 516
349 649
87 538
518 494
998 23
895 9
535 677
206 746
217 163
491 987
342 303
569 195
226 826
808 979
972 67
112 518
858 571
258 818
158 748
518 373
430 309
632 618
708 650
448 6
347 602
735 504
114 400
983 257
496 507
534 584
903 439
731 527
957 680
659 911
414 546
387 198
868 519
287 356
554 649
644 78
614 336
783 918
15 526
984 988
410 975
606 534
736 970
994 299
60 576
498 92
702 559
610 935
28 986
173 995
274 396
86 138
177 501
32 36
445 756
226 403
478 251
36 692
752 470
556 364
789 241
995 270
96 252
914 609
188 580
887 841
533 221
302 297
695 901
85 883
654 55
959 669
146 363
326 461
990 87
492 281
935 616
852 315
818 411
448 44
182 652
939 198
395 195
334 415
635 912
832 61
817 719
707 364
299 344
84 200
129 766
293 557
514 349
211 719
113 612
757 574
366 510
734 488
92 120
425 593
812 759
990 724
434 2
862 756
946 6
331 993
347 207
894 187
22 354
38 248
246 966
519 513
169 60
222 221
327 607
991 903
423 571
312 609
111 697
565 859
553 82
340 306
691 131
499 897
439 50
670 752
879 358
204 787
25 681
779 903
466 249
459 576
904 576
295 623
721 380
765 32
228 710
510 485
854 872
441 484
711 297
378 209
770 398
128 728
435 992
71 231
798 141
18 2
553 922
340 791
997 81
594 808
749 400
164 260
653 472
173 900
280 659
157 301
136 173
608 456
903 518
506 1000
648 35
817 706
869 484
111 146
634 369
66 808
414 634
316 951
518 690
619 12
86 787
783 310
982 395
529 839
570 119
85 803
199 530
278 982
287 643
297 971
431 772
297 479
83 200
234 26
327 789
953 499
819 326
680 918
452 103
927 411
182 574
897 329
410 243
379 660
801 154
644 195
699 697
883 466
910 846
76 221
88 114
802 927
178 446
418 477
39 137
359 506
589 726
150 94
400 157
247 753
55 93
87 764
204 392
862 151
874 632
508 43
255 943
772 989
221 864
76 822
64 161
822 658
179 757
373 665
423 1000
711 267
859 519
531 152
849 897
487 332
10 474
11 764
202 877
284 35
896 663
193 867
836 895
752 913
721 412
928 430
135 75
878 169
816 5
674 48
897 252
177 806
792 303
26 652
401 12
149 559
557 744
296 317
498 578
947 92
108 921
350 429
101 319
465 903
808 873
187 823
939 448
474 492
48 803
168 140
571 26
766 423
376 462
258 327
513 98
268 473
382 151
177 513
17 450
254 692
63 153
656 77
765 540
54 10
508 921
295 212
910 577
171 433
209 236
240 529
368 679
926 927
496 297
505 683
714 382
961 717
87 399
706 662
695 258
171 87
654 878
344 360
944 168
544 97
206 791
468 534
749 153
502 505
255 36
679 957
342 753
423 121
778 95
841 577
110 280
749 625
626 742
315 17
353 710
874 247
335 634
76 63
112 768
491 479
349 715
11 986
652 236
141 100
348 718
590 146
106 919
497 332
962 899
642 129
768 427
790 223
665 737
499 942
447 146
879 846
916 394
887 169
571 238
911 860
384 182
785 699
225 869
691 480
929 722
644 193
610 127
792 263
517 320
401 182
857 408
968 212
456 436
252 278
9 942
58 168
415 524
36 195
739 227
624 714
586 215
611 635
512 922
599 78
190 866
815 710
916 67
707 247
155 630
425 370
845 894
290 501
878 347
759 247
541 17
854 863
496 309
503 402
239 755
549 304
464 275
533 187
975 592
332 420
743 779
320 471
854 555
230 840
822 424
291 974
895 254
352 485
181 824
353 630
446 299
481 252
669 887
941 428
554 849
177 889
777 391
170 22
300 207
912 216
138 573
264 364
744 626
292 498
939 291
826 281
60 113
142 624
15 194
767 844
258 300
373 987
338 701
7 114
347 736
39 43
597 23
321 801
46 741
566 772
711 419
827 357
33 964
905 968
738 936
867 941
983 819
982 90
284 698
80 876
988 336
383 245
650 377
28 8
871 375
771 184
66 340
340 525
305 981
152 212
616 99
580 144
351 131
424 337
340 65
797 229
717 364
884 629
756 519
787 442
700 391
519 269
903 176
390 713
878 11
951 480
908 689
768 160
497 198
112 136
564 566
904 585
556 686
35 841
941 917
255 713
313 636
105 311
465 205
643 164
316 774
186 515
673 148
681 917
340 443
628 204
541 973
426 7
441 964
138 662
728 22
104 447
367 488
99 62
755 956
137 718
779 918
407 58
329 697
857 258
374 833
927 298
156 592
154 595
938 71
676 234
768 287
135 205
972 289
884 581
1000 3
667 187
810 138
178 458
735 243
790 432
551 905
166 833
195 782
610 773
54 247
159 587
439 11
446 526
438 768
607 988
281 141
362 107
799 643
520 755
390 550
252 785
333 626
911 973
540 159
675 840
556 50
208 78
681 318
948 946
269 451
130 600
987 822
37 441
241 431
446 129
513 589
361 335
903 108
85 366
563 138
34 114
346 826
280 995
426 189
207 204
881 71
320 778
925 590
136 303
360 2
731 605
567 596
259 319
846 256
698 481
296 118
728 773
171 372
454 919
130 590
187 921
474 614
42 699
964 260
240 251
148 699
525 817
446 849
176 98
975 762
340 40
735 205
379 715
56 913
424 21
436 441
576 858
584 427
404 623
163 981
610 146
13 276
836 798
288 985
541 317
779 152
283 851
905 924
580 836
581 328
350 576
472 311
692 319
256 596
441 568
825 386
36 140
433 537
1 421
109 196
138 504
705 82
83 918
127 628
263 977
167 398
501 733
112 266
846 728
176 831
276 579
167 133
549 337
453 8
584 877
510 269
811 643
340 108
78 740
658 607
517 896
324 146
734 96
811 44
429 276
676 58
912 51
724 984
221 679
714 279
851 469
225 597
906 724
583 97
875 167
732 585
446 296
805 875
244 509
191 636
64 825
407 436
26 669
391 617
701 27
84 505
637 6
283 279
270 776
216 89
979 693
723 556
844 598
228 204
259 1
973 335
930 796
588 394
199 461
693 997
388 843
944 253
110 658
677 287
207 727
293 224
626 932
72 738
18 243
799 804
280 32
459 893
727 183
281 408
191 643
93 618
37 261
576 248
693 307
777 342
192 916
472 809
968 180
282 152
997 708
679 930
220 997
697 5
330 553
90 659
340 607
661 232
109 37
783 700
724 194
99 811
575 256
476 184
864 961
625 649
298 967
672 687
904 553
462 56
713 855
218 982
990 757
101 272
417 897
152 71
516 186
724 7
288 118
372 121
673 347
394 162
645 1
604 256
948 102
976 4
889 135
26 60
214 196
931 497
310 113
398 420
700 923
658 904
760 165
337 224
948 109
572 876
146 401
494 713
282 229
199 874
926 223
710 682
85 160
766 874
896 400
195 678
334 768
547 552
739 659
536 48
770 775
23 911
304 195
881 309
363 450
528 426
237 436
713 795
115 673
132 844
340 989
986 321
763 26
654 356
79 909
411 213
692 204
225 698
715 814
903 392
566 172
619 868
826 61
20 84
193 803
837 607
792 222
751 105
243 131
538 150
448 897
277 563
570 54
472 509
254 952
660 350
757 735
438 558
180 54
212 543
296 942
951 897
751 168
163 306
399 429
951 757
130 653
936 462
812 720
568 134
554 115
160 979
849 841
869 510
523 32
48 724
704 115
718 946
553 55
919 130
961 200
276 31
527 129
384 239
507 779
93 694
292 962
409 395
217 268
356 90
3 340
243 774
529 268
115 24
325 44
790 323
553 280
673 795
237 497
208 897
596 13
513 494
452 143
319 384
431 40
268 185
887 126
393 480
494 21
258 793
992 950
74 835
693 228
382 505
196 136
256 278
342 414
289 260
662 493
324 652
591 756
3 968
363 369
19 746
720 460
903 578
575 255
534 242
100 299
487 150
880 515
728 649
431 999
691 109
292 626
985 113
370 248
229 276
664 267
562 926
133 315
384 482
378 251
738 251
740 551
667 88
475 949
849 723
479 189
898 974
232 591
469 480
918 403
63 892
169 589
213 430
907 216
273 637
974 823
614 775
973 694
229 372
760 506
92 366
587 218
852 135
438 938
115 187
977 342
222 853
706 428
911 188
265 91
751 754
853 270
851 376
245 648
154 232
186 639
617 291
516 877
726 28
616 102
490 429
859 151
622 686
933 324
320 466
319 876
335 695
466 539
35 432
90 445
383 745
251 166
706 317
430 334
659 267
98 38
556 806
498 136
717 930
757 441
681 520
682 515
974 432
247 179
533 761
580 397
696 407
846 75
830 597
402 741
137 451
453 886
33 785
860 527
351 802
892 894
18 889
971 959
855 29
607 209
179 900
250 351
972 277
366 2
312 804
14 473
165 448
949 259
994 79
962 404
368 897
406 31
156 304
302 432
360 314
933 577
589 163
721 371
213 483
37 520
502 909
961 82
27 800
924 831
791 770
129 295
854 175
524 487
871 988
339 855
23 454
900 735
588 280
577 665
313 150
615 359
683 538
177 152
865 178
253 423
506 508
936 184
198 968
914 596
150 913
826 562
54 485
926 198
273 429
641 545
196 723
174 603
911 75
965 490
242 507
332 63
803 894
46 303
675 898
403 359
1000 119
832 458
660 135
711 738
124 131
991 923
988 768
461 920
691 99
253 145
139 841
25 513
251 746
137 195
635 92
529 238
557 90
972 326
621 288
624 816
719 341
617 221
806 716
815 667
911 356
374 676
346 761
97 298
531 291
801 4
91 35
543 291
752 697
174 846
493 655
486 282
490 251
120 152
405 475
654 726
85 511
527 579
404 266
142 702
291 273
308 250
558 69
135 235
513 536
11 209
746 129
905 412
326 688
346 660
231 740
21 549
964 486
528 885
259 873
931 464
133 207
929 988
971 143
142 537
351 96
587 489
512 84
670 835
179 909
428 281
560 613
391 373
775 427
775 779
351 771
754 964
16 286
487 546
782 895
220 937
509 539
764 579
572 813
111 481
978 492
543 718
285 658
263 272
300 944
802 716
411 175
535 150
982 472
356 565
379 563
926 742
659 234
357 688
859 59
814 452
213 247
8 514
219 491
191 187
646 542
481 888
772 338
228 802
943 102
56 68
416 361
61 822
409 343
93 504
601 19
31 837
411 920
351 510
279 180
610 818
573 255
922 702
695 290
955 515
861 68
704 926
392 854
781 826
849 500
75 475
524 763
84 138
478 408
714 722
725 819
643 127
282 325
840 557
313 69
471 953
484 627
393 657
40 144
835 803
189 152
999 240
536 318
54 641
953 277
115 830
340 568
589 993
326 298
781 993
174 195
455 497
810 947
800 279
745 354
392 125
971 919
904 369
310 21
789 829
785 935
140 931
281 183
47 805
598 158
785 875
215 523
766 812
330 550
41 925
370 93
448 357
714 239
132 867
96 698
482 878
273 455
718 472
77 537
810 812
604 741
755 137
405 614
44 429
689 524
25 362
824 468
813 3
161 81
303 684
793 113
254 397
33 302
853 178
113 200
437 95
773 988
94 440
60 866
82 28
567 356
165 474
299 379
430 458
800 780
190 794
764 86
239 931
583 176
576 98
2 399
329 557
864 887
390 178
856 205
875 358
137 581
280 606
358 140
573 777
229 90
188 885
81 878
186 222
527 166
894 273
249 358
711 71
276 668
967 641
384 833
594 138
419 648
536 961
796 985
727 638
226 514
180 186
729 210
136 582
59 514
461 321
418 582
805 1
841 147
528 739
146 977
205 751
279 944
391 886
786 965
493 931
217 905
605 79
155 204
248 412
968 51
201 503
664 122
314 548
330 691
932 317
407 920
273 934
249 404
287 507
144 104
685 81
527 226
492 794
961 822
282 400
809 934
10 750
778 369
125 486
100 858
55 793
287 638
470 213
71 928
627 522
302 565
958 214
225 694
490 29
579 808
555 968
813 505
293 257
585 792
284 753
605 293
372 180
140 30
817 686
765 731
277 880
350 221
399 860
675 704
771 813
57 637
803 308
487 770
717 429
831 246
630 435
88 386
827 42
470 450
19 703
952 426
706 145
89 426
726 793
307 183
912 413
637 630
608 6
317 558
131 268
563 926
98 788
123 319
482 581
30 971
193 16
189 252
138 111
359 981
779 637
900 9
358 336
88 453
778 755
106 867
434 380
14 289
335 749
514 378
146 874
477 171
179 585
89 950
362 431
920 561
84 608
868 531
391 788
961 532
838 596
541 223
774 943
754 2
532 445
354 807
670 517
443 92
71 171
936 597
611 756
791 599
16 986
704 268
573 819
794 181
131 513
929 615
178 442
999 722
207 475
912 918
720 745
354 55
924 155
622 824
641 475
962 41
341 818
844 904
771 633
524 209
505 930
292 10
399 104
421 235
46 55
337 531
621 466
785 622
752 75
914 612
174 335
524 401
827 104
884 102
356 562
511 986
438 85
633 828
801 437
374 694
706 794
389 404
922 524
115 522
975 167
613 3
532 496
184 653
807 412
995 578
484 730
640 820
871 805
642 156
795 902
80 586
253 626
909 891
166 105
131 40
355 47
249 493
932 993
82 871
440 254
922 228
516 643
344 733
353 89
741 298
523 27
487 24
906 182
134 154
836 896
127 893
657 585
556 198
413 836
162 967
300 940
220 549
160 830
714 152
757 47
93 474
376 225
854 419
109 496
660 653
327 810
390 391
375 779
418 315
791 180
876 892
560 146
293 319
391 109
79 158
759 996
701 695
634 544
948 668
673 990
634 296
310 897
670 200
482 164
317 960
754 947
345 78
449 398
534 400
604 346
580 446
972 621
295 559
539 722
375 369
165 757
513 622
43 950
22 102
14 760
111 361
840 329
750 780
387 351
834 201
703 423
649 351
896 1
926 916
315 73
398 395
325 610
869 436
261 932
477 91
416 181
732 841
306 138
228 840
500 514
661 752
912 293
916 42
561 886
285 289
274 112
121 874
422 397
113 789
543 237
762 300
892 194
526 612
487 718
295 375
103 468
848 224
337 358
412 198
419 88
127 180
282 494
493 372
387 850
327 868
721 921
435 538
409 4
232 997
410 624
912 2
994 91
272 620
769 380
696 427
466 287
318 312
299 23
402 346
603 736
962 919
370 227
264 174
401 505
261 906
234 737
140 889
954 662
590 441
914 105
94 144
693 567
54 168
542 61
998 4
690 3
549 687
301 461
206 53
747 109
911 60
560 866
963 564
995 66
229 706
733 278
934 998
511 342
760 448
892 927
408 241
796 843
971 122
946 368
685 241
34 121
66 641
110 375
324 410
786 36
447 243
403 117
430 140
477 651
8 843
878 930
990 138
838 548
462 866
642 150
307 113
684 648
664 307
963 784
124 595
875 427
945 776
931 920
685 314
180 570
400 487
91 222
392 925
238 212
193 92
53 185
64 189
261 697
771 550
841 855
940 622
276 892
964 604
855 225
945 416
824 922
11 270
942 981
509 195
271 497
279 771
852 482
561 949
650 73
847 167
593 934
937 572
809 229
763 243
903 905
497 677
351 80
348 180
446 760
898 963
864 681
914 836
784 347
94 63
368 326
390 513
850 255
34 420
623 411
257 578
517 970
309 353
29 218
206 189
541 123
463 429
531 409
182 289
282 7
294 605
36 71
715 448
23 507
518 23
547 717
313 3
337 286
130 12
935 110
827 188
195 429
890 217
894 880
980 311
651 406
326 630
1 904
473 264
511 980
669 859
689 472
574 594
788 503
592 190
682 762
23 286
1 10
939 991
935 291
649 977
58 714
791 545
14 40
379 587
867 589
195 784
519 874
185 356
294 54
885 622
570 691
659 478
104 346
160 62
945 703
886 795
913 694
470 198
695 764
915 711
476 230
882 95
80 49
359 596
593 405
88 357
468 599
115 8
369 320
343 110
57 267
135 705
825 627
379 526
424 386
363 222
828 401
862 166
466 986
65 949
509 118
328 585
301 28
113 264
675 629
168 647
764 717
693 575
75 795
844 743
974 999
600 53
266 785
871 511
906 635
754 732
250 19
523 459
322 448
824 337
977 364
417 977
791 561
988 504
559 23
479 538
390 722
979 847
983 294
324 440
52 146
518 692
466 573
393 491
839 888
524 447
906 141
569 283
791 702
303 768
429 577
909 246
390 305
47 680
620 75
19 825
365 253
503 601
6 462
816 783
137 746
358 598
568 555
447 557
336 306
433 491
743 460
627 259
768 312
415 132
755 474
611 274
937 657
607 743
565 464
870 657
389 588
433 666
531 631
177 391
511 914
323 412
342 856
784 265
827 70
350 390
67 756
843 435
894 596
498 697
577 37
235 615
480 755
784 342
484 43
751 641
929 892
721 176
514 488
178 751
971 632
943 275
525 483
610 635
304 268
266 939
579 894
926 738
471 638
855 134
868 321
550 58
755 990
334 226
780 508
546 334
693 365
411 454
306 848
142 811
76 183
522 529
835 437
988 801
693 682
622 494
523 378
599 826
520 797
652 141
108 104
397 141
269 185
823 666
44 6
86 913
439 354
269 311
202 220
61 867
544 805
955 626
330 833
374 393
671 816
942 503
268 325
106 643
728 868
181 412
810 510
65 710
238 980
741 289
913 885
200 698
221 924
318 933
459 279
172 254
716 539
23 633
444 716
392 353
364 617
879 47
557 194
677 42
52 761
85 729
488 649
403 140
392 654
259 475
605 558
167 530
476 398
697 273
45 207
982 591
52 992
424 544
182 612
210 92
911 400
792 13
217 530
397 17
463 671
69 744
634 79
902 708
714 765
792 401
200 265
154 203
246 838
755 465
686 740
773 887
849 351
76 570
965 624
197 519
575 608
546 828
431 748
869 742
678 486
165 802
643 167
126 129
963 822
790 343
280 850
480 298
707 540
626 75
129 883
712 354
10 494
397 336
841 569
641 511
421 284
69 325
320 56
681 158
139 884
766 717
543 205
215 952
455 23
659 230
465 424
124 175
842 183
734 963
11 988
458 38
354 333
162 2
296 729
356 492
277 670
456 223
888 357
958 576
346 76
824 901
810 959
455 202
570 237
380 8
772 548
398 665
573 390
171 533
273 495
459 311
203 487
795 191
364 691
441 285
117 886
835 666
413 560
260 299
949 429
649 576
187 665
864 389
523 419
241 143
403 371
212 614
386 964
761 840
633 429
134 79
676 954
779 887
999 27
113 62
196 426
668 606
998 754
503 480
157 495
685 305
27 796
795 311
771 41
906 282
837 315
66 602
57 308
610 757
527 551
643 161
820 984
551 866
683 240
54 767
951 838
385 749
177 107
980 862
753 896
423 704
616 622
752 685
631 550
512 670
821 37
310 859
6 380
107 151
859 58
90 641
859 269
948 750
499 231
485 675
352 238
529 292
488 805
37 254
656 349
686 884
350 283
518 104
877 376
96 302
9 652
661 693
351 276
169 279
442 778
705 319
985 423
44 888
264 994
736 28
549 544
905 506
57 727
564 240
751 761
354 329
958 156
134 660
708 986
944 765
297 298
247 414
343 3
682 990
843 414
89 687
830 285
78 641
60 781
671 864
784 754
87 582
447 593
162 565
275 880
289 206
429 720
566 358
108 329
105 391
813 778
270 67
617 565
931 849
122 489
911 429
141 802
720 22
83 124
956 434
512 468
147 42
184 285
106 28
369 67
737 745
418 138
543 448
599 128
834 303
335 217
663 964
886 128
406 211
980 493
289 649
46 461
1 814
792 813
999 557
992 330
901 987
367 601
937 632
384 703
183 742
91 360
901 201
301 453
710 373
576 274
458 918
392 202
939 809
360 123
854 270
796 211
260 197
57 675
167 184
438 902
783 139
52 302
809 458
614 229
173 378
130 673
160 563
47 802
917 794
579 457
384 401
300 983
109 164
881 235
786 977
55 315
342 540
70 56
579 786
286 630
343 816
483 637
315 443
31 549
894 149
260 132
772 519
16 173
924 167
867 943
884 573
801 320
136 279
155 616
893 211
909 802
665 523
936 305
237 806
353 619
912 970
943 488
963 466
5 804
981 403
322 153
885 86
676 907
28 258
455 34
335 93
65 271
112 587
683 354
534 430
267 372
297 940
708 320
415 340
75 405
877 782
623 37
445 229
406 557
548 578
595 515
866 340
385 342
865 13
806 986
767 862
339 790
71 787
680 232
313 927
337 695
649 78
71 815
277 964
191 581
479 877
459 437
702 136
219 613
864 502
533 151
561 399
33 19
876 12
621 36
560 757
180 834
742 312
235 707
198 261
236 19
921 745
170 197
380 499
623 342
706 292
882 491
820 667
875 594
559 996
574 695
421 166
925 214
112 762
263 620
697 258
396 150
446 700
809 375
653 639
740 791
948 365
231 922
770 515
728 706
564 434
541 830
402 382
57 970
549 298
157 887
559 36
375 831
988 650
933 989
218 470
79 400
418 759
104 681
986 841
599 252
856 524
765 203
975 757
391 479
128 621
720 6
896 245
331 85
175 707
303 581
107 658
152 978
994 936
120 858
198 407
94 942
623 750
450 988
197 773
590 788
719 746
962 598
309 679
351 776
996 812
130 17
98 44
189 571
864 517
520 682
742 567
460 306
743 359
381 762
765 889
206 600
695 591
351 99
511 147
745 400
912 643
954 917
263 350
206 580
328 652
637 20
900 379
536 486
564 628
537 492
31 762
139 116
100 568
938 527
742 212
273 116
198 420
88 134
370 930
937 581
384 19
879 380
255 724
521 386
930 276
962 99
756 601
47 455
339 75
572 624
540 907
492 580
798 863
905 838
133 617
828 660
85 847
972 166
713 484
421 350
823 707
498 68
189 697
54 96
912 616
601 976
1 954
643 640
929 841
149 163
560 238
727 923
699 670
884 406
243 188
211 458
607 792
684 602
178 579
832 289
857 498
235 844
598 931
826 48
231 735
753 126
860 666
520 648
590 143
203 191
701 631
626 222
191 801
706 618
557 97
52 688
178 496
590 191
603 679
971 715
11 192
446 109
634 526
830 779
196 790
28 381
215 407
193 520
924 443
560 286
222 877
792 478
408 552
755 629
545 56
858 850
858 912
56 402
339 246
728 988
34 626
192 828
540 804
199 154
995 812
695 780
726 736
451 809
936 567
14 10
50 912
239 907
89 511
730 339
38 9
916 748
747 280
141 191
499 537
441 427
695 753
827 318
158 148
212 290
167 60
578 385
245 81
264 455
845 633
605 785
502 290
66 785
189 551
426 195
237 943
207 450
23 306
871 872
718 187
370 657
520 763
49 239
740 228
989 310
674 997
550 714
882 444
263 987
149 731
525 43
155 153
816 48
735 530
229 670
683 821
506 243
597 766
167 515
220 966
21 551
222 873
220 183
395 906
56 178
390 603
661 656
395 819
571 512
104 572
362 234
726 373
464 202
523 995
255 568
612 929
499 783
505 761
660 181
765 814
33 867
274 78
205 230
565 21
768 34
691 462
159 28
863 188
108 817
765 596
819 141
657 105
568 911
731 992
763 207
134 387
355 145
531 828
335 356
219 326
160 430
872 657
741 293
509 209
347 893
898 490
497 643
11 787
72 93
170 426
204 372
628 911
523 126
416 516
718 784
218 936
955 306
149 65
191 627
486 77
275 330
230 531
123 769
110 11
242 881
106 229
654 270
407 470
454 499
925 224
738 105
327 24
997 597
31 134
878 830
551 406
102 323
66 809
977 161
880 208
857 37
802 186
25 155
116 230
245 482
146 826
648 663
321 210
386 346
710 131
129 180
388 315
384 973
318 886
650 273
459 134
177 254
357 459
404 788
288 819
893 215
57 244
897 266
724 413
493 621
556 57
998 653
498 937
820 739
765 795
751 571
964 455
898 610
676 248
848 876
743 535
273 439
834 905
773 934
960 298
105 601
573 594
598 669
13 722
247 67
62 397
276 828
51 840
697 127
48 975
86 380
4 596
707 388
704 915
518 989
966 262
716 633
429 806
289 746
961 541
8 324
446 594
420 768
16 72
849 321
605 329
853 355
723 815
2 803
995 202
658 946
523 49
450 236
739 112
608 363
920 477
286 917
932 616
512 992
578 338
212 342
211 864
751 487
925 136
62 333
169 376
774 620
922 396
381 409
606 883
596 920
828 893
741 196
314 127
969 58
240 501
673 458
511 836
261 305
133 954
336 291
638 527
907 920
717 480
425 923
15 355
901 830
959 172
100 260
748 153
200 936
595 366
658 220
935 503
58 845
103 163
237 466
643 94
423 728
144 201
186 743
971 401
77 770
414 450
951 614
346 777
125 271
557 881
258 869
362 753
462 540
434 855
796 129
986 271
86 310
956 132
174 436
36 645
267 715
886 462
659 56
725 692
707 39
700 29
704 833
107 544
969 688
741 917
778 686
380 851
178 242
705 88
41 32
563 468
233 114
822 202
277 487
610 37
713 355
991 619
359 128
861 415
235 916
223 429
76 768
420 488
227 63
102 438
536 96
69 424
271 673
291 395
224 713
938 960
384 877
389 939
413 582
721 234
935 737
206 663
287 492
845 224
241 398
801 268
967 971
940 423
942 50
478 690
539 524
745 360
914 846
348 970
742 529
420 533
12 536
145 499
510 167
338 855
239 986
912 491
804 934
378 266
447 414
211 527
777 373
808 410
703 233
948 475
942 879
608 131
523 156
743 969
216 608
645 626
195 955
827 91
11 983
42 559
930 976
603 521
24 843
244 9
744 382
986 364
371 166
863 103
709 479
591 544
273 333
761 612
664 788
353 467
890 932
815 249
377 545
845 233
35 115
390 753
669 439
598 325
946 484
421 127
594 817
583 64
61 762
810 289
926 167
871 251
244 802
388 860
747 859
630 717
433 715
666 814
815 23
663 198
486 310
164 29
540 165
974 33
161 53
921 132
117 836
894 491
294 343
387 875
59 560
885 846
101 952
658 138
840 895
627 518
133 850
974 638
268 828
700 178
194 606
762 194
839 87
923 986
933 113
511 250
240 161
594 980
228 561
72 948
719 609
241 198
828 957
783 461
17 473
565 60
661 304
959 870
36 416
605 800
783 782
332 125
3 520
874 918
36 298
393 357
6 790
15 885
472 895
337 693
309 765
251 693
399 763
404 563
908 314
964 550
367 683
811 48
86 807
870 531
89 491
237 737
948 377
597 139
36 707
952 459
784 241
594 607
884 643
289 334
265 30
517 546
219 854
383 430
632 367
363 61
663 984
305 365
236 163
986 503
302 369
709 467
363 800
403 592
969 471
860 138
276 670
544 285
695 197
932 619
595 67
985 545
52 80
975 428
662 933
507 314
323 565
708 927
544 812
91 48
482 627
541 83
493 148
947 765
143 798
924 532
351 796
677 193
644 31
681 594
186 706
808 83
399 526
695 181
30 125
833 239
741 823
977 661
572 81
806 260
194 702
153 875
221 604
759 212
235 565
291 507
401 364
263 890
967 297
769 783
38 374
165 933
391 416
330 99
396 287
166 409
3 540
303 149
686 461
198 905
192 926
983 522
581 371
704 102
184 156
293 569
178 400
380 58
3 435
897 666
659 856
603 627
919 516
768 268
99 431
544 745
429 472
655 995
421 802
625 600
607 29
54 639
241 590
503 421
656 254
380 124
516 846
139 946
291 589
527 126
980 463
788 275
897 354
88 970
794 899
368 246
400 273
6 293
666 422
968 583
443 303
518 834
701 422
876 868
358 398
826 211
185 671
376 184
746 987
382 567
205 618
880 671
552 567
967 186
822 581
26 332
186 789
740 430
72 559
983 296
521 615
853 808
647 193
242 137
961 913
694 770
772 700
7 48
831 148
49 961
706 947
451 418
28 965
723 205
823 477
715 405
384 942
616 356
105 226
258 288
179 217
594 127
224 829
845 932
854 953
841 755
378 994
793 119
164 270
475 170
821 212
345 383
720 628
61 450
132 236
398 641
768 976
834 417
958 319
237 273
422 386
368 3
233 889
586 182
706 732
302 557
163 864
603 333
595 813
183 37
348 945
850 820
758 116
966 78
756 501
596 415
686 973
694 336
138 91
457 109
860 358
934 802
255 836
941 489
321 583
108 618
780 986
585 683
604 628
504 872
417 352
276 532
584 605
502 726
609 698
455 773
521 762
238 185
668 340
761 94
473 217
144 678
927 44
730 504
927 120
735 294
865 622
198 139
34 2
187 162
992 604
100 343
135 115
981 326
46 972
151 309
48 516
448 871
263 833
614 684
199 367
357 822
543 202
498 981
100 74
363 946
610 20
824 142
141 254
831 144
702 273
673 744
582 878
593 211
48 118
503 506
115 296
353 893
164 495
2 427
644 630
914 267
522 573
453 179
810 380
600 115
384 596
758 225
90 152
903 440
852 598
260 474
505 44
110 361
445 42
135 80
553 246
918 5
755 283
132 208
476 204
357 543
101 283
375 568
778 921
552 963
253 573
576 208
776 331
402 63
699 990
272 405
562 777
937 323
159 562
236 798
251 574
731 152
410 408
830 825
613 778
313 410
264 103
650 884
838 363
50 727
185 318
591 437
5 383
299 484
688 367
808 8
117 315
623 509
9 401
547 85
650 601
605 915
38 624
867 976
387 94
321 668
218 959
780 616
713 520
991 662
723 51
967 775
105 513
517 683
443 216
63 606
759 912
145 412
802 108
468 775
862 682
910 286
313 813
81 376
365 883
490 767
761 708
274 934
990 649
811 232
438 481
115 733
475 92
555 690
894 117
502 977
524 767
772 145
769 170
189 776
584 369
864 556
573 605
555 100
57 146
276 361
850 160
246 108
550 847
568 378
791 32
905 881
877 278
24 948
868 844
802 632
88 721
463 74
146 842
665 766
699 276
191 613
154 768
107 709
150 672
675 436
726 977
287 208
615 669
351 956
877 605
969 620
524 762
828 665
627 494
446 107
802 407
134 289
210 846
450 513
953 958
562 197
421 300
840 976
866 29
247 519
855 321
786 836
492 589
74 44
123 317
211 750
12 98
824 571
725 14
651 259
254 202
217 833
777 971
436 395
676 365
650 267
436 788
749 146
253 970
927 276
564 380
247 521
49 181
505 288
140 34
175 516
140 411
493 480
372 811
925 611
147 550
255 374
376 290
861 856
222 271
464 676
137 173
988 718
727 425
374 295
803 199
40 302
458 777
163 399
584 256
315 864
535 310
283 597
485 551
568 424
927 166
745 474
380 277
195 470
668 564
987 309
692 992
405 402
87 987
88 123
184 574
287 358
294 94
737 62
518 558
889 20
453 948
343 566
209 662
581 586
808 318
773 976
307 586
760 91
249 18
304 579
254 487
962 222
39 773
38 102
685 347
960 796
952 795
367 339
426 582
169 773
522 512
585 846
66 648
953 354
191 429
97 388
647 929
52 337
97 916
136 404
13 818
246 588
7 850
957 168
707 72
209 785
384 393
132 612
59 549
705 89
504 412
782 835
399 10
642 225
771 654
690 655
475 821
583 929
590 668
725 496
486 391
912 329
226 712
305 750
377 721
986 79
589 175
952 282
722 946
305 341
108 8
21 973
544 760
913 736
280 642
635 144
777 433
234 383
209 992
417 357
340 69
322 46
70 202
535 226
374 967
112 265
219 160
854 199
498 206
694 482
537 38
185 792
941 427
20 122
714 600
182 150
715 964
424 384
327 221
710 111
658 615
436 715
94 988
78 121
705 52
568 191
670 461
930 579
370 618
279 566
997 283
691 793
298 153
218 116
849 149
745 943
364 500
232 209
167 294
556 532
222 575
615 591
318 741
741 722
922 974
838 198
497 593
152 801
510 49
185 658
245 625
153 279
254 900
253 823
199 64
253 466
866 410
439 691
90 91
308 43
765 648
600 577
561 275
23 482
159 186
997 423
112 330
446 373
205 89
526 825
83 528
926 296
744 833
639 762
841 477
243 685
54 301
342 384
762 830
779 195
863 130
734 350
539 448
670 734
483 822
564 904
136 639
468 557
260 56
433 169
211 861
823 157
616 470
674 237
908 460
891 944
18 771
22 424
251 900
804 377
468 374
784 173
308 483
346 444
535 874
606 591
621 930
36 1
45 578
755 906
813 307
570 312
922 754
972 351
439 835
159 531
40 277
545 691
400 301
695 702
700 52
654 567
455 211
191 1000
432 554
899 391
797 227
382 456
506 881
730 261
63 31
410 913
965 592
194 899
826 236
279 262
535 752
939 843
327 808
317 238
637 604
699 144
778 45
474 350
181 934
913 899
327 463
651 954
308 601
98 951
240 144
294 780
274 572
620 477
892 489
899 49
717 698
922 110
691 79
373 304
941 443
73 356
841 868
85 139
616 429
467 57
145 409
585 612
592 298
675 853
590 94
997 432
451 289
714 195
326 363
170 876
117 149
411 617
354 179
862 235
684 480
572 571
292 975
117 429
59 950
48 311
98 902
833 455
620 655
147 526
167 583
816 334
583 100
944 46
331 838
66 588
824 613
368 360
455 780
614 412
844 363
495 74
586 517
415 638
872 470
423 58
95 271
592 116
648 518
932 844
25 722
910 270
22 171
75 334
740 87
909 208
656 276
860 856
311 40
481 797
95 377
818 854
217 546
113 529
284 530
514 517
659 326
649 786
760 413
564 560
744 987
689 902
933 803
864 769
426 885
829 59
569 466
3 1
704 326
541 306
285 992
36 121
935 999
680 627
486 118
674 341
368 791
173 616
275 554
402 309
922 529
973 124
929 170
617 244
266 424
199 498
380 860
814 887
538 491
12 965
657 879
420 78
345 552
237 636
644 378
872 603
27 355
92 388
117 738
81 838
355 294
554 172
930 598
703 783
936 183
208 516
922 219
56 345
975 589
779 509
567 886
561 451
714 977
396 375
800 558
363 767
984 550
376 342
903 408
342 474
200 748
281 170
158 703
143 418
130 558
741 671
332 701
211 408
657 360
274 807
949 511
773 853
100 65
316 236
565 372
529 888
669 183
927 214
411 232
719 885
132 299
225 7
128 280
531 141
766 963
123 238
479 317
552 266
905 707
81 445
118 977
990 552
429 842
7 11
546 213
29 1000
89 568
787 76
895 520
348 573
452 972
655 777
93 418
113 103
800 138
707 143
209 136
172 275
892 910
288 9
230 278
790 233
375 659
388 746
356 277
887 528
695 293
412 883
161 179
264 856
906 71
288 598
151 845
612 371
292 318
6 536
879 504
91 802
876 402
209 104
446 650
201 353
939 2
20 11
824 410
808 891
878 5
262 533
525 742
388 149
159 922
359 32
530 407
311 566
283 959
915 172
790 666
18 579
326 712
504 614
60 331
646 38
475 973
95 854
415 359
244 628
425 874
124 761
964 913
980 261
567 37
23 131
487 825
540 492
474 298
693 236
855 740
2 188
750 277
771 774
761 452
501 470
611 61
881 148
277 414
185 91
372 500
462 851
104 752
922 374
357 450
668 185
579 129
332 224
741 860
53 722
748 511
882 602
389 328
879 861
669 555
528 965
529 299
318 282
388 828
309 227
495 702
521 461
731 79
484 75
79 268
314 903
83 420
557 321
997 765
801 835
918 817
641 691
700 209
538 326
325 480
565 243
422 470
186 619
290 305
954 881
259 194
862 493
313 624
798 862
721 881
190 836
244 637
989 160
501 870
873 852
309 624
340 26
969 283
275 155
843 75
936 298
8 432
23 232
295 805
397 721
224 350
825 12
488 396
797 398
882 67
319 555
185 968
90 537
775 651
137 873
880 360
975 553
164 333
184 926
674 448
235 742
274 170
71 570
926 615
809 510
568 240
154 971
119 706
286 295
41 28
932 445
910 958
159 760
456 190
4 277
338 469
877 182
21 900
481 164
875 562
91 855
225 105
811 462
950 277
702 575
407 330
514 725
911 213
495 2
714 828
71 86
602 120
360 873
192 158
275 894
651 779
92 311
135 604
167 827
293 302
173 730
576 327
269 180
610 262
298 218
500 735
583 504
27 337
736 747
557 872
543 185
26 572
909 508
719 526
392 431
247 254
194 415
529 467
407 662
121 147
344 231
841 764
813 991
807 474
974 20
552 31
704 88
681 606
900 904
622 389
619 117
515 758
907 320
847 98
411 942
916 942
175 538
750 524
848 796
422 944
688 184
304 315
679 105
127 272
224 970
443 937
239 530
806 418
268 736
67 402
686 763
124 3
330 825
801 442
53 842
315 153
843 531
896 461
613 775
833 106
427 545
671 400
214 71
436 521
397 296
832 678
756 65
594 442
511 68
841 28
675 766
197 736
746 143
378 957
470 90
991 628
319 53
617 765
381 462
60 310
224 769
835 94
943 859
695 953
517 395
542 126
225 655
666 525
671 653
56 746
815 409
135 51
872 457
492 847
228 660
224 752
77 243
590 466
528 32
712 73
209 768
334 263
882 39
875 668
78 184
609 86
637 56
748 814
613 599
129 49
608 724
800 416
375 239
465 638
946 299
371 906
507 380
425 347
358 330
738 309
275 574
472 871
158 591
179 26
706 864
643 300
973 697
155 749
274 876
109 45
329 649
949 148
56 653
866 739
250 36
307 713
301 747
438 732
85 18
223 278
169 408
112 642
843 107
53 602
978 753
195 511
282 60
808 306
658 667
682 62
699 295
266 220
669 732
515 219
462 116
509 322
953 92
830 877
787 445
859 453
406 384
867 924
348 765
379 967
487 118
723 578
867 911
447 79
576 735
241 436
800 689
420 727
307 569
412 335
39 727
515 718
71 602
702 244
913 303
787 45
82 323
338 738
843 125
4 318
582 347
454 238
646 238
340 815
837 878
191 637
663 294
654 280
914 877
441 175
80 769
171 857
773 27
951 280
441 392
429 814
834 511
219 944
685 276
575 504
368 203
919 712
472 880
371 94
724 562
148 534
122 408
188 257
725 780
859 433
700 789
3 108
760 271
459 977
707 609
847 306
221 124
444 932
956 451
702 604
161 98
12 858
706 570
776 104
814 412
545 289
181 460
198 585
698 971
832 489
549 893
594 483
39 692
239 270
945 769
504 372
803 650
160 520
213 160
198 916
882 460
153 252
842 926
857 132
875 342
234 529
899 960
915 80
706 503
792 645
230 104
925 126
718 752
339 727
754 33
473 83
508 777
740 898
987 513
130 51
934 515
619 357
530 491
289 399
768 457
121 246
578 897
1 469
36 350
331 169
153 637
974 107
743 102
650 517
813 822
182 211
877 94
178 846
882 716
143 477
300 285
105 16
66 268
795 976
279 88
731 50
623 419
770 721
686 320
5 415
616 845
329 209
569 612
473 515
98 977
305 47
754 6
911 169
686 286
763 515
331 641
252 604
954 372
290 730
373 889
762 453
256 669
180 328
712 803
62 929
400 888
210 556
61 298
846 830
616 19
571 233
916 930
239 894
370 137
896 679
19 479
434 238
896 394
177 246
576 340
600 93
196 312
665 445
930 933
879 292
949 861
608 959
101 805
54 875
992 325
463 696
751 399
573 288
526 833
74 216
637 454
493 526
689 617
330 761
200 387
577 746
62 736
818 909
551 609
640 927
105 677
579 63
664 665
404 292
204 693
310 410
941 388
541 337
238 425
478 848
416 722
387 112
424 144
553 835
182 116
554 556
927 966
347 532
330 995
272 550
350 939
221 776
387 677
712 458
430 195
654 210
589 300
384 179
243 489
174 480
376 993
583 374
771 14
671 638
700 780
275 768
762 629
22 729
386 610
965 800
300 709
160 585
438 125
954 229
818 137
553 993
203 22
667 263
690 154
475 256
318 500
681 222
107 769
429 718
769 892
5 798
7 39
206 376
289 791
871 272
343 172
354 147
82 607
897 865
506 490
38 129
878 721
300 933
201 282
65 424
242 337
44 241
249 762
421 22
284 858
778 746
929 317
383 453
587 819
907 722
22 370
542 882
504 480
391 895
749 929
505 846
940 136
365 547
427 425
629 899
915 626
863 974
618 469
672 919
643 542
739 325
182 745
970 738
232 704
413 905
345 719
684 520
243 821
642 809
85 430
413 991
44 741
216 408
858 5
643 217
982 383
742 861
514 179
592 984
772 942
408 23
724 808
329 454
771 536
287 6
88 689
523 330
930 137
256 466
363 720
783 954
753 339
813 607
140 945
785 301
680 152
267 524
352 387
262 551
498 444
949 287
492 950
286 947
419 284
513 530
764 311
387 835
976 25
43 333
588 28
258 344
817 20
373 580
218 83
452 896
816 918
339 901
84 570
747 820
391 675
407 892
237 138
746 814
11 284
362 87
386 170
627 671
389 562
20 252
356 754
782 131
426 296
198 992
661 807
503 46
36 424
69 673
884 769
49 759
296 624
857 827
384 832
668 15
906 947
111 380
938 492
356 816
174 768
476 265
575 642
452 680
435 110
238 943
575 486
524 923
132 652
255 658
162 693
600 874
65 346
52 207
900 104
740 944
752 379
135 434
954 450
231 848
758 687
730 913
29 737
14 239
107 540
855 101
984 982
317 414
983 931
902 814
631 694
946 406
449 939
928 333
459 375
444 667
568 321
420 287
276 186
301 289
7 163
321 336
343 829
206 936
229 98
989 747
972 47
915 153
124 869
239 875
913 665
928 407
581 934
354 812
652 874
821 935
362 247
189 474
992 40
544 959
334 842
770 511
944 96
83 711
916 709
693 238
684 399
600 451
422 82
287 762
970 230
331 30
152 833
733 134
856 392
321 375
350 119
509 805
762 404
920 845
685 77
474 488
249 874
784 867
175 786
795 602
454 56
804 196
268 975
536 246
983 412
276 287
287 814
360 125
425 520
494 801
327 395
912 746
537 57
830 406
338 360
159 878
150 383
156 832
495 315
929 891
443 588
207 84
915 481
338 803
460 38
378 545
416 449
832 319
520 492
150 977
299 297
539 784
626 643
337 926
861 698
183 368
746 640
615 924
158 564
126 671
906 804
937 451
656 107
113 631
400 971
101 346
803 840
760 457
103 979
135 500
617 407
164 845
397 191
264 206
202 548
819 444
79 900
915 798
277 630
357 685
455 639
357 49
743 996
365 264
882 305
236 238
407 453
312 369
623 366
506 316
818 771
480 753
817 186
196 348
980 860
366 769
378 582
545 186
739 881
304 642
419 587
891 722
692 895
233 234
353 71
965 430
269 608
940 611
830 626
720 980
59 249
178 108
542 625
598 972
798 837
261 836
56 641
879 885
702 551
954 513
81 274
403 662
1 614
916 628
442 700
929 990
419 644
267 798
680 367
671 629
991 677
711 878
965 101
589 927
782 770
215 847
448 956
912 908
868 589
407 53
59 545
507 436
513 750
397 302
211 881
801 621
957 330
892 724
19 630
197 827
257 77
581 935
19 249
402 856
423 880
444 307
51 183
111 538
458 34
353 569
954 631
72 136
323 307
119 883
554 485
681 971
806 829
716 482
247 517
440 318
830 674
457 881
874 592
114 342
486 406
172 415
609 104
810 418
306 933
37 136
316 974
959 788
279 139
984 83
804 479
167 947
994 479
389 10
974 563
483 687
631 127
701 268
513 748
315 116
765 459
991 60
894 584
581 275
24 803
989 673
864 472
339 38
616 370
634 862
982 934
725 321
562 488
495 183
847 594
880 881
718 81
703 201
103 579
415 239
699 201
130 320
994 543
49 468
297 358
80 663
208 251
733 267
679 940
105 772
843 538
741 657
552 747
644 336
998 688
25 142
154 633
255 865
170 268
294 314
496 776
977 296
548 961
97 58
643 256
853 443
307 628
863 928
173 989
841 819
931 429
833 517
744 503
535 917
444 903
567 568
992 844
517 42
745 15
396 476
63 608
162 479
750 127
476 109
961 537
796 924
419 938
195 825
673 86
329 759
689 119
592 777
253 933
492 311
420 582
44 911
175 639
611 217
555 84
87 237
543 293
552 253
421 776
156 162
55 249
63 503
935 924
47 725
320 119
488 960
757 668
589 904
734 744
96 819
399 426
30 301
376 348
700 112
784 430
768 788
685 253
152 449
916 158
183 832
204 925
809 584
618 539
564 285
485 136
584 599
84 128
77 629
408 337
714 877
155 611
157 244
757 126
62 597
681 317
862 209
325 812
536 248
491 777
518 477
112 331
950 606
966 111
657 641
954 600
418 79
613 872
392 762
2 815
82 54
306 464
264 310
940 366
854 641
989 543
128 77
226 227
274 994
276 199
31 879
360 461
254 497
588 932
580 451
671 412
989 637
624 688
67 139
453 441
987 70
433 396
438 577
781 813
285 558
478 486
419 981
252 588
573 426
159 247
663 996
703 369
206 36
408 435
850 760
771 447
945 369
932 455
957 354
956 213
415 738
26 509
698 649
171 281
617 942
646 377
909 67
340 649
335 348
354 442
491 553
375 757
352 338
669 993
10 467
410 334
865 489
592 924
698 385
494 519
947 717
581 993
756 437
106 552
360 24
924 333
451 764
574 110
736 557
755 114
57 59
122 725
948 284
172 18
654 721
281 970
850 523
349 72
311 266
474 42
467 152
709 266
877 367
275 569
524 360
120 552
798 524
681 909
848 599
876 249
189 101
745 904
908 589
557 830
264 75
424 624
20 291
552 545
723 312
641 491
768 277
171 766
337 319
544 198
720 451
737 189
670 749
214 406
889 487
800 815
679 942
1000 192
520 662
479 581
88 977
323 378
878 167
335 821
630 483
211 648
860 566
184 84
175 766
397 598
331 959
495 563
75 619
38 380
855 940
585 84
162 577
819 22
904 930
903 979
553 837
155 86
471 539
178 466
540 444
16 508
846 968
736 235
251 58
679 835
54 81
986 877
318 121
735 979
924 426
816 979
172 56
52 245
642 656
354 6
742 688
287 878
130 427
136 669
407 614
577 781
799 915
390 951
344 421
793 916
775 900
274 167
613 833
732 114
719 673
969 70
225 860
231 460
639 482
868 871
650 595
602 272
969 448
734 783
42 230
903 450
285 76
194 417
171 947
196 492
826 259
916 405
153 394
758 304
594 75
958 463
259 80
377 429
118 853
207 984
731 702
864 341
13 241
281 255
281 551
905 531
903 540
555 351
916 804
540 759
201 476
129 360
227 585
358 387
341 488
178 870
309 990
274 563
9 281
698 140
726 343
274 304
549 931
202 320
516 315
127 707
631 386
944 797
972 135
766 466
810 431
144 273
173 829
1000 65
185 803
212 653
327 433
214 364
741 763
834 762
414 858
209 52
445 291
293 579
9 674
353 351
443 711
701 8
975 283
749 655
175 97
299 258
494 351
832 389
100 900
519 681
999 276
837 294
19 421
47 16
13 346
144 167
326 818
429 820
88 269
982 897
88 569
227 864
997 481
632 397
588 856
842 67
10 418
558 815
949 936
660 6
49 338
250 964
304 81
968 424
69 137
663 877
974 894
351 522
443 671
451 97
327 881
765 178
421 715
610 756
662 893
180 297
780 570
246 908
369 520
455 510
645 864
958 967
285 533
174 152
192 65
293 406
312 204
745 983
550 135
94 868
672 459
8 257
508 858
807 460
262 970
684 518
816 682
678 191
62 810
402 366
755 915
473 348
750 283
766 373
254 195
767 539
649 553
9 17
907 387
640 851
542 427
987 158
949 801
612 375
265 330
567 647
474 685
886 533
742 49
961 773
271 176
116 219
782 522
921 303
830 926
563 375
791 167
447 253
783 445
259 185
758 593
743 819
310 834
584 523
248 635
72 671
14 481
228 733
378 765
82 436
669 323
34 746
950 659
168 221
41 470
45 724
856 738
349 200
123 641
646 10
313 979
503 226
831 733
829 357
436 656
828 495
279 239
878 65
839 119
505 491
949 955
270 676
417 723
338 180
978 284
312 856
50 409
95 627
858 552
551 12
478 875
489 993
268 138
823 867
354 538
513 730
990 203
857 11
441 334
483 861
879 983
775 943
930 728
211 112
287 25
33 667
205 411
320 701
445 119
1 491
56 694
240 889
850 678
325 756
774 708
157 7
645 293
404 296
537 351
560 88
272 755
461 363
697 929
982 883
829 522
709 618
47 187
82 941
819 616
522 367
471 899
852 89
775 339
152 261
956 760
443 743
97 635
690 696
712 887
797 230
157 898
199 273
812 620
958 110
107 4
126 321
191 972
667 344
107 465
439 117
932 244
506 761
283 639
290 928
962 415
296 924
757 487
75 924
708 44
988 996
848 78
133 940
641 692
422 395
117 314
67 598
372 18
709 258
878 318
809 162
261 217
208 468
249 53
843 986
385 291
346 250
655 289
937 727
126 271
378 367
815 83
890 377
84 33
964 700
625 481
178 525
26 152
500 473
586 451
401 780
758 834
20 386
764 957
877 978
483 649
680 574
810 324
546 539
590 604
16 760
459 978
145 125
811 135
855 303
694 857
401 457
128 867
252 21
151 874
13 265
513 452
368 507
515 308
407 498
286 351
610 536
41 78
4 32
610 746
881 950
780 14
58 13
832 690
386 854
151 303
712 826
867 766
772 294
585 372
342 227
893 239
146 207
212 519
999 188
555 381
242 593
946 730
54 471
497 218
406 253
298 475
121 419
788 146
555 459
244 461
47 182
633 366
537 12
432 392
593 788
171 754
560 301
20 60
270 657
906 901
288 336
261 186
126 563
446 583
297 280
541 605
846 296
319 126
16 52
281 856
6 74
197 409
516 719
312 539
131 136
22 528
30 516
710 589
15 24
392 932
70 65
894 298
935 58
824 456
841 290
444 4
553 753
909 431
598 319
912 13
42 87
668 904
907 104
396 356
342 848
167 414
60 918
89 223
663 706
158 831
405 356
640 572
872 652
370 157
124 649
123 402
281 772
456 938
549 51
13 732
445 142
933 286
252 211
897 794
562 618
138 217
552 740
578 847
170 417
421 53
404 365
394 217
666 772
966 602
706 321
522 446
129 907
779 749
217 696
375 746
811 582
328 584
703 8
402 314
184 505
871 399
390 95
247 612
394 971
351 766
232 377
922 327
716 146
85 988
496 181
567 293
145 205
953 163
154 485
131 81
768 666
214 765
790 648
935 666
502 957
550 207
375 257
478 191
358 168
439 754
862 691
141 590
872 401
890 860
698 804
618 853
338 775
445 556
955 191
585 430
342 789
306 791
464 407
756 653
324 244
866 589
64 576
452 433
426 547
549 775
368 46
159 534
292 870
246 270
933 916
787 552
55 241
38 19
244 277
979 87
60 612
48 466
640 364
962 438
380 126
566 128
341 829
80 755
689 643
140 599
829 666
723 183
407 878
405 231
275 301
226 725
354 966
324 653
55 626
71 813
666 698
383 193
658 826
52 661
559 733
273 451
820 337
594 788
313 258
296 325
358 497
471 616
187 352
313 520
157 139
848 76
482 500
98 759
400 449
690 595
802 18
969 342
523 869
356 286
147 476
476 602
502 2
457 879
380 959
234 496
459 200
406 980
415 930
515 358
886 889
528 181
605 356
955 903
402 629
697 400
210 274
28 226
263 858
105 793
961 416
314 452
910 429
607 250
76 418
311 334
421 746
427 746
274 744
915 64
482 872
664 356
966 440
527 315
120 376
791 212
66 293
266 537
351 55
839 184
655 293
282 872
201 651
867 929
825 70
558 75
698 656
829 895
178 120
315 103
338 385
19 382
542 513
725 768
672 584
610 196
417 309
745 498
57 175
451 841
701 746
859 984
410 691
644 93
482 542
613 528
732 877
290 933
473 858
290 490
896 730
446 355
418 596
588 894
541 341
80 369
226 960
459 218
80 803
683 566
686 477
609 854
572 349
377 37
206 385
460 626
622 83
433 834
647 102
756 172
242 519
823 542
809 914
760 603
579 430
805 285
100 457
182 477
691 726
676 901
598 820
890 338
696 212
989 176
866 135
458 615
209 282
717 333
606 454
586 540
498 308
553 802
653 239
629 493
118 490
735 307
718 798
741 43
501 979
937 866
245 996
191 409
344 512
718 261
635 495
569 71
627 533
794 186
507 489
423 305
292 752
968 661
151 811
471 166
76 394
872 406
412 303
746 523
493 896
982 267
595 872
231 189
693 721
301 571
3 348
620 274
163 687
964 359
125 470
719 286
267 599
368 569
105 796
630 447
807 177
964 957
785 46
796 617
439 48
839 242
142 3
550 18
820 608
223 241
306 147
943 757
17 259
22 897
198 752
234 535
53 324
244 922
744 604
169 93
856 969
589 646
903 946
389 154
955 898
382 559
65 798
383 524
158 173
453 53
936 382
776 44
246 175
9 341
818 189
662 977
174 316
452 979
977 757
498 725
449 213
750 895
429 547
848 164
231 389
804 634
1000 289
544 9
776 580
530 350
330 798
717 248
72 288
984 744
575 951
885 108
628 281
699 416
264 317
779 328
772 578
254 645
504 717
723 439
499 202
403 643
966 76
838 95
341 851
667 93
800 633
642 14
722 847
101 385
201 34
908 181
633 348
133 423
250 488
941 751
680 511
799 726
123 230
916 166
986 553
473 609
859 614
763 10
121 721
847 473
954 515
196 86
825 342
385 129
77 709
916 436
911 986
298 21
802 352
724 719
154 791
163 665
319 772
869 887
779 36
905 634
591 20
908 587
210 631
766 248
888 778
403 225
222 978
895 28
202 496
