60 654
188.770000
871 956
76 406
-291 300
105 615
-818 450
-48 -701
21 672
-453 -194
-357 -52
-851 -567
262 653
918 -484
-817 21
-925 1
299 686
649 -960
4 799
-285 -141
-654 -237
-626 -643
-802 326
395 -477
693 431
-313 512
139 602
685 -532
-997 -824
33 -874
801 294
-457 -460
553 16
275 -938
160 197
843 -414
828 655
640 308
218 -237
883 -68
-173 -167
531 -567
66 -361
553 750
-746 -101
-942 832
115 -798
-204 976
970 483
860 -72
141 767
305 -753
527 -100
-911 -961
744 -909
-616 -212
721 613
575 628
-512 -378
-171 846
1000 647
-522 -665
37 29
2 17
30 55
37 51
20 37
44 39
41 14
51 60
43 6
24 1
25 26
47 15
48 3
20 59
51 31
12 25
41 45
54 23
54 60
48 34
60 58
4 34
7 56
33 55
54 52
11 20
54 37
45 31
59 28
7 40
52 23
53 21
30 41
50 20
6 16
8 59
41 59
11 4
27 11
14 39
8 40
33 50
34 33
58 56
60 45
16 17
41 1
55 11
35 16
59 46
28 57
35 42
56 35
5 42
54 33
17 3
10 56
60 27
12 46
34 25
48 19
1 23
32 30
54 39
14 52
30 4
54 3
36 5
20 22
23 27
18 2
4 3
36 6
56 28
20 28
18 14
48 49
55 57
4 36
42 41
34 29
3 7
7 39
34 31
9 40
12 21
41 6
47 20
35 26
7 47
31 58
50 15
19 47
37 12
19 37
4 1
44 59
17 28
22 42
31 22
26 60
25 58
36 40
22 8
24 36
37 13
12 45
44 3
17 38
23 22
25 29
3 22
26 33
34 13
15 48
29 46
57 17
40 42
18 27
5 38
25 9
10 31
59 33
37 45
33 51
33 38
30 24
19 58
41 29
28 36
38 6
37 21
43 15
46 13
2 1
16 27
28 8
31 27
12 59
60 30
54 5
23 21
44 17
7 60
14 26
53 1
20 27
26 24
28 1
25 44
51 23
53 15
4 26
44 43
20 16
20 34
38 48
32 14
3 43
35 6
59 48
54 14
32 41
22 39
58 3
14 17
60 31
21 11
41 23
57 35
35 41
23 59
60 17
56 43
51 9
15 25
42 19
28 10
40 23
18 45
19 4
13 3
44 54
47 25
18 36
55 2
50 28
16 51
42 2
14 30
59 55
39 57
21 13
11 44
52 48
39 4
59 22
10 8
7 44
53 31
24 18
8 32
52 9
20 45
20 29
46 1
38 47
13 50
54 11
35 24
10 32
32 39
54 41
3 20
29 40
50 12
10 7
5 45
46 20
10 57
57 60
3 15
24 52
51 32
5 1
51 19
4 10
30 17
20 57
42 3
3 37
38 16
43 39
55 46
47 6
48 47
30 12
34 58
10 51
52 13
56 50
26 49
42 28
38 19
50 55
51 25
8 35
33 42
30 25
20 53
15 18
20 35
40 34
24 15
31 2
46 17
13 23
7 18
57 48
59 58
54 56
16 22
24 2
4 2
35 53
39 41
48 24
19 32
42 23
7 42
58 46
37 50
54 16
25 14
11 58
53 19
2 8
13 55
30 16
8 53
12 35
4 21
22 15
50 34
46 60
28 30
29 26
27 33
53 17
28 21
50 27
55 4
47 10
60 35
8 29
23 38
54 53
22 37
12 51
37 46
47 42
5 15
55 15
33 25
24 25
47 21
19 18
60 20
41 20
27 51
45 9
33 16
53 44
21 43
31 37
53 5
47 46
24 58
17 1
37 10
8 38
23 14
52 34
34 53
31 55
18 6
19 39
15 38
52 37
13 60
48 16
27 57
44 19
1 43
42 26
43 33
50 36
39 35
60 22
39 21
53 43
58 6
36 52
33 1
49 55
26 59
58 9
14 10
7 29
13 31
34 24
35 13
44 1
2 40
42 17
2 10
35 47
3 36
5 11
56 42
15 9
48 25
39 51
30 3
1 32
30 18
8 14
6 44
27 17
37 32
21 52
20 14
49 31
3 39
47 27
58 43
39 59
59 24
47 59
54 47
18 1
9 53
60 38
24 40
41 27
8 43
28 26
11 40
57 31
32 22
57 38
22 36
24 53
23 4
2 56
40 27
28 24
25 56
13 48
53 26
25 39
23 17
16 14
32 13
56 60
16 40
2 35
20 21
21 42
50 16
35 29
16 1
14 46
11 17
53 4
43 31
42 11
23 18
5 47
57 40
51 55
19 34
41 3
42 60
52 12
40 12
7 51
15 42
34 41
49 42
9 17
42 9
33 47
12 10
10 58
19 54
23 50
50 4
8 13
26 43
28 22
45 35
58 45
55 34
50 7
43 2
28 11
9 57
23 39
16 7
7 25
9 55
54 35
57 56
59 50
8 57
18 11
18 42
14 53
15 36
5 19
58 21
9 8
38 3
43 50
21 59
52 46
1 45
36 30
45 56
44 52
51 5
17 29
50 48
53 56
12 57
27 42
10 9
1 52
37 59
17 5
1 21
26 51
48 12
25 22
36 7
45 10
5 49
9 34
60 50
3 2
39 56
47 57
47 41
33 17
40 32
51 58
49 57
28 49
22 11
40 14
56 3
11 33
35 19
45 29
40 51
8 25
49 29
42 59
18 28
56 26
32 45
52 4
18 60
55 48
12 17
38 7
45 36
49 14
14 7
37 25
3 18
5 48
38 54
14 15
45 26
31 26
57 51
38 56
44 50
17 50
47 28
16 11
37 16
39 40
56 30
39 52
43 28
3 60
56 24
56 18
5 60
19 31
60 52
29 4
20 5
1 30
42 43
13 57
37 26
49 60
48 4
36 38
32 53
50 49
41 24
49 56
43 25
16 55
41 4
56 6
4 59
9 47
31 25
52 11
23 20
41 10
56 5
31 9
20 56
16 23
41 46
11 34
30 7
51 56
19 7
43 51
49 46
24 55
14 6
8 34
18 50
23 5
26 21
11 35
19 36
2 51
33 40
2 49
50 5
21 19
18 13
41 31
56 34
47 16
9 23
54 8
21 36
16 19
41 50
48 51
2 37
11 50
58 50
54 25
44 49
56 48
52 26
52 16
26 8
49 36
24 51
23 15
51 42
46 34
50 54
54 9
20 19
16 13
45 16
15 16
42 31
45 4
44 29
34 43
1 58
41 7
2 50
16 31
16 8
40 22
4 25
15 4
34 2
22 10
51 35
21 17
60 39
59 2
33 21
34 57
4 51
14 3
9 14
21 45
38 10
14 13
4 37
18 10
10 6
21 41
2 9
59 17
35 58
