250 400
72 136
395 494
375 529
52 48
88 170
58 171
127 224
389 540
157 184
303 369
28 91
92 179
364 394
21 150
34 223
295 388
158 213
396 476
117 110
83 163
98 177
100 126
106 191
173 171
426 500
400 389
407 375
135 142
416 453
399 550
136 134
259 247
331 324
318 369
113 198
385 519
262 258
93 152
83 92
444 423
38 190
57 205
65 197
316 450
350 495
309 410
398 456
364 447
38 39
344 365
215 299
205 201
349 350
205 294
149 311
288 425
421 416
179 262
69 87
127 162
418 499
39 201
159 285
336 350
439 462
429 481
224 354
342 464
37 67
206 326
407 435
379 482
71 236
123 122
384 431
183 235
309 464
283 258
43 56
30 57
21 78
436 487
145 174
67 163
408 515
346 482
370 379
279 284
311 298
381 357
340 406
313 291
190 215
379 479
91 145
433 517
437 394
149 304
26 73
3 188
429 412
119 175
308 397
190 250
427 546
22 130
204 348
4 151
318 410
61 194
17 120
419 412
33 216
198 212
18 155
434 561
124 132
18 161
221 345
342 356
182 222
441 419
151 195
18 124
290 398
100 156
386 387
51 158
297 363
350 336
286 286
76 191
286 323
191 189
78 196
411 493
401 491
96 211
343 361
246 406
87 139
290 381
47 94
295 291
240 303
152 329
109 114
28 99
201 275
311 357
117 221
283 414
372 451
429 391
10 13
431 430
158 252
182 303
55 108
163 305
155 316
36 126
74 193
225 352
355 336
154 179
428 421
370 362
434 477
239 256
51 166
419 568
316 362
152 163
27 128
280 381
254 253
362 469
269 312
314 476
254 351
240 318
378 493
264 319
68 200
55 242
5 124
169 339
56 150
2 179
88 242
172 211
34 86
93 228
60 129
363 521
425 486
228 301
292 345
287 260
380 423
154 315
18 206
371 410
160 191
288 415
199 308
431 464
425 421
346 466
49 164
50 237
290 266
29 74
140 136
437 477
210 200
260 373
88 216
292 438
67 156
2 118
136 252
421 432
101 126
6 184
389 499
279 424
56 233
281 348
365 430
144 244
374 332
330 371
128 256
92 96
214 377
284 391
343 343
246 386
190 271
265 294
258 387
218 198
417 447
248 376
42 173
197 224
117 127
254 364
