802 -168 -38
665 -401 15
982 610 5
-240 2848 5
-410 2848 5
275 -401 15
979 2801 5
1283 3069 5
774 546 5
533 973 5
70 2848 5
453 167 5
635 -401 15
689 2911 5
1241 3125 5
-675 2408 10
-300 2848 5
969 1455 13
-590 2848 5
-675 2528 10
-675 2828 10
-168 -308 15
240 2848 5
-63 -383 17
719 2891 5
482 542 37
-10 2848 5
695 -401 15
545 -401 15
914 2881 10
-190 2848 5
1420 -146 5
-84 -450 15
20 -338 5
729 2891 5
1211 3165 5
1460 -146 5
1329 1605 13
580 2848 5
1139 2801 5
659 787 13
71 278 30
1272 781 34
-530 2848 5
1185 1545 13
749 2891 5
-600 2848 5
420 2848 5
-239 1015 481
50 2848 5
570 2848 5
-60 2848 5
1043 3139 25
959 2881 5
819 2871 5
1187 3197 5
747 510 10
-570 2848 5
1359 3005 13
1437 2511 29
486 211 50
949 2601 5
69 -429 15
453 27 5
1437 2947 5
629 845 5
-250 2848 5
610 2752 13
587 901 5
0 -120 95
969 2601 5
610 2284 13
-39 -338 34
304 -286 65
80 2848 5
839 3061 5
-168 -188 15
1129 2801 5
715 534 10
610 2700 13
453 87 5
1318 -185 20
1301 3045 5
1470 -146 5
-210 2848 5
200 2848 5
-675 2768 10
914 2781 10
403 87 5
-490 2848 5
689 2931 5
914 2681 10
-675 2688 10
1253 3109 5
971 3085 5
769 3061 5
1401 1635 13
-390 2848 5
1272 441 34
617 861 5
689 2971 5
658 2284 5
365 -401 15
390 2848 5
1313 3029 5
659 605 13
1012 610 5
762 530 5
1437 3005 13
-675 2788 10
819 2851 5
627 1445 5
939 2721 5
914 2641 10
-168 -128 15
453 37 5
1042 610 5
768 538 5
945 1315 13
1049 2601 5
689 2961 5
1437 2887 5
-560 2848 5
1209 1555 13
1437 2907 5
90 2848 5
610 2310 13
1437 2847 5
1437 2917 5
-30 2848 5
220 2848 5
1437 2957 5
1461 1779 13
1437 2566 26
1049 2801 5
939 2881 5
607 1445 5
932 610 5
1550 -146 5
-330 2848 5
819 2861 5
-120 2848 5
453 137 5
-675 2508 10
453 -3 5
39 -429 15
473 87 5
1003 3109 5
798 578 5
230 2848 5
610 2440 13
949 2721 5
798 2284 5
10 2848 5
949 2881 5
-144 -405 20
808 498 5
509 1005 5
1471 1803 13
1072 610 5
-675 2215 143
647 821 5
972 705 10
648 2284 5
138 -48 17
1421 1683 13
917 1055 15
945 1133 13
380 2848 5
540 2848 5
952 610 5
1272 645 34
819 2781 5
929 2921 5
1441 1731 13
1099 2801 5
972 685 10
892 610 5
949 2801 5
939 2801 5
1039 2601 5
605 877 5
638 2284 5
889 3061 5
756 522 5
689 2951 5
829 2681 5
610 2362 13
605 -401 15
250 2848 5
818 2284 5
1289 3061 5
1451 1755 13
-430 2848 5
-280 2848 5
1430 -146 5
335 -401 15
-675 2728 10
914 2761 10
370 2848 5
-420 2848 5
30 -338 5
1501 1875 13
-380 2848 5
1199 3181 5
178 -254 65
270 2848 5
657 1445 5
-63 -405 5
-675 2368 10
972 665 10
731 522 10
460 -127 80
503 87 5
798 498 5
215 -401 15
1009 2601 5
610 2388 13
610 2648 13
-112 -429 20
560 2848 5
-168 -373 20
1009 2721 5
597 1445 5
1079 2801 5
914 2481 10
819 2881 5
945 1393 13
1521 2263 29
-40 2848 5
-500 2848 5
869 2681 5
914 2521 10
1089 1505 13
914 2841 10
945 1341 13
914 2501 10
1560 -146 5
1022 610 5
-168 -158 15
914 2821 10
737 1055 15
300 2848 5
755 -401 15
1082 610 5
155 -401 15
719 3021 5
0 2848 5
819 2841 5
130 2848 5
388 -223 40
945 1289 13
979 2601 5
1017 1475 13
-180 2848 5
453 97 5
527 1055 15
788 498 5
748 2284 5
1272 577 34
395 -401 15
1440 -146 5
799 3061 5
869 3061 5
819 2721 5
1248 848 15
1437 2987 5
261 -48 106
872 610 5
1400 -146 5
453 57 5
110 2848 5
1068 833 30
689 2921 5
819 2761 5
-675 2588 10
963 3079 5
1009 2801 5
1137 1525 13
423 87 5
-110 2848 5
889 2681 5
743 3053 5
-640 2848 5
945 1081 13
610 2804 13
-540 2848 5
1437 2712 20
697 1445 5
789 2891 5
902 610 5
1062 610 5
819 2751 5
689 2901 5
689 2941 5
989 2721 5
503 1023 5
134 -429 20
709 2891 5
517 -51 15
945 1055 13
1233 1565 13
1540 -146 5
99 -429 15
989 2801 5
-220 2848 5
809 2891 5
708 2284 5
539 965 5
453 17 5
485 -401 15
1223 3149 5
792 1445 10
731 3037 5
463 87 5
460 2848 5
-360 2848 5
929 2601 5
617 1445 5
-675 2468 10
757 1445 5
849 3061 5
1437 2927 5
610 2726 13
659 709 13
819 2791 5
1437 2809 13
-160 2848 5
832 610 5
1450 -146 5
1307 3037 5
769 2891 5
455 -401 15
1431 1707 13
987 3097 5
1062 -377 20
-440 2848 5
914 2356 115
-320 2848 5
779 3061 5
575 917 5
1370 -146 5
797 1055 15
659 657 13
638 325 10
914 2801 10
939 2921 5
-610 2848 5
1491 1851 13
1015 3118 10
610 2570 13
590 2848 5
290 2848 5
610 2622 13
453 147 5
995 -401 15
669 555 13
912 610 5
-550 2848 5
96 -48 25
-675 2608 10
569 925 5
1200 884 15
695 2989 5
1560 2 143
1247 3117 5
610 2674 13
470 2848 5
929 3061 5
1069 2801 5
-168 -218 15
1437 2977 5
280 2848 5
1481 1827 13
-290 2848 5
1193 3189 5
1032 610 5
1065 1495 13
689 2981 5
-270 2848 5
-675 2628 10
789 3061 5
772 1445 10
759 2891 5
962 610 5
767 1055 15
699 546 10
879 2681 5
698 370 65
-460 2848 5
575 -401 15
1437 2832 10
659 631 13
-260 2848 5
483 87 5
-675 2488 10
1380 -146 5
819 2891 5
1437 2857 5
819 2741 5
310 2848 5
905 -401 15
-168 -338 15
659 735 13
1265 3093 5
942 610 5
914 2621 10
959 2721 5
909 3061 5
-170 2848 5
819 2811 5
647 1055 15
999 2801 5
1029 2601 5
-510 2848 5
819 2711 5
237 578 148
1490 -146 5
-168 -98 15
914 2861 10
-675 2648 10
1521 2071 35
972 625 10
23 314 30
1295 3053 5
1437 2667 25
875 -401 15
1163 3229 25
927 1445 5
1319 3021 5
929 2881 5
425 -401 15
1123 3199 25
0 0 25
350 2848 5
-168 -68 15
-675 2568 10
453 127 5
810 594 5
795 -111 91
887 1055 15
939 3061 5
1331 3005 15
972 610 5
857 1055 15
534 542 15
1437 2897 5
440 2848 5
1480 -146 5
430 2848 5
955 3073 5
-650 2848 5
40 -338 5
1410 -146 5
819 2831 5
330 2848 5
778 2284 5
500 2848 5
30 2848 5
530 2848 5
-660 2848 5
610 2466 13
413 87 5
1272 305 34
-675 2668 10
822 610 5
-168 -248 15
70 -338 5
808 2284 5
707 1445 5
-450 2848 5
1272 122 13
-675 2808 10
849 2681 5
610 2830 13
1437 2617 25
190 2848 5
453 255 5
728 2284 5
610 2336 13
305 -401 15
1059 2801 5
687 1445 5
778 498 5
819 2771 5
-150 2848 5
832 1445 10
1520 -146 5
1510 -146 5
945 1419 13
1437 2877 5
1104 881 30
1069 2601 5
1019 2801 5
-522 1532 5
-310 2848 5
410 2848 5
60 -338 5
749 3061 5
914 2661 10
185 -401 15
768 2284 5
-392 2135 78
610 2414 13
1259 3101 5
1222 -257 20
804 586 5
545 957 5
727 1445 5
180 2848 5
845 -401 15
867 1445 5
245 -401 15
641 829 5
1521 2204 30
819 2801 5
20 2848 5
50 -338 5
1500 -146 5
60 2848 5
945 1237 13
899 2681 5
1257 1575 13
-580 2848 5
816 602 5
399 327 85
-50 2848 5
521 989 5
1190 -281 20
1052 610 5
1019 2601 5
862 610 5
-675 2448 10
1205 3173 5
907 1445 5
-168 -38 15
1229 3141 5
-130 2848 5
929 2801 5
699 2891 5
945 1263 13
819 2701 5
701 2997 5
-480 2848 5
1254 -233 20
-444 1507 52
551 949 5
1286 -209 20
996 737 30
945 1367 13
792 570 5
1272 373 34
210 2848 5
569 542 20
763 498 10
667 1445 5
780 554 5
852 1445 10
610 2518 13
602 298 35
819 2731 5
581 909 5
939 2601 5
600 2848 5
-675 2848 10
493 -33 15
-675 2748 10
63 84 80
345 87 53
623 853 5
610 2492 13
687 555 5
1277 3077 5
914 2901 10
717 1445 5
520 2848 5
510 2848 5
1521 1923 39
737 3045 5
707 3005 5
678 2284 5
969 2721 5
1385 3005 13
1530 -146 5
453 107 5
9 -429 15
260 2848 5
563 933 5
969 2801 5
453 77 5
718 2284 5
-25 350 30
945 1445 13
688 2284 5
1272 713 34
1030 -401 20
1217 3157 5
1521 2318 26
1305 1595 13
1271 3085 5
929 2721 5
914 2581 10
1079 2601 5
859 2681 5
10 -338 5
1272 237 34
-90 2848 5
1320 102 39
922 610 5
-675 2708 10
969 2881 5
959 2801 5
40 2848 5
1281 1585 13
1272 169 34
515 1039 5
150 2848 5
557 941 5
859 3061 5
-49 -450 20
819 3061 5
809 3061 5
593 893 5
509 1031 5
320 2848 5
827 1055 15
340 2848 5
1119 2801 5
-21 -429 15
610 2848 5
725 3029 5
738 2284 5
919 3061 5
503 1013 5
443 87 5
786 562 5
897 1445 5
935 -401 15
-504 1532 13
1113 1515 13
1041 1485 13
819 2821 5
635 837 5
610 2544 13
659 761 13
-675 2548 10
493 87 5
999 2601 5
758 2284 5
-620 2848 5
999 2721 5
979 3091 5
453 117 5
677 1055 15
852 610 5
1089 2801 5
453 7 5
140 2848 5
100 2848 5
550 259 30
668 2284 5
453 47 5
1377 1625 13
993 1465 13
1059 2601 5
1161 1535 13
882 610 5
659 683 13
160 2848 5
581 -3 65
515 997 5
-370 2848 5
799 2891 5
-470 2848 5
1029 2801 5
1235 3133 5
-140 2848 5
759 3061 5
959 2601 5
610 2778 13
1392 72 39
-340 2848 5
914 2921 10
725 -401 15
610 2596 13
412 518 37
945 1211 13
-675 2428 10
515 -401 15
1353 1615 13
914 2541 10
677 1445 5
1437 2749 17
1350 -161 20
-630 2848 5
469 -15 15
947 3067 5
653 813 5
611 869 5
1521 2140 34
945 1159 13
-100 2848 5
945 1185 13
159 212 80
620 474 65
1411 3005 13
1437 2967 5
819 2681 5
1126 -329 20
725 57 91
1437 2937 5
557 1055 15
170 2848 5
949 2921 5
698 2284 5
527 981 5
-520 2848 5
647 1445 5
995 3103 5
945 1107 13
115 -338 40
-230 2848 5
450 2848 5
309 327 5
1411 1659 13
1272 509 34
433 87 5
1521 1999 37
-20 2848 5
0 -338 5
550 2848 5
-168 -278 15
1272 830 15
739 2891 5
-519 2150 26
742 1445 10
599 885 5
1390 -146 5
1158 -305 20
842 610 5
979 2881 5
829 3061 5
659 805 5
1083 3169 25
788 2284 5
707 1055 15
-350 2848 5
899 3061 5
689 2891 5
1521 2431 87
914 2721 10
360 2848 5
120 2848 5
453 67 5
400 2848 5
-483 2135 13
659 579 13
839 2681 5
965 -401 15
819 2691 5
914 2561 10
-400 2848 5
637 1445 5
587 1055 15
972 645 10
1437 2781 15
914 2601 10
779 2891 5
1002 610 5
-70 2848 5
-80 2848 5
1039 2801 5
136 1915 494
887 1445 5
490 2848 5
1140 929 30
1176 902 15
628 2284 5
812 1445 10
992 610 5
1181 3205 5
513 87 5
1109 2801 5
785 -401 15
989 2601 5
879 3061 5
-675 2388 10
453 157 5
877 1445 5
979 2721 5
815 -401 15
1032 785 30
321 823 111
1224 866 15
617 1055 15
713 3013 5
1437 2867 5
914 2741 10
1094 -353 20
-200 2848 5
480 2848 5
917 1445 5
914 2701 10
