691 1082 610
-504 1532 13
697 1445 5
1331 3005 15
818 2284 5
1137 1525 13
-675 2688 10
1049 2801 5
638 325 10
914 2541 10
879 2681 5
738 2284 5
550 259 30
120 2848 5
1295 3053 5
637 1445 5
1521 1999 37
1437 2847 5
510 2848 5
70 2848 5
767 1055 15
-620 2848 5
932 610 5
849 2681 5
707 1055 15
1241 3125 5
914 2821 10
1281 1585 13
819 2741 5
659 709 13
450 2848 5
540 2848 5
453 37 5
30 2848 5
-675 2788 10
687 1445 5
756 522 5
-60 2848 5
927 1445 5
1437 2957 5
-380 2848 5
1471 1803 13
-519 2150 26
819 3061 5
610 2336 13
945 1445 13
-320 2848 5
914 2661 10
945 1289 13
-590 2848 5
-675 2448 10
560 2848 5
1017 1475 13
638 2284 5
1451 1755 13
-70 2848 5
819 2891 5
460 2848 5
999 2721 5
819 2781 5
952 610 5
-110 2848 5
989 2721 5
819 2731 5
1209 1555 13
1385 3005 13
914 2881 10
1501 1875 13
786 562 5
1043 3139 25
999 2801 5
453 67 5
178 -254 65
40 2848 5
-150 2848 5
798 2284 5
929 2881 5
949 2801 5
-550 2848 5
-675 2215 143
892 610 5
1253 3109 5
768 2284 5
-560 2848 5
689 2981 5
1235 3133 5
-580 2848 5
1052 610 5
610 2544 13
1491 1851 13
587 1055 15
50 2848 5
602 298 35
1205 3173 5
729 2891 5
-540 2848 5
678 2284 5
849 3061 5
453 117 5
715 534 10
557 1055 15
914 2861 10
1437 2977 5
769 3061 5
869 2681 5
816 602 5
1039 2801 5
1411 3005 13
1437 3005 13
453 147 5
852 610 5
140 2848 5
605 877 5
-530 2848 5
610 2466 13
827 1055 15
200 2848 5
739 2891 5
482 542 37
-675 2648 10
759 3061 5
759 2891 5
-630 2848 5
-420 2848 5
463 87 5
310 2848 5
-490 2848 5
60 -338 5
839 2681 5
-63 -383 17
945 1133 13
708 2284 5
659 787 13
929 2801 5
1072 610 5
1437 2749 17
749 2891 5
1437 2877 5
330 2848 5
610 2492 13
987 3097 5
10 2848 5
667 1445 5
719 2891 5
1039 2601 5
-675 2768 10
-10 2848 5
71 278 30
914 2621 10
1199 3181 5
922 610 5
719 3021 5
-640 2848 5
96 -48 25
-230 2848 5
1401 1635 13
635 837 5
914 2681 10
180 2848 5
1437 2927 5
10 -338 5
350 2848 5
607 1445 5
-675 2808 10
-510 2848 5
969 2881 5
659 805 5
1229 3141 5
1129 2801 5
819 2801 5
410 2848 5
899 2681 5
-675 2708 10
1521 2140 34
480 2848 5
914 2641 10
789 2891 5
798 498 5
757 1445 5
949 2601 5
914 2601 10
742 1445 10
659 735 13
570 2848 5
629 845 5
500 2848 5
792 570 5
942 610 5
430 2848 5
1481 1827 13
945 1159 13
1441 1731 13
380 2848 5
453 57 5
999 2601 5
822 610 5
-40 2848 5
1032 610 5
545 957 5
1139 2801 5
-200 2848 5
914 2721 10
993 1465 13
689 2961 5
914 2841 10
159 212 80
809 3061 5
698 370 65
610 2804 13
290 2848 5
490 2848 5
979 2721 5
610 2440 13
1059 2601 5
-675 2748 10
520 2848 5
230 2848 5
0 0 25
917 1445 5
453 157 5
1012 610 5
1437 2907 5
749 3061 5
-650 2848 5
-675 2828 10
443 87 5
569 542 20
914 2801 10
503 87 5
453 97 5
-675 2408 10
972 610 5
1003 3109 5
30 -338 5
261 -48 106
388 -223 40
1185 1545 13
959 2801 5
1313 3029 5
433 87 5
819 2861 5
859 3061 5
453 127 5
-190 2848 5
160 2848 5
914 2761 10
779 3061 5
1069 2801 5
-210 2848 5
610 2310 13
483 87 5
1009 2801 5
962 610 5
819 2751 5
829 3061 5
1319 3021 5
699 2891 5
-300 2848 5
641 829 5
190 2848 5
819 2791 5
963 3079 5
713 3013 5
914 2581 10
727 1445 5
914 2741 10
453 17 5
-440 2848 5
539 965 5
914 2701 10
453 77 5
701 2997 5
914 2901 10
687 555 5
648 2284 5
819 2691 5
798 578 5
0 -338 5
1437 2712 20
774 546 5
-130 2848 5
947 3067 5
1301 3045 5
-444 1507 52
115 -338 40
138 -48 17
1029 2801 5
668 2284 5
1521 2071 35
-675 2488 10
979 2881 5
819 2681 5
808 498 5
945 1107 13
270 2848 5
1079 2601 5
689 2951 5
819 2881 5
1193 3189 5
945 1055 13
-675 2848 10
-392 2135 78
819 2871 5
989 2601 5
819 2701 5
728 2284 5
1211 3165 5
-239 1015 481
420 2848 5
677 1055 15
914 2356 115
527 981 5
40 -338 5
-350 2848 5
50 -338 5
939 2801 5
-675 2428 10
-675 2548 10
699 546 10
969 1455 13
403 87 5
1521 2431 87
969 2721 5
945 1263 13
949 2721 5
1079 2801 5
887 1445 5
423 87 5
949 2881 5
659 683 13
1082 610 5
689 2911 5
-390 2848 5
610 2726 13
945 1393 13
610 2674 13
-63 -405 5
130 2848 5
1521 2318 26
819 2761 5
779 2891 5
1289 3061 5
689 2921 5
709 2891 5
628 2284 5
453 107 5
300 2848 5
659 579 13
919 3061 5
-675 2568 10
914 2481 10
1359 3005 13
819 2821 5
-260 2848 5
469 -15 15
955 3073 5
1305 1595 13
1181 3205 5
780 554 5
832 1445 10
250 2848 5
-20 2848 5
587 901 5
100 2848 5
1089 2801 5
170 2848 5
1187 3197 5
819 2831 5
237 578 148
110 2848 5
453 47 5
1521 2263 29
1161 1535 13
689 2891 5
610 2518 13
695 2989 5
581 909 5
899 3061 5
788 2284 5
1271 3085 5
1009 2721 5
1437 2887 5
550 2848 5
772 1445 10
0 2848 5
647 1055 15
-410 2848 5
669 555 13
360 2848 5
-675 2368 10
-170 2848 5
887 1055 15
819 2841 5
521 989 5
748 2284 5
617 861 5
70 -338 5
1083 3169 25
857 1055 15
1437 2566 26
1437 2857 5
799 2891 5
-220 2848 5
1437 2967 5
929 2921 5
1259 3101 5
982 610 5
731 3037 5
914 2921 10
959 2881 5
534 542 15
533 973 5
-460 2848 5
486 211 50
600 2848 5
1437 2832 10
737 3045 5
557 941 5
1437 2987 5
320 2848 5
872 610 5
-240 2848 5
20 -338 5
1009 2601 5
1217 3157 5
509 1031 5
788 498 5
-600 2848 5
513 87 5
698 2284 5
610 2778 13
945 1419 13
611 869 5
869 3061 5
509 1005 5
979 2801 5
1109 2801 5
599 885 5
902 610 5
453 137 5
907 1445 5
808 2284 5
-570 2848 5
653 813 5
530 2848 5
842 610 5
945 1185 13
-675 2388 10
1437 2617 25
1437 2897 5
799 3061 5
795 -111 91
859 2681 5
610 2752 13
969 2801 5
60 2848 5
717 1445 5
413 87 5
1437 2781 15
-520 2848 5
-675 2528 10
659 605 13
939 3061 5
949 2921 5
658 2284 5
979 3091 5
-50 2848 5
-675 2628 10
-80 2848 5
321 823 111
610 2622 13
453 255 5
867 1445 5
-180 2848 5
832 610 5
677 1445 5
340 2848 5
627 1445 5
399 327 85
969 2601 5
819 2721 5
1233 1565 13
-400 2848 5
493 87 5
1019 2601 5
527 1055 15
575 917 5
657 1445 5
-340 2848 5
610 2596 13
1089 1505 13
939 2921 5
929 3061 5
1049 2601 5
1283 3069 5
804 586 5
909 3061 5
503 1023 5
390 2848 5
945 1315 13
1353 1615 13
610 2648 13
-370 2848 5
597 1445 5
1223 3149 5
778 498 5
789 3061 5
-25 350 30
917 1055 15
992 610 5
792 1445 10
-675 2608 10
-675 2728 10
1119 2801 5
768 538 5
-30 2848 5
939 2881 5
1377 1625 13
460 -127 80
659 761 13
995 3103 5
1059 2801 5
1015 3118 10
689 2901 5
939 2721 5
473 87 5
1002 610 5
-675 2668 10
453 87 5
1065 1495 13
610 2830 13
453 27 5
797 1055 15
809 2891 5
939 2601 5
610 2414 13
280 2848 5
370 2848 5
-675 2508 10
737 1055 15
769 2891 5
515 997 5
897 1445 5
453 167 5
551 949 5
-330 2848 5
-610 2848 5
412 518 37
707 1445 5
929 2721 5
914 2521 10
150 2848 5
725 3029 5
945 1081 13
1307 3037 5
136 1915 494
819 2711 5
1247 3117 5
1257 1575 13
1062 610 5
743 3053 5
647 821 5
304 -286 65
889 2681 5
623 853 5
1437 2667 25
852 1445 10
1437 2809 13
647 1445 5
1277 3077 5
515 1039 5
689 2941 5
-280 2848 5
1411 1659 13
689 2971 5
-360 2848 5
912 610 5
-39 -338 34
453 7 5
819 2811 5
-120 2848 5
659 631 13
839 3061 5
-660 2848 5
210 2848 5
-140 2848 5
220 2848 5
610 2362 13
1437 2511 29
617 1445 5
689 2931 5
945 1341 13
1041 1485 13
959 2721 5
-100 2848 5
440 2848 5
1022 610 5
1113 1515 13
-290 2848 5
610 2388 13
877 1445 5
-160 2848 5
617 1055 15
688 2284 5
610 2848 5
580 2848 5
914 2501 10
590 2848 5
879 3061 5
819 2851 5
240 2848 5
659 657 13
345 87 53
1265 3093 5
493 -33 15
971 3085 5
1123 3199 25
-310 2848 5
-675 2588 10
-270 2848 5
929 2601 5
1431 1707 13
20 2848 5
503 1013 5
1163 3229 25
1421 1683 13
747 510 10
-480 2848 5
1437 2867 5
862 610 5
1329 1605 13
763 498 10
-522 1532 5
778 2284 5
1019 2801 5
400 2848 5
914 2781 10
309 327 5
-500 2848 5
882 610 5
63 84 80
718 2284 5
762 530 5
945 1211 13
90 2848 5
-450 2848 5
1042 610 5
758 2284 5
610 2284 13
0 -120 95
1069 2601 5
889 3061 5
829 2681 5
610 2700 13
731 522 10
620 474 65
1437 2917 5
581 -3 65
1521 1923 39
-470 2848 5
80 2848 5
23 314 30
-430 2848 5
1437 2937 5
945 1367 13
-90 2848 5
1029 2601 5
1099 2801 5
725 57 91
812 1445 10
-675 2468 10
1461 1779 13
1437 2947 5
945 1237 13
569 925 5
1521 2204 30
914 2561 10
563 933 5
517 -51 15
-250 2848 5
959 2601 5
707 3005 5
260 2848 5
979 2601 5
593 893 5
-483 2135 13
453 -3 5
610 2570 13
989 2801 5
810 594 5
470 2848 5
819 2771 5
