441 929 3061
610 2336 13
453 255 5
939 2721 5
-260 2848 5
919 3061 5
610 2752 13
310 2848 5
778 2284 5
260 2848 5
610 2700 13
819 2801 5
-100 2848 5
610 2518 13
725 3029 5
879 3061 5
610 2648 13
-450 2848 5
-560 2848 5
453 117 5
1049 2801 5
610 2284 13
1009 2601 5
-522 1532 5
819 2771 5
819 2811 5
469 -15 15
1019 2601 5
648 2284 5
-120 2848 5
-630 2848 5
929 3061 5
-70 2848 5
309 327 5
90 2848 5
340 2848 5
-675 2568 10
320 2848 5
819 2851 5
433 87 5
-140 2848 5
779 3061 5
989 2601 5
959 2601 5
989 2801 5
-250 2848 5
280 2848 5
-340 2848 5
914 2641 10
929 2601 5
-540 2848 5
-63 -405 5
-510 2848 5
520 2848 5
-675 2468 10
969 2601 5
638 325 10
1019 2801 5
979 2721 5
453 37 5
453 27 5
-170 2848 5
799 3061 5
493 -33 15
60 2848 5
-675 2708 10
-290 2848 5
-430 2848 5
-590 2848 5
914 2521 10
430 2848 5
788 2284 5
453 137 5
350 2848 5
725 57 91
-110 2848 5
-610 2848 5
939 2921 5
809 2891 5
610 2622 13
290 2848 5
-25 350 30
-640 2848 5
230 2848 5
-370 2848 5
698 370 65
560 2848 5
400 2848 5
-650 2848 5
-675 2588 10
849 3061 5
30 -338 5
150 2848 5
689 2981 5
620 474 65
849 2681 5
600 2848 5
-620 2848 5
914 2781 10
-675 2388 10
-675 2508 10
570 2848 5
749 2891 5
463 87 5
779 2891 5
1009 2721 5
929 2801 5
-392 2135 78
610 2570 13
300 2848 5
-180 2848 5
819 2781 5
759 2891 5
819 2711 5
-50 2848 5
914 2601 10
914 2356 115
1129 2801 5
517 -51 15
220 2848 5
-675 2428 10
689 2961 5
483 87 5
-500 2848 5
-190 2848 5
130 2848 5
-580 2848 5
-390 2848 5
190 2848 5
809 3061 5
460 -127 80
949 2801 5
-675 2528 10
969 2881 5
50 -338 5
-675 2788 10
0 -120 95
-519 2150 26
914 2681 10
999 2801 5
513 87 5
949 2921 5
914 2881 10
819 2721 5
914 2921 10
-300 2848 5
1039 2601 5
610 2674 13
889 2681 5
423 87 5
-675 2448 10
486 211 50
701 2997 5
240 2848 5
-440 2848 5
819 2701 5
453 17 5
-420 2848 5
453 87 5
969 2721 5
1109 2801 5
-675 2828 10
949 2601 5
658 2284 5
-80 2848 5
70 -338 5
1069 2601 5
390 2848 5
819 3061 5
899 3061 5
580 2848 5
819 2841 5
-350 2848 5
889 3061 5
-39 -338 34
1009 2801 5
689 2931 5
482 542 37
-410 2848 5
-470 2848 5
768 2284 5
939 2881 5
40 -338 5
610 2310 13
470 2848 5
270 2848 5
-360 2848 5
-210 2848 5
914 2621 10
480 2848 5
869 2681 5
819 2831 5
178 -254 65
914 2761 10
610 2544 13
719 3021 5
-160 2848 5
453 47 5
1059 2801 5
819 2891 5
758 2284 5
959 2881 5
453 167 5
1029 2801 5
929 2881 5
979 2601 5
819 2861 5
370 2848 5
909 3061 5
689 2941 5
261 -48 106
819 2791 5
899 2681 5
138 -48 17
321 823 111
63 84 80
610 2440 13
879 2681 5
688 2284 5
10 2848 5
-40 2848 5
493 87 5
698 2284 5
-600 2848 5
737 3045 5
-460 2848 5
453 97 5
1029 2601 5
453 -3 5
610 2804 13
23 314 30
210 2848 5
739 2891 5
-220 2848 5
200 2848 5
0 0 25
170 2848 5
-239 1015 481
136 1915 494
769 3061 5
1079 2801 5
638 2284 5
473 87 5
360 2848 5
115 -338 40
-200 2848 5
453 77 5
500 2848 5
413 87 5
829 2681 5
345 87 53
443 87 5
1119 2801 5
569 542 20
388 -223 40
50 2848 5
914 2581 10
731 3037 5
237 578 148
-675 2628 10
1089 2801 5
979 2881 5
709 2891 5
1059 2601 5
-270 2848 5
0 -338 5
678 2284 5
-675 2608 10
-60 2848 5
-230 2848 5
999 2601 5
1139 2801 5
819 2821 5
490 2848 5
689 2971 5
-675 2368 10
610 2778 13
748 2284 5
718 2284 5
1039 2801 5
689 2891 5
540 2848 5
20 -338 5
819 2881 5
453 127 5
610 2492 13
914 2721 10
959 2801 5
914 2841 10
689 2901 5
96 -48 25
1049 2601 5
914 2801 10
1099 2801 5
729 2891 5
728 2284 5
799 2891 5
610 2830 13
-150 2848 5
839 3061 5
949 2721 5
819 2871 5
-90 2848 5
453 157 5
1079 2601 5
939 2801 5
453 7 5
120 2848 5
-530 2848 5
160 2848 5
80 2848 5
412 518 37
550 259 30
40 2848 5
999 2721 5
769 2891 5
-550 2848 5
450 2848 5
713 3013 5
420 2848 5
668 2284 5
-240 2848 5
-660 2848 5
-280 2848 5
699 2891 5
71 278 30
929 2921 5
-675 2728 10
695 2989 5
949 2881 5
440 2848 5
-380 2848 5
60 -338 5
689 2951 5
140 2848 5
819 2761 5
550 2848 5
-63 -383 17
410 2848 5
-675 2548 10
-400 2848 5
110 2848 5
380 2848 5
-483 2135 13
-444 1507 52
-675 2668 10
929 2721 5
914 2821 10
-675 2748 10
989 2721 5
743 3053 5
939 2601 5
959 2721 5
-675 2648 10
719 2891 5
819 2691 5
-490 2848 5
610 2848 5
602 298 35
859 2681 5
-310 2848 5
-675 2808 10
10 -338 5
914 2741 10
979 2801 5
70 2848 5
819 2741 5
510 2848 5
-675 2408 10
453 147 5
-330 2848 5
610 2414 13
610 2362 13
453 57 5
-20 2848 5
453 67 5
869 3061 5
914 2701 10
689 2911 5
-675 2688 10
819 2681 5
610 2466 13
914 2501 10
30 2848 5
628 2284 5
503 87 5
100 2848 5
-480 2848 5
534 542 15
689 2921 5
969 2801 5
914 2861 10
159 212 80
0 2848 5
795 -111 91
-675 2215 143
914 2901 10
798 2284 5
759 3061 5
-130 2848 5
-675 2768 10
818 2284 5
304 -286 65
399 327 85
829 3061 5
-570 2848 5
330 2848 5
-504 1532 13
250 2848 5
819 2731 5
738 2284 5
610 2388 13
789 2891 5
453 107 5
749 3061 5
-675 2848 10
-520 2848 5
460 2848 5
590 2848 5
-320 2848 5
20 2848 5
914 2481 10
610 2726 13
914 2661 10
530 2848 5
707 3005 5
581 -3 65
-10 2848 5
819 2751 5
180 2848 5
914 2541 10
839 2681 5
610 2596 13
708 2284 5
789 3061 5
1069 2801 5
-675 2488 10
808 2284 5
914 2561 10
403 87 5
859 3061 5
-30 2848 5
