66 309 327
388 -223 40
70 -338 5
453 77 5
453 117 5
-25 350 30
403 87 5
453 127 5
40 -338 5
50 -338 5
453 147 5
453 57 5
453 17 5
503 87 5
413 87 5
453 -3 5
483 87 5
10 -338 5
460 -127 80
513 87 5
453 97 5
309 327 5
469 -15 15
453 7 5
486 211 50
453 47 5
581 -3 65
138 -48 17
453 67 5
63 84 80
453 27 5
453 87 5
423 87 5
399 327 85
453 255 5
-63 -383 17
159 212 80
463 87 5
493 -33 15
30 -338 5
453 157 5
0 0 25
-63 -405 5
345 87 53
725 57 91
115 -338 40
0 -120 95
453 167 5
71 278 30
453 137 5
453 107 5
304 -286 65
20 -338 5
453 37 5
178 -254 65
795 -111 91
517 -51 15
433 87 5
60 -338 5
493 87 5
473 87 5
23 314 30
-39 -338 34
261 -48 106
96 -48 25
0 -338 5
443 87 5
