1022 -406 -1395
300 2848 5
-570 2848 5
1161 1535 13
-184 -750 37
713 3013 5
122 -1194 5
939 2721 5
-58 -1194 5
-318 -1194 5
914 2841 10
939 2801 5
914 2641 10
635 837 5
-675 2648 10
743 3053 5
-230 2848 5
453 147 5
610 2414 13
-519 2150 26
30 -338 5
1199 3181 5
-308 -1194 5
659 761 13
914 2901 10
453 157 5
607 1445 5
334 -1046 37
699 546 10
1411 3005 13
-675 2468 10
-310 2848 5
917 1055 15
1009 2601 5
365 -401 15
-630 2848 5
-198 -1194 5
20 -338 5
669 555 13
1009 2801 5
38 -1046 37
809 3061 5
769 2891 5
999 2721 5
1491 1851 13
698 2284 5
969 1455 13
804 586 5
-675 2768 10
493 -33 15
-406 -750 37
-480 -352 41
-380 2848 5
517 -51 15
463 87 5
1223 3149 5
380 2848 5
659 683 13
360 2848 5
-640 2848 5
1265 3093 5
-8 -1194 5
829 2681 5
1041 1485 13
342 -1194 25
342 -1244 25
-168 -128 15
1283 3069 5
-560 2848 5
440 2848 5
-370 2848 5
1209 1555 13
560 2848 5
1185 1545 13
945 1263 13
493 87 5
897 1445 5
110 2848 5
819 2831 5
-136 -1680 15
453 37 5
1229 3141 5
-675 2388 10
-466 -1708 13
1540 -146 5
-258 -1194 5
-208 -158 5
1019 2801 5
-340 2848 5
-228 -1194 5
1079 2601 5
877 1445 5
1139 2801 5
610 2674 13
-140 2848 5
1032 610 5
1286 -209 20
-63 -405 5
758 2284 5
1181 3205 5
455 -401 15
30 2848 5
162 -1194 5
610 2362 13
610 2518 13
-63 -383 17
1480 -146 5
949 2801 5
403 87 5
550 259 30
628 2284 5
929 2721 5
-146 -1917 40
-470 2848 5
701 2997 5
-406 -1046 37
945 1055 13
408 -750 37
-240 2848 5
1272 509 34
-483 2135 13
610 2752 13
-480 468 41
822 610 5
140 2848 5
237 578 148
1410 -146 5
580 2848 5
252 -1194 5
1099 2801 5
947 3067 5
-466 -1760 13
400 2848 5
500 2848 5
-675 2488 10
792 1445 10
370 2848 5
1437 2832 10
1039 2801 5
1079 2801 5
-32 -598 37
-675 2688 10
-466 -1786 13
617 1055 15
453 87 5
420 2848 5
-620 2848 5
-108 -1212 13
-280 2848 5
819 2731 5
785 -401 15
-675 2368 10
-580 2848 5
180 2848 5
742 1445 10
-480 -750 37
-675 2568 10
1437 2857 5
972 685 10
939 3061 5
641 829 5
23 314 30
610 2830 13
-200 2848 5
849 3061 5
-358 -1194 5
799 2891 5
638 325 10
-48 -1194 5
1521 2318 26
-480 -24 41
485 -401 15
155 -401 15
795 -111 91
453 -3 5
1430 -146 5
-108 -1576 13
1377 1625 13
827 1055 15
768 538 5
170 2848 5
39 -429 15
972 665 10
689 2911 5
731 522 10
-190 2848 5
10 2848 5
527 1055 15
919 3061 5
808 498 5
887 1445 5
1277 3077 5
-108 -1472 13
1104 881 30
945 1081 13
-168 -1194 5
-480 2848 5
707 1055 15
264 -598 37
819 2811 5
581 909 5
1437 2987 5
-184 -176 5
-168 -278 15
260 -750 37
245 -401 15
-108 -1680 13
470 2848 5
610 2440 13
-168 -68 15
1521 2263 29
-196 -1680 15
395 -401 15
112 -1046 37
1281 1585 13
1437 2947 5
1119 2801 5
689 2981 5
-600 2848 5
1049 2601 5
587 1055 15
-675 2848 10
99 -429 15
-286 -1680 15
999 2801 5
-50 2848 5
945 1237 13
534 542 15
490 2848 5
668 2284 5
798 498 5
689 2891 5
719 2891 5
399 327 85
60 2848 5
610 2622 13
120 2848 5
610 2848 5
338 -598 37
-112 -429 20
1069 2801 5
929 3061 5
819 2891 5
1015 3118 10
-144 -405 20
852 610 5
972 625 10
1501 1875 13
1109 2801 5
862 610 5
-170 2848 5
90 2848 5
731 3037 5
687 555 5
832 610 5
-224 -146 5
345 87 53
-500 2848 5
809 2891 5
1043 3139 25
1437 2937 5
959 2881 5
667 1445 5
-480 -898 37
610 2310 13
-675 2428 10
-390 2848 5
433 87 5
1065 1495 13
717 1445 5
186 -1046 37
689 2941 5
-168 -98 15
-328 -598 37
914 2541 10
453 167 5
689 2931 5
979 3091 5
453 137 5
270 2848 5
917 1445 5
1319 3021 5
659 735 13
509 1031 5
914 2661 10
42 -1194 5
232 -1194 5
1062 610 5
-304 288 53
0 -338 5
1049 2801 5
1089 2801 5
797 1055 15
1222 -257 20
-338 -1194 5
653 813 5
1187 3197 5
261 -48 106
-232 -140 5
593 893 5
695 -401 15
-108 -1628 13
-28 -1194 5
1272 441 34
1224 866 15
-160 2848 5
715 534 10
959 2721 5
819 2761 5
-316 -1680 15
-466 -1838 13
759 3061 5
832 1445 10
1193 3189 5
453 17 5
972 645 10
1521 1923 39
210 2848 5
737 1055 15
610 2336 13
-110 -1046 37
1094 -353 20
756 522 5
659 787 13
551 949 5
2 -1194 5
989 2801 5
939 2601 5
1460 -146 5
-610 2848 5
575 917 5
527 981 5
929 2881 5
-108 -1394 13
-290 2848 5
320 2848 5
1530 -146 5
789 3061 5
342 -1294 25
513 87 5
1039 2601 5
1019 2601 5
879 3061 5
1437 2877 5
969 2801 5
1272 781 34
92 -1194 5
-480 -434 41
1421 1683 13
-108 -1654 13
1350 -161 20
819 2881 5
697 1445 5
453 255 5
907 1445 5
-25 350 30
993 1465 13
949 2721 5
1176 902 15
677 1055 15
20 2848 5
728 2284 5
1248 848 15
-466 -1680 15
-254 -598 37
1254 -233 20
659 805 5
310 2848 5
819 2711 5
648 2284 5
989 2721 5
707 3005 5
909 3061 5
202 -1194 5
610 2726 13
605 -401 15
-200 -164 5
695 2989 5
899 2681 5
1437 2781 15
-440 2848 5
-675 2528 10
727 1445 5
-106 -598 37
887 1055 15
763 498 10
-398 -1194 5
1272 237 34
1490 -146 5
889 3061 5
186 -898 37
819 2821 5
892 610 5
755 -401 15
812 1445 10
875 -401 15
939 2881 5
334 -750 37
971 3085 5
509 1005 5
842 610 5
515 -401 15
453 27 5
469 -15 15
914 2741 10
-220 2848 5
869 3061 5
859 3061 5
992 610 5
999 2601 5
425 -401 15
1521 1999 37
914 2621 10
657 1445 5
-520 2848 5
-406 -898 37
-78 -1194 5
1450 -146 5
1437 2667 25
659 579 13
687 1445 5
190 -598 37
1217 3157 5
-20 2848 5
1437 2847 5
-590 2848 5
-128 -1194 5
40 -338 5
819 2801 5
190 2848 5
749 2891 5
-530 2848 5
914 2921 10
-480 -1194 37
-40 2848 5
762 530 5
945 1393 13
230 2848 5
969 2601 5
1437 2867 5
-216 -152 5
725 -401 15
1437 2957 5
290 2848 5
1029 2601 5
185 -401 15
1305 1595 13
1257 1575 13
480 2848 5
1520 -146 5
-118 -1194 5
1510 -146 5
-675 2788 10
945 1159 13
-418 -1194 5
-444 1507 52
647 1445 5
-406 -1680 15
709 2891 5
32 -1194 5
-480 -106 41
1437 2967 5
545 -401 15
620 474 65
867 1445 5
69 -429 15
96 -48 25
815 -401 15
-38 -1194 5
-108 -1316 13
987 3097 5
-108 -1420 13
10 -338 5
-108 -1498 13
1253 3109 5
-675 2828 10
-108 -1368 13
698 370 65
-504 1532 13
819 2741 5
788 2284 5
134 -429 20
899 3061 5
482 542 37
587 901 5
581 -3 65
-480 222 41
1190 -281 20
1471 1803 13
-210 2848 5
539 965 5
515 1039 5
309 327 5
152 -1194 5
1272 645 34
1420 -146 5
413 87 5
1158 -305 20
-480 -598 41
321 823 111
748 2284 5
629 845 5
792 570 5
-158 -1194 5
1295 3053 5
130 2848 5
-306 -1917 40
1069 2601 5
272 -1194 5
1247 3117 5
972 610 5
260 2848 5
945 1419 13
-522 1532 5
-180 2848 5
-10 2848 5
1072 610 5
708 2284 5
453 127 5
-675 2808 10
929 2921 5
-466 -1427 34
305 -401 15
60 -338 5
71 278 30
-460 2848 5
914 2481 10
779 3061 5
-282 -140 5
914 2356 115
569 925 5
689 2951 5
312 -1194 5
979 2881 5
602 298 35
914 2801 10
963 3079 5
819 3061 5
0 2848 5
768 2284 5
453 107 5
945 1315 13
1272 577 34
707 1445 5
969 2721 5
-178 -1194 5
142 -1194 5
192 -1194 5
50 2848 5
-84 -450 15
-242 -140 5
1083 3169 25
50 -338 5
1272 373 34
-436 -1680 15
767 1055 15
-675 2708 10
839 2681 5
-360 2848 5
1272 713 34
200 2848 5
-360 198 53
849 2681 5
70 2848 5
942 610 5
1200 884 15
-428 -1194 5
423 87 5
1313 3029 5
1022 610 5
1437 2917 5
-278 -1194 5
-360 92 53
-168 -338 15
-168 -218 15
1068 833 30
-80 2848 5
-262 -140 5
-480 -676 37
818 2284 5
-490 2848 5
-332 -898 37
1437 2749 17
-650 2848 5
292 -1194 5
-184 -1046 37
1390 -146 5
-550 2848 5
610 2778 13
638 2284 5
533 973 5
-406 -1395 34
112 -898 37
-70 2848 5
453 117 5
42 -598 37
778 498 5
1441 1731 13
1370 -146 5
1331 3005 15
1411 1659 13
557 1055 15
659 709 13
839 3061 5
-332 -750 37
100 2848 5
-120 2848 5
949 2921 5
979 2801 5
819 2751 5
-258 -750 37
1437 2907 5
810 594 5
819 2681 5
260 -898 37
-100 2848 5
460 -127 80
335 -401 15
1032 785 30
486 211 50
570 2848 5
-166 -1680 15
1380 -146 5
-150 2848 5
816 602 5
-239 1015 481
-540 2848 5
515 997 5
408 -1046 37
510 2848 5
1059 2601 5
799 3061 5
914 2881 10
-328 -1194 5
1318 -185 20
-675 2448 10
-466 -1864 13
-675 2588 10
627 1445 5
1272 830 15
280 2848 5
914 2861 10
1560 -146 5
1320 102 39
1017 1475 13
789 2891 5
545 957 5
0 -120 95
914 2821 10
617 861 5
-304 468 53
443 87 5
-510 2848 5
979 2721 5
453 7 5
388 -223 40
610 2284 13
302 -1194 5
597 1445 5
-480 -824 37
520 2848 5
719 3021 5
-252 -140 5
12 -1194 5
-330 2848 5
62 -1194 5
955 3073 5
852 1445 10
-450 2848 5
1550 -146 5
453 97 5
-480 -270 41
952 610 5
1440 -146 5
0 0 25
927 1445 5
610 2570 13
22 -1194 5
1461 1779 13
-168 -248 15
-36 -1046 37
453 57 5
-184 -898 37
-268 -1194 5
617 1445 5
-180 -598 37
610 2700 13
222 -1194 5
1521 2204 30
1470 -146 5
945 1341 13
-378 -1194 5
-350 2848 5
1259 3101 5
1307 3037 5
550 2848 5
-466 -1631 34
982 610 5
-466 -1563 34
1431 1707 13
-60 2848 5
1272 122 13
912 610 5
779 2891 5
-248 378 53
829 3061 5
1002 610 5
819 2861 5
115 -338 40
689 2921 5
819 2701 5
1437 3005 13
819 2721 5
1126 -329 20
798 578 5
610 2648 13
-438 -1194 5
757 1445 5
1437 2809 13
-675 2728 10
-208 -1194 5
-250 2848 5
-168 -188 15
-272 -140 5
962 610 5
1052 610 5
914 2601 10
1437 2897 5
869 2681 5
52 -1194 5
330 2848 5
747 510 10
1271 3085 5
677 1445 5
460 2848 5
-480 -1120 37
-108 -1524 13
718 2284 5
759 2891 5
945 1367 13
819 2871 5
-188 -1194 5
-168 -158 15
412 -598 37
-36 -750 37
914 2781 10
-226 -1917 40
-108 -1264 13
-21 -429 15
945 1289 13
408 -898 37
637 1445 5
774 546 5
949 2601 5
212 -1194 5
882 610 5
738 2284 5
1521 2431 87
1289 3061 5
1140 929 30
563 933 5
-66 -1917 40
688 2284 5
1359 3005 13
788 498 5
453 67 5
-408 -1194 5
132 -1194 5
914 2721 10
112 -1194 5
786 562 5
-348 -1194 5
-388 -1194 5
945 1445 13
172 -1194 5
1385 3005 13
945 1185 13
1113 1515 13
-108 -1550 13
250 2848 5
-386 -1917 40
-168 -308 15
914 2681 10
1042 610 5
772 1445 10
590 2848 5
-430 2848 5
138 -48 17
-260 2848 5
659 631 13
530 2848 5
-392 2135 78
72 -1194 5
1437 2617 25
1329 1605 13
260 -1046 37
82 -1194 5
262 -1194 5
412 518 37
879 2681 5
1235 3133 5
610 2544 13
40 2848 5
-238 -1194 5
-36 -898 37
780 554 5
972 705 10
1003 3109 5
819 2851 5
1560 2 143
914 2581 10
-110 -898 37
599 885 5
635 -401 15
647 821 5
1437 2511 29
-108 -1290 13
-256 -1680 15
659 605 13
819 2791 5
872 610 5
-398 468 41
473 87 5
939 2921 5
282 -1194 5
995 -401 15
605 877 5
929 2801 5
-108 -1194 5
-226 -1680 15
914 2501 10
240 2848 5
182 -1194 5
-49 -450 20
94 -1917 40
557 941 5
1062 -377 20
739 2891 5
275 -401 15
658 2284 5
1400 -146 5
160 2848 5
989 2601 5
932 610 5
-98 -1194 5
483 87 5
819 2841 5
1082 610 5
725 3029 5
304 -286 65
749 3061 5
1012 610 5
819 2771 5
-466 -1734 13
521 989 5
610 2492 13
38 -898 37
959 2801 5
-480 386 41
969 2881 5
503 1023 5
-30 2848 5
-400 2848 5
-480 58 41
1301 3045 5
575 -401 15
453 77 5
808 2284 5
9 -429 15
729 2891 5
-675 2508 10
-168 -38 15
1353 1615 13
116 -598 37
-288 -1194 5
102 -1194 5
905 -401 15
647 1055 15
945 1133 13
-130 2848 5
-410 2848 5
1437 2712 20
1521 2140 34
1129 2801 5
-108 -1446 13
1029 2801 5
540 2848 5
178 -254 65
-18 -1194 5
-258 -1046 37
-675 2215 143
845 -401 15
689 2971 5
1009 2721 5
-368 -1194 5
215 -401 15
1437 2927 5
922 610 5
-248 -1194 5
610 2466 13
390 2848 5
136 1915 494
1451 1755 13
1030 -401 20
949 2881 5
902 610 5
-480 140 41
1500 -146 5
-110 -750 37
1437 2977 5
-480 304 41
-300 2848 5
-298 -1194 5
350 2848 5
778 2284 5
610 2596 13
14 -1917 40
1272 169 34
503 1013 5
-258 -898 37
1437 2566 26
-675 2548 10
610 2388 13
430 2848 5
798 2284 5
1059 2801 5
-68 -1194 5
945 1107 13
959 2601 5
-360 -140 73
-480 -516 41
1401 1635 13
965 -401 15
914 2561 10
-466 -1495 34
611 869 5
1163 3229 25
1205 3173 5
150 2848 5
-108 -1238 13
995 3103 5
220 2848 5
-466 -1812 13
-90 2848 5
-108 -1602 13
857 1055 15
-346 -1680 15
1089 1505 13
410 2848 5
1233 1565 13
450 2848 5
-148 -1194 5
1521 2071 35
945 1211 13
-270 2848 5
665 -401 15
623 853 5
689 2901 5
979 2601 5
-480 -972 37
1137 1525 13
610 2804 13
453 47 5
1123 3199 25
914 2761 10
1211 3165 5
569 542 20
600 2848 5
-402 -598 37
929 2601 5
-675 2748 10
-376 -1680 15
159 212 80
186 -750 37
242 -1194 5
1272 305 34
112 -750 37
-675 2408 10
-320 2848 5
996 737 30
-360 -14 53
-138 -1194 5
-88 -1194 5
737 3045 5
-466 -1917 40
1481 1827 13
63 84 80
659 657 13
859 2681 5
889 2681 5
80 2848 5
769 3061 5
38 -750 37
-192 -170 5
-675 2608 10
-168 -373 20
-108 -1342 13
-39 -338 34
-675 2628 10
699 2891 5
725 57 91
819 2691 5
1437 2887 5
503 87 5
-660 2848 5
70 -338 5
-110 2848 5
819 2781 5
914 2701 10
1241 3125 5
-675 2668 10
-420 2848 5
-218 -1194 5
334 -898 37
914 2521 10
935 -401 15
1392 72 39
689 2961 5
-332 -1046 37
-480 -188 41
678 2284 5
340 2848 5
-480 -1046 37
