99 499
37 54
14 37
2 93
25 12
49 15
20 23
43 15
71 2
78 51
5 89
92 68
76 48
96 8
2 79
96 83
4 32
36 16
68 37
7 92
46 53
8 65
75 48
79 47
47 55
95 52
44 87
20 21
33 17
26 35
93 21
16 94
52 51
10 20
85 15
11 31
67 16
95 43
63 72
87 10
25 82
59 67
67 79
87 1
95 11
35 86
31 48
80 82
99 88
1 84
3 11
14 69
26 7
10 86
79 94
76 53
68 42
32 55
42 25
64 74
9 92
22 86
73 19
74 73
2 74
83 13
42 7
19 51
92 95
46 85
97 20
38 65
61 67
19 1
89 82
72 97
74 92
84 47
11 56
18 10
31 1
22 72
5 39
21 96
34 64
80 31
82 16
96 43
83 15
42 70
94 14
6 50
12 15
4 29
22 34
28 42
80 23
27 14
84 7
45 66
22 39
8 3
53 49
73 47
60 39
11 64
78 89
51 97
22 78
39 23
8 19
45 34
31 30
40 73
93 60
12 1
47 33
7 8
69 17
71 53
39 47
41 87
44 60
65 83
82 70
99 26
5 28
53 42
98 46
2 10
45 62
69 91
92 75
98 62
90 67
13 27
14 53
14 58
11 76
39 93
46 36
17 48
62 67
90 60
11 91
68 55
51 37
47 44
11 43
4 98
11 16
25 22
67 36
12 16
50 84
4 10
49 93
69 60
82 37
13 32
72 57
75 80
1 78
78 9
91 1
30 58
36 8
36 45
21 4
99 68
86 3
77 35
93 45
81 6
6 51
60 78
29 60
56 7
5 94
4 40
99 37
84 18
38 82
86 24
84 61
57 76
6 47
48 85
50 53
36 11
31 65
68 84
69 33
27 72
27 30
10 26
64 92
43 3
74 27
24 56
88 78
32 91
26 79
76 75
30 11
83 58
75 52
40 42
84 67
12 9
94 22
32 59
14 72
61 87
99 82
43 85
61 73
76 84
57 78
61 41
90 74
75 72
80 33
7 10
91 20
81 50
5 78
31 45
63 91
16 38
75 66
88 32
42 49
70 77
82 60
49 55
30 89
40 10
21 46
19 12
63 98
60 67
76 90
11 38
75 54
89 61
83 31
8 54
7 89
12 55
43 82
49 63
26 66
72 89
64 30
54 38
20 64
75 98
88 48
50 77
7 32
9 14
85 13
1 94
67 43
23 83
68 48
49 41
35 11
70 87
46 88
51 22
84 39
67 33
15 74
64 21
85 47
33 86
41 97
27 75
6 49
58 73
12 28
13 80
15 58
66 63
79 48
1 45
80 15
19 44
35 4
90 65
87 30
62 14
5 65
39 55
64 48
80 76
26 94
34 91
40 55
56 18
67 72
62 99
73 50
64 61
79 25
74 81
89 35
41 26
87 5
74 67
78 99
59 11
89 14
20 27
67 73
44 32
45 4
32 18
52 93
78 29
18 51
11 8
85 49
33 70
54 5
37 30
3 95
38 91
7 57
18 71
30 59
4 74
63 33
90 13
26 68
41 44
19 49
49 2
98 79
71 50
84 8
79 86
1 18
75 6
76 3
49 79
76 10
12 66
22 36
77 49
51 8
3 20
57 86
26 37
72 26
52 47
29 24
37 6
26 84
82 1
93 92
66 14
26 96
74 3
46 83
91 28
14 48
13 39
82 84
63 32
56 64
92 81
46 75
79 40
65 44
53 90
40 25
90 83
8 16
77 98
41 89
45 53
26 27
38 86
57 65
76 13
27 68
91 73
41 71
11 4
15 61
93 54
85 83
36 92
96 13
89 38
99 34
90 26
58 26
88 85
25 16
54 17
86 92
87 96
96 99
57 89
51 40
71 86
32 67
97 19
3 96
20 9
19 32
21 8
17 46
21 68
62 7
61 47
1 57
44 55
44 94
94 13
81 26
78 76
45 80
72 94
71 92
3 90
95 36
67 14
3 27
18 63
18 15
72 59
7 66
72 87
89 50
61 34
28 34
27 99
24 27
87 45
48 82
78 15
93 80
39 11
41 10
22 95
18 29
37 75
80 64
61 30
33 48
72 79
28 50
91 21
29 31
29 69
28 60
47 43
86 8
28 99
72 36
26 78
40 87
8 70
49 61
28 41
81 56
69 9
25 7
60 50
64 8
90 50
79 18
2 4
96 39
88 2
10 21
79 58
81 5
96 61
60 65
69 82
70 29
31 34
36 19
82 49
35 30
15 14
47 15
15 41
53 3
43 62
24 20
19 5
24 13
63 81
