100
49 49
49 55
49 56
47 50
51 50
50 56
53 48
49 50
50 51
47 48
44 52
45 53
47 55
50 53
47 58
56 52
47 51
50 57
52 53
53 51
53 54
52 55
46 52
52 48
48 52
45 57
46 56
48 50
49 46
46 48
50 54
54 55
47 57
48 47
46 50
49 47
55 54
55 53
53 53
48 49
52 52
47 49
54 53
47 53
53 49
48 48
50 50
48 46
49 54
50 49
50 52
48 45
46 57
54 51
49 57
54 52
46 51
51 53
47 52
51 56
52 49
48 55
54 54
51 55
51 57
50 47
52 51
55 50
52 50
49 48
53 50
51 46
51 54
53 55
48 51
51 49
49 53
54 48
55 51
52 47
50 48
50 55
46 58
47 56
49 45
46 53
46 49
51 52
57 52
51 51
51 48
55 52
48 53
51 47
52 54
50 50
49 52
45 52
49 51
53 52
