350
51 57
46 51
42 52
42 56
53 47
44 51
55 48
46 55
58 50
44 54
48 42
55 55
44 45
44 44
54 51
40 46
40 57
45 43
38 51
46 46
38 50
37 49
42 50
59 52
48 51
50 56
59 54
55 51
60 45
41 48
47 44
53 52
50 51
57 45
49 52
60 44
42 53
48 53
51 47
38 49
47 41
52 46
41 49
47 47
43 45
61 53
47 50
41 57
54 50
59 44
57 50
54 46
51 54
52 50
53 45
56 48
48 48
57 57
55 45
53 56
44 46
56 44
45 49
48 58
59 51
50 49
42 59
61 47
41 47
40 51
49 39
52 54
61 50
55 57
50 44
48 52
62 46
51 49
36 49
54 57
52 55
44 42
41 50
44 52
47 55
48 40
47 39
60 53
50 50
49 40
45 40
52 44
58 54
50 55
55 46
49 43
50 47
48 43
49 42
59 55
45 42
59 50
57 48
40 58
43 58
57 56
38 47
51 40
60 46
50 43
50 42
56 51
56 56
40 47
46 44
60 54
56 53
53 55
52 48
45 51
56 55
51 42
40 50
52 57
48 49
54 48
49 57
56 46
52 59
57 54
46 53
49 44
54 52
54 54
42 55
51 58
45 54
52 45
46 43
60 51
57 47
58 44
43 46
52 41
54 53
47 53
58 45
50 50
45 52
57 44
45 50
50 59
49 51
40 56
58 46
54 47
50 46
58 52
43 47
43 56
59 47
47 45
47 49
46 48
47 43
56 54
58 47
42 51
47 54
49 46
42 48
46 39
53 44
42 57
47 48
46 41
52 49
54 45
44 55
43 51
53 49
48 41
46 47
52 53
53 46
62 47
56 57
61 51
39 49
57 43
52 40
39 48
45 47
53 50
44 53
52 56
47 42
52 39
47 52
41 55
53 43
53 48
51 59
45 55
59 48
47 58
49 54
46 49
43 50
51 44
50 40
50 57
43 49
46 42
48 46
46 45
44 47
43 53
55 58
51 45
56 50
61 49
52 51
43 55
54 59
48 54
53 53
55 56
60 52
41 54
44 48
54 55
54 60
51 55
54 44
46 50
41 56
46 54
56 49
61 48
58 49
42 47
59 53
48 47
49 56
47 46
39 47
49 47
58 53
56 47
49 58
53 57
56 58
50 52
52 52
45 48
61 46
45 44
44 50
43 52
53 51
39 45
46 40
52 58
50 48
54 56
53 59
42 46
42 58
46 52
50 45
49 48
49 50
55 49
55 54
57 46
56 45
40 49
52 43
51 43
48 50
57 52
55 47
45 45
50 58
57 49
51 52
49 53
55 53
43 54
58 51
53 41
57 53
48 45
51 53
56 52
53 58
52 47
39 46
49 49
50 41
42 49
57 55
53 54
49 45
58 55
51 50
51 46
51 41
38 48
54 58
42 54
48 39
47 40
44 56
43 48
55 50
50 54
51 51
48 44
54 49
55 52
59 46
49 41
40 48
55 44
59 45
58 48
62 45
37 50
44 49
51 48
62 51
50 53
51 56
45 46
57 51
44 43
43 57
39 50
52 42
45 39
49 59
39 51
47 51
41 53
45 53
49 55
48 55
41 51
