1000
48 48
57 60
50 44
46 59
61 61
51 65
31 45
32 52
43 54
48 59
58 46
37 52
49 63
35 49
43 57
47 41
51 53
52 54
38 56
49 44
38 59
49 58
42 67
56 38
39 56
55 51
44 35
36 37
40 43
62 43
51 45
67 49
47 47
56 57
30 40
47 51
37 37
44 47
51 44
59 48
43 63
55 64
31 44
57 59
40 54
57 53
57 47
52 51
43 42
51 36
34 37
49 55
47 55
46 65
53 50
56 54
59 60
59 49
50 52
52 61
50 49
44 38
64 42
28 45
43 41
60 44
63 58
51 33
54 55
35 42
36 41
45 40
44 57
54 45
54 36
35 48
46 42
54 47
45 58
64 51
47 53
28 44
51 54
65 51
51 64
39 43
49 52
37 44
51 32
50 50
55 48
55 50
40 60
34 46
52 41
30 43
31 43
33 55
54 48
61 59
34 44
44 52
51 34
61 50
62 51
56 58
59 43
57 44
56 48
48 60
40 45
51 60
57 39
57 51
51 38
49 47
45 55
41 50
55 37
32 39
35 47
41 54
44 54
36 60
51 62
50 40
38 45
45 39
40 41
46 53
37 45
46 47
66 50
48 51
30 50
48 45
49 36
39 41
55 61
58 52
40 58
39 60
41 57
45 42
49 65
35 43
52 48
26 43
62 53
57 54
41 53
34 52
56 40
38 54
67 52
54 39
42 42
51 52
53 42
45 57
39 47
54 34
42 62
30 48
67 51
40 53
49 62
54 53
38 43
45 44
58 62
43 43
42 57
54 54
40 46
42 39
34 54
39 52
48 40
36 40
35 55
61 54
40 44
30 44
52 57
48 66
46 52
38 40
55 62
44 49
61 44
55 46
62 52
54 40
49 49
42 40
60 57
55 47
49 48
64 50
64 46
42 68
47 31
39 57
38 41
65 52
33 46
47 48
64 55
66 47
29 46
35 54
42 53
31 48
31 39
30 41
56 41
45 62
43 49
33 38
48 62
52 34
58 55
47 60
36 45
44 37
40 39
48 33
51 47
46 55
42 37
49 35
53 57
41 59
60 54
39 33
34 51
38 52
63 60
42 36
52 49
37 57
33 44
35 58
33 53
39 45
42 61
45 49
45 52
50 50
50 60
35 37
40 61
53 56
61 53
62 56
44 53
61 51
28 43
46 49
38 38
34 40
51 41
52 38
54 61
57 45
47 45
50 43
34 49
52 52
41 33
58 63
35 41
44 63
38 53
43 62
41 60
53 48
52 56
42 34
53 47
41 58
28 42
40 48
47 67
66 51
51 43
44 64
51 46
58 60
47 57
47 40
53 35
45 43
41 36
46 64
29 44
42 50
47 42
37 59
42 64
46 51
39 34
63 50
37 36
62 45
36 42
55 52
43 48
51 50
29 41
44 62
42 45
51 48
53 36
47 44
34 42
56 45
59 61
59 38
36 51
35 45
63 44
54 57
41 64
62 48
41 51
52 64
51 37
50 67
52 45
47 62
50 53
51 58
44 41
55 56
45 61
57 46
49 53
36 44
60 56
34 55
39 35
35 39
35 40
59 40
33 43
58 58
45 51
42 48
44 46
61 49
56 52
46 46
59 53
48 49
39 62
62 44
45 48
37 41
29 40
35 52
62 50
42 41
53 63
37 54
50 57
61 52
60 60
43 64
44 51
38 35
27 44
27 42
50 37
32 44
41 49
59 42
36 39
38 49
50 32
40 59
47 49
62 58
42 35
48 35
52 58
54 51
51 57
63 46
45 46
55 40
45 56
36 48
55 55
47 36
60 62
48 58
48 34
61 62
56 46
56 59
43 58
54 52
61 56
46 50
38 60
53 38
66 52
52 40
50 31
57 48
43 66
49 57
56 50
46 48
42 44
53 58
52 50
60 40
56 49
53 64
58 44
51 55
63 56
59 52
53 53
50 65
59 55
46 61
42 49
46 36
54 49
44 39
47 38
43 52
53 65
59 39
59 46
47 37
46 63
52 46
44 40
34 53
37 53
38 55
51 39
47 63
47 39
53 54
34 47
32 41
50 48
41 40
48 47
44 42
32 38
46 43
54 60
43 50
52 62
34 38
61 43
49 50
54 42
47 58
31 37
53 41
29 49
39 39
46 34
59 58
41 62
64 56
38 62
41 45
48 38
53 60
44 65
32 43
38 42
62 55
52 47
43 32
34 45
50 56
38 46
38 48
54 50
27 45
61 55
60 52
62 60
51 51
58 56
44 48
50 54
61 39
40 37
44 66
41 55
50 42
56 37
48 30
59 51
58 50
61 46
49 38
35 38
63 57
41 65
58 38
39 53
37 51
33 51
40 47
64 48
54 35
42 52
50 45
61 40
57 56
49 30
41 56
57 43
44 50
31 42
60 63
55 41
50 33
50 64
54 37
36 36
42 51
57 50
44 36
30 45
64 49
38 36
59 47
54 38
37 50
47 30
39 51
43 51
62 57
48 39
35 53
30 46
56 47
55 58
29 45
36 50
41 63
38 37
39 54
43 39
46 33
62 47
39 58
37 60
43 35
60 46
54 62
54 59
57 38
49 59
58 48
45 66
52 59
64 58
42 63
53 37
41 37
51 63
36 38
47 33
41 39
37 47
60 53
50 38
51 59
58 47
33 39
49 41
48 52
63 55
35 56
62 61
50 41
47 61
35 51
47 65
49 51
36 47
63 53
41 41
59 50
48 42
40 36
39 61
38 47
43 59
39 36
32 53
36 52
43 34
55 36
47 32
46 44
65 50
53 59
39 55
46 56
48 56
33 37
48 44
41 42
34 39
59 63
63 48
42 47
49 64
34 41
43 38
33 45
63 47
47 43
65 58
60 45
41 44
45 41
45 65
44 44
53 61
43 55
53 39
52 33
67 50
40 55
41 35
55 38
43 47
61 57
53 62
38 44
60 55
57 41
60 43
52 37
62 39
40 57
56 42
64 47
42 46
31 41
55 39
39 50
41 52
58 45
39 40
61 48
55 59
52 55
64 57
60 39
48 53
35 46
37 42
56 44
43 65
54 43
45 45
60 42
45 53
45 54
53 43
29 43
51 35
51 66
45 47
39 37
43 60
37 39
48 57
52 35
43 33
59 57
49 33
54 41
50 58
57 61
41 48
42 55
53 45
51 61
41 38
62 42
49 60
55 57
48 37
29 39
36 56
36 54
61 45
32 40
66 46
35 50
63 49
45 59
48 61
62 49
50 59
51 42
45 60
58 54
58 51
37 40
48 63
34 48
42 43
44 45
37 56
49 43
50 46
45 36
55 44
52 63
45 50
29 47
59 59
47 56
40 62
33 41
43 46
49 54
54 64
31 49
60 58
49 37
30 42
57 55
32 51
49 39
51 67
57 62
39 46
62 54
39 59
40 52
64 59
37 43
59 41
64 52
58 57
49 40
65 47
32 47
45 37
37 38
49 42
52 53
43 53
34 43
57 40
44 59
58 42
36 55
31 40
59 54
58 40
42 33
63 51
32 45
46 37
42 58
54 46
57 58
46 62
62 46
63 42
48 55
43 56
54 58
40 51
60 61
40 38
34 50
55 54
41 47
47 59
41 61
42 66
42 65
65 49
47 29
44 61
47 34
59 56
50 61
39 48
62 38
46 40
50 39
56 39
37 55
63 52
37 58
44 43
61 42
56 51
38 50
55 49
58 43
50 34
53 49
60 47
42 59
48 50
38 51
32 46
32 37
47 66
48 41
49 34
46 60
46 41
61 47
48 54
46 66
40 40
48 36
58 39
37 49
48 46
32 48
44 60
54 56
31 46
46 67
53 34
52 42
46 35
56 56
53 46
49 61
28 46
39 42
50 35
60 48
56 55
64 60
59 45
60 50
46 54
47 46
45 38
48 67
46 58
63 45
46 45
30 39
52 36
50 36
61 41
40 35
60 51
29 50
42 38
30 47
61 38
33 52
61 58
58 53
46 39
38 61
33 54
55 42
43 40
31 50
53 52
55 63
55 60
57 49
45 64
61 63
55 53
50 51
46 38
36 46
58 59
52 39
55 43
58 41
63 54
48 29
50 62
47 64
32 50
31 38
51 56
39 44
36 49
57 57
61 37
65 46
41 46
52 60
60 41
37 48
40 34
50 66
39 49
42 54
56 43
52 43
62 59
46 57
44 56
50 55
40 49
49 46
59 62
53 44
35 57
37 46
38 58
36 53
48 65
54 44
41 66
33 40
56 62
43 44
50 63
43 61
38 57
58 61
42 56
43 37
50 47
32 42
44 58
47 52
42 32
53 55
60 59
40 42
47 54
57 42
44 55
38 39
51 40
41 34
31 47
29 42
54 63
56 60
52 65
43 45
39 38
56 53
53 51
63 59
27 43
40 56
37 61
63 43
51 49
41 43
47 50
48 43
43 68
40 50
56 64
32 49
56 63
33 42
48 64
60 49
56 61
53 33
33 49
47 35
55 45
57 63
49 45
45 63
62 41
52 44
49 56
53 40
57 52
42 60
36 43
58 49
35 44
40 65
30 49
59 44
