10000
40 3
48 80
62 83
48 78
19 49
25 78
52 30
13 67
61 25
59 52
72 58
37 32
89 20
95 68
98 62
65 24
77 87
78 93
15 5
19 86
38 87
56 78
66 34
52 64
63 55
33 25
31 39
92 58
97 70
63 88
26 30
101 77
77 42
85 44
83 71
73 65
80 78
86 64
21 71
40 36
37 7
28 1
90 52
48 35
62 66
75 48
95 62
57 88
78 64
30 53
114 45
83 72
9 79
104 83
54 74
79 69
36 38
41 81
83 62
50 43
65 55
65 90
68 30
98 43
39 99
10 67
16 72
72 13
55 80
94 54
62 42
63 17
86 84
104 24
64 67
76 47
11 40
75 86
25 85
68 8
56 11
66 2
63 66
71 10
60 64
8 14
32 39
79 70
104 72
22 54
44 99
86 73
65 89
52 93
93 87
65 37
97 61
32 82
69 69
103 79
99 87
52 10
42 50
46 48
47 21
77 33
66 78
10 64
31 29
12 6
65 51
36 88
16 10
13 6
100 25
23 28
65 40
21 5
31 90
46 9
60 37
67 31
49 107
28 40
18 84
105 59
70 97
61 52
65 77
25 36
77 12
75 96
84 86
43 100
14 28
61 8
50 15
50 34
104 35
96 93
65 42
64 34
84 55
61 31
15 34
30 88
12 54
13 38
48 82
35 65
16 29
70 74
80 8
54 18
95 87
74 41
7 21
69 93
47 3
100 30
79 95
82 37
74 80
110 48
94 61
6 53
43 36
51 9
14 51
59 11
26 69
6 50
28 76
36 14
102 21
54 70
82 105
89 73
74 22
89 58
45 102
77 82
56 8
90 48
62 2
17 27
65 11
53 59
71 97
89 45
24 12
49 84
70 73
31 16
4 63
51 49
77 86
2 46
34 51
48 20
70 90
58 8
47 15
64 106
26 20
97 56
5 44
57 8
13 21
33 36
71 87
21 9
35 54
39 26
59 49
54 81
46 50
75 87
37 72
77 106
17 7
45 24
60 71
74 95
27 46
24 39
41 57
21 93
99 57
6 70
31 59
19 29
9 40
41 15
63 77
30 42
28 71
67 17
64 50
5 51
101 67
85 34
20 61
66 83
83 98
44 18
26 27
65 105
69 18
24 41
58 69
102 59
82 28
28 88
61 47
83 40
37 19
1 43
44 8
23 50
73 41
30 23
92 27
49 93
2 36
11 80
77 96
75 25
88 99
1 42
90 45
44 94
42 57
26 70
30 28
50 90
17 44
79 62
69 82
85 20
104 80
70 27
59 28
75 7
51 106
64 102
99 28
55 76
31 71
57 72
24 47
66 41
4 32
67 60
36 89
15 85
12 60
49 66
35 100
48 103
98 88
104 67
51 33
14 4
35 32
3 52
106 66
70 99
99 35
54 37
80 25
83 50
72 11
59 47
40 61
30 57
83 68
87 98
50 27
86 96
54 102
46 75
44 29
53 92
101 78
26 18
102 40
86 35
77 60
25 31
21 45
28 29
87 91
63 63
49 14
47 76
72 56
104 48
12 40
77 72
59 84
19 57
50 57
84 43
102 46
102 79
97 87
60 43
70 75
102 35
90 60
84 93
85 42
77 38
64 84
111 49
97 63
44 88
69 5
41 70
60 70
103 45
83 51
34 17
103 56
95 50
103 32
7 76
31 75
93 52
105 31
14 88
69 15
44 45
55 24
55 21
1 28
8 27
6 30
55 79
38 54
54 76
3 14
95 52
13 25
86 47
78 9
89 28
58 64
73 36
79 31
83 32
4 76
92 76
57 104
15 31
54 87
39 93
84 103
50 107
37 90
33 72
76 27
64 5
79 35
90 44
41 33
12 25
34 15
32 30
93 71
20 65
8 35
33 86
54 103
21 83
90 49
63 18
49 97
25 57
15 35
68 52
64 86
103 69
54 67
51 82
22 16
40 101
77 93
19 81
94 78
78 32
26 10
89 55
27 69
81 37
16 92
39 44
24 48
90 97
23 68
38 94
12 76
71 101
50 31
57 48
114 50
106 61
23 45
28 96
43 31
98 51
15 11
36 90
83 56
102 43
51 17
72 49
91 23
8 63
86 59
51 32
47 25
32 18
97 36
27 20
4 39
29 68
96 40
83 23
69 100
107 52
13 30
22 4
55 92
80 85
7 49
39 8
42 21
5 23
18 3
62 17
7 36
42 37
81 80
10 38
67 56
96 34
96 91
82 18
100 61
28 52
72 59
43 67
71 37
45 98
30 40
77 17
65 58
42 84
98 27
77 31
6 46
66 90
46 70
90 88
42 11
95 79
53 83
55 81
68 17
60 2
91 84
28 58
21 89
22 61
80 100
93 72
23 24
23 60
25 38
25 16
70 80
4 20
106 36
73 94
57 56
66 36
56 68
60 76
91 66
54 34
47 82
52 102
26 68
64 10
87 82
35 11
27 14
27 29
40 56
85 66
47 50
99 76
14 3
10 37
78 104
17 1
92 67
64 42
11 7
39 47
62 56
38 66
90 56
87 100
51 19
12 20
65 44
87 75
27 45
102 47
73 62
83 18
44 42
51 8
112 49
36 8
26 6
51 28
33 8
19 76
100 33
81 103
71 77
83 15
56 35
14 65
55 31
102 74
85 81
29 54
32 83
15 60
52 39
78 51
94 92
12 69
30 20
49 25
66 40
57 77
76 55
21 91
54 84
98 86
76 75
32 60
47 102
106 27
77 59
19 6
71 74
41 17
51 4
49 30
32 41
16 74
15 23
6 13
60 84
64 96
35 24
64 51
45 64
24 32
7 25
38 51
90 30
40 5
88 88
60 17
3 53
31 53
104 32
79 41
16 50
79 98
25 90
98 55
30 93
6 45
111 46
19 54
43 89
72 47
57 74
67 44
10 31
93 62
78 85
92 24
60 10
90 21
75 81
53 52
81 18
44 91
36 19
81 98
19 62
98 44
68 87
36 96
13 85
56 97
33 13
49 101
58 70
60 73
92 33
59 102
25 59
75 32
63 38
4 79
59 19
75 42
72 26
20 22
12 68
69 29
48 12
64 26
73 58
57 11
76 31
86 54
49 90
98 68
81 60
55 48
59 92
49 28
85 38
54 54
27 17
51 95
45 85
84 45
20 78
51 12
30 51
64 44
63 107
56 57
70 28
51 34
80 91
44 27
57 50
34 11
74 74
64 94
58 7
87 68
74 50
11 43
67 40
23 36
71 68
15 50
58 55
91 60
47 74
37 28
28 61
84 104
65 56
48 30
99 40
80 54
45 84
76 80
73 54
13 31
76 90
88 79
45 68
30 78
12 65
85 93
89 96
80 29
43 103
100 23
47 9
22 11
77 20
68 90
83 106
34 44
56 72
15 7
96 88
68 83
82 7
24 42
59 25
63 45
59 57
48 7
13 20
64 60
21 26
15 81
36 100
91 18
45 67
15 36
33 9
40 63
42 96
16 28
64 100
40 34
5 15
10 15
48 81
49 91
17 4
106 26
2 59
76 101
37 50
50 62
71 90
31 95
53 68
92 47
1 73
54 47
51 64
17 92
40 89
39 23
43 41
47 79
12 67
61 27
46 11
22 36
81 21
36 66
20 36
27 65
61 28
61 75
51 58
93 84
8 80
20 63
22 81
81 66
34 95
80 61
98 83
99 60
62 55
65 84
24 50
34 20
39 13
66 7
80 90
21 82
81 47
51 3
52 50
77 10
99 46
70 14
2 39
70 13
25 46
53 78
79 60
65 23
70 68
27 47
88 16
36 36
28 49
24 79
23 23
18 65
66 85
38 70
3 25
103 57
65 85
88 65
93 79
77 40
43 27
7 20
83 10
77 91
31 63
105 67
103 62
9 33
5 35
18 43
49 73
40 70
42 75
8 34
34 34
95 64
29 36
9 58
78 55
99 58
76 32
32 87
19 67
49 46
17 39
15 14
36 82
97 66
27 75
102 22
69 44
38 59
13 63
85 37
1 62
85 49
57 84
14 26
27 76
87 83
39 85
24 54
76 89
57 12
87 74
8 71
62 35
5 19
81 50
36 2
41 24
32 9
53 7
103 73
12 23
36 53
64 66
48 104
65 62
55 55
86 87
29 48
85 96
23 2
73 23
65 3
105 23
87 27
87 28
9 30
5 43
53 102
27 52
52 85
44 47
62 25
54 91
99 85
22 73
58 100
47 77
56 82
48 4
7 73
32 44
95 69
77 21
83 47
56 66
56 1
60 4
93 95
35 15
47 84
43 98
9 51
12 19
88 66
56 91
55 58
87 46
46 72
101 29
51 38
59 27
95 77
33 46
32 86
100 71
57 39
20 93
49 78
49 36
90 91
18 62
75 69
17 73
31 87
57 28
43 86
13 77
72 92
92 63
25 27
62 89
89 62
101 54
36 68
34 3
84 69
63 105
100 29
102 34
33 88
34 52
58 46
3 49
54 82
56 51
82 50
34 35
9 43
85 33
36 97
78 83
82 27
44 32
44 96
1 69
11 20
47 2
101 60
96 26
39 2
82 39
50 36
62 105
41 61
28 8
42 89
80 71
10 75
67 47
47 40
71 36
44 6
8 42
72 15
21 21
66 46
73 63
24 86
87 42
39 70
89 42
21 19
78 74
100 51
22 43
81 83
72 21
54 75
35 35
92 37
86 61
37 59
57 89
89 82
4 47
71 52
66 18
52 54
18 14
35 66
56 40
1 71
2 44
90 90
82 22
101 19
99 70
43 76
104 26
48 32
42 99
6 71
92 74
45 28
29 44
104 57
80 73
79 16
38 56
18 86
14 31
85 92
89 85
64 104
11 86
46 13
31 52
17 23
104 44
8 38
74 62
65 13
34 80
55 20
30 6
99 83
41 44
89 31
56 3
13 15
41 42
39 40
29 90
89 41
13 40
22 6
9 62
35 10
83 20
15 77
29 2
70 103
54 85
49 19
36 17
96 49
79 77
75 14
34 84
17 95
48 96
18 50
46 74
36 67
101 92
71 44
64 37
50 68
15 84
10 74
107 48
33 38
36 63
18 66
63 59
72 80
87 80
21 75
41 104
110 51
43 37
99 34
86 38
86 86
8 13
52 48
81 100
53 107
84 27
100 92
88 50
90 24
73 40
41 30
60 48
62 68
71 104
65 66
80 7
81 39
99 86
104 22
68 43
89 44
25 82
77 80
76 23
68 91
44 37
82 9
79 54
66 32
84 89
85 43
39 62
57 85
87 59
16 24
91 88
27 43
83 54
49 54
65 83
43 74
61 50
31 43
66 58
71 8
54 83
54 53
25 8
54 28
18 75
91 22
18 64
70 63
3 18
64 75
16 31
82 68
2 18
22 51
59 50
48 100
86 98
86 95
51 71
25 60
37 81
35 33
75 53
69 4
106 38
62 87
37 67
57 93
52 63
30 75
83 25
31 12
25 74
20 16
18 39
41 16
55 17
24 31
87 73
106 53
50 89
66 75
60 67
97 89
31 41
71 24
47 14
25 81
49 32
3 16
56 69
7 28
13 22
14 67
35 2
106 59
68 18
20 41
47 34
51 61
47 24
68 67
72 40
38 34
34 16
20 57
66 21
56 83
80 81
72 91
6 15
101 42
55 69
96 72
101 45
50 18
38 104
38 73
7 71
86 65
90 101
65 53
37 22
75 72
18 10
32 70
13 82
34 53
68 78
33 97
7 16
21 72
12 41
87 48
25 87
30 47
74 99
79 81
61 11
73 77
28 77
90 22
102 71
45 42
82 38
33 10
16 57
64 71
83 92
18 55
9 20
7 62
34 25
15 63
86 39
77 69
82 71
21 92
86 66
87 64
56 44
28 63
11 78
79 72
12 12
64 19
70 50
97 16
43 26
41 91
29 55
19 93
23 90
80 38
57 36
91 42
19 30
61 76
84 66
17 42
55 84
13 72
32 56
36 26
16 16
68 59
80 89
35 17
112 53
52 77
33 61
69 7
14 25
19 28
9 14
62 7
49 105
93 28
69 88
37 97
86 76
66 38
41 7
58 27
22 48
61 58
72 35
54 33
20 39
37 52
58 51
18 15
84 30
29 94
65 80
89 19
36 23
47 12
91 37
43 99
20 5
27 5
73 39
42 98
90 75
87 34
79 43
45 56
90 94
27 6
30 72
50 94
87 62
36 7
28 89
105 37
6 80
39 15
79 40
55 63
97 74
1 35
18 54
38 3
76 58
36 27
74 51
82 51
67 90
82 98
4 65
27 15
57 98
43 17
57 103
42 64
101 72
97 33
93 59
100 55
27 36
12 3
58 24
101 35
84 38
43 13
42 71
36 51
96 79
75 24
8 77
33 96
35 48
17 21
35 99
59 54
87 41
101 39
58 2
107 33
54 66
48 83
50 37
58 33
101 84
15 13
70 41
45 78
44 89
64 31
33 60
39 21
73 92
61 13
18 17
12 78
50 102
42 83
36 52
95 84
105 63
61 68
40 73
21 48
29 6
12 31
62 49
26 32
16 65
105 54
47 88
52 44
57 92
53 9
43 84
25 75
41 56
98 93
89 24
81 97
14 85
62 24
36 49
68 82
41 45
98 64
26 59
35 97
62 8
48 28
20 82
53 18
65 47
50 82
78 44
25 13
14 90
74 65
45 55
30 44
55 95
66 80
76 62
71 89
69 45
83 42
57 87
99 54
104 64
38 32
54 95
97 76
72 81
48 46
21 78
22 26
46 69
81 74
35 58
87 93
105 46
93 89
10 13
50 13
105 65
25 3
5 48
11 87
50 54
54 2
26 77
26 22
56 93
68 92
93 25
61 14
5 78
50 56
69 48
99 84
68 49
2 62
92 56
38 72
54 73
38 91
75 64
39 58
81 56
77 104
20 21
10 22
13 28
21 67
31 81
106 48
56 34
14 9
32 84
65 106
25 58
13 58
18 8
4 75
22 70
74 5
67 71
22 84
73 60
61 83
28 50
37 79
47 17
3 54
88 35
32 16
24 23
44 26
95 35
28 93
45 73
56 50
96 13
98 31
9 65
88 36
85 76
97 64
101 50
12 85
111 50
92 68
13 13
61 74
31 57
84 49
72 6
41 46
76 105
51 5
11 56
33 21
95 28
63 93
19 3
36 78
105 66
14 68
55 41
69 31
49 68
57 21
86 53
26 81
22 64
99 78
11 64
112 46
52 103
79 8
95 44
45 79
40 54
76 59
31 88
87 24
89 103
33 4
13 53
10 3
10 80
41 105
69 33
62 80
63 98
55 23
34 93
21 41
5 81
41 72
65 41
16 60
30 66
61 35
83 99
59 97
15 49
55 6
73 43
63 90
47 41
21 76
9 48
62 91
93 15
83 35
10 12
33 83
33 68
76 38
52 29
61 70
91 82
91 46
60 77
8 23
61 41
12 47
92 89
103 68
101 36
7 40
20 13
40 22
6 41
8 32
21 62
97 38
63 35
19 46
28 20
68 70
85 94
61 51
87 11
3 35
47 28
46 55
1 22
107 47
53 93
80 79
93 74
15 89
98 29
53 90
95 99
55 5
25 30
47 5
46 34
19 60
64 90
45 34
35 46
14 91
95 16
68 75
28 59
11 47
29 63
85 32
61 4
85 77
53 28
21 4
30 10
29 8
72 77
30 13
75 49
69 30
30 67
63 6
85 83
79 71
67 96
20 2
13 23
81 76
68 21
26 66
46 52
50 28
12 70
31 10
46 87
48 34
85 95
40 65
75 91
41 73
15 80
56 92
100 49
57 65
48 36
33 14
100 27
14 52
50 33
97 34
47 20
11 32
26 94
40 19
42 52
84 26
20 26
81 59
48 98
38 20
12 26
8 43
32 34
63 9
43 18
27 40
81 91
50 44
2 49
65 46
68 14
95 70
83 100
65 94
61 7
14 82
40 24
28 64
99 64
37 76
58 12
67 98
45 2
88 46
77 32
26 12
70 89
4 18
106 45
72 12
72 101
7 74
29 33
39 90
41 1
81 92
88 33
6 21
75 85
81 101
72 5
25 45
52 58
37 104
9 57
59 85
66 66
34 4
33 26
44 81
58 59
52 60
31 80
100 87
95 58
10 85
30 43
98 13
80 49
53 98
88 78
46 68
38 8
34 1
33 91
64 17
48 43
96 83
58 81
46 78
43 79
80 102
56 43
55 83
36 74
110 47
75 102
100 75
26 46
64 38
103 28
87 96
28 7
35 57
46 79
30 73
40 43
5 38
104 62
67 19
13 5
107 54
72 45
99 69
26 43
81 90
7 82
45 39
83 17
39 53
100 68
20 33
77 67
30 54
29 31
98 74
59 9
53 82
73 87
52 13
111 47
62 23
89 36
46 1
85 21
4 64
23 81
22 27
96 76
27 66
40 85
18 38
6 74
19 37
29 17
52 101
42 93
101 28
105 71
94 48
34 42
62 14
43 59
30 61
70 71
42 10
70 19
22 22
41 88
74 87
77 22
44 30
86 74
84 81
81 72
44 74
17 16
38 64
94 37
19 75
46 40
48 10
64 40
52 65
93 68
14 41
46 96
8 59
36 60
36 21
52 6
53 99
22 40
20 4
96 94
16 79
2 16
69 56
82 82
30 31
29 19
59 23
100 34
22 78
91 59
73 47
51 66
40 16
84 47
72 25
90 55
98 36
102 64
15 90
59 60
19 4
5 56
94 80
63 103
61 103
31 6
90 40
23 10
69 52
5 16
101 32
46 59
10 65
69 53
52 4
16 64
18 18
80 96
93 80
58 48
5 76
10 49
49 52
95 46
17 26
23 61
102 44
70 29
53 30
5 83
63 69
44 5
11 26
25 4
8 52
72 95
52 76
93 39
32 7
91 96
46 3
37 35
65 50
58 37
53 17
19 85
46 56
99 39
80 46
28 4
14 63
76 22
46 77
73 74
5 20
39 101
107 51
70 9
48 91
35 7
50 50
29 65
5 62
32 15
44 92
7 79
72 82
40 1
100 90
102 30
13 91
78 71
64 46
47 38
2 21
71 93
61 34
18 9
3 22
16 73
22 53
24 90
71 105
60 16
28 11
45 18
24 22
73 80
72 51
78 26
52 98
88 95
69 99
91 70
63 100
76 54
9 39
44 31
36 94
14 42
89 37
41 18
98 70
88 54
55 35
74 48
65 88
52 8
98 53
11 58
9 36
25 62
48 53
80 35
80 45
34 54
17 8
9 38
53 66
97 40
26 61
86 20
37 68
5 53
14 19
22 17
85 69
81 64
87 22
74 4
51 56
46 57
71 81
38 28
5 13
19 38
12 82
47 65
55 104
55 96
97 54
48 70
103 46
8 76
11 75
47 67
31 20
74 53
93 45
18 16
101 59
28 72
39 94
62 88
27 7
30 8
72 4
96 69
76 17
65 69
30 33
62 40
25 12
91 99
17 81
104 66
59 16
53 13
89 68
82 8
57 38
32 1
62 95
24 82
57 107
94 97
77 107
65 67
70 65
26 73
37 85
8 30
27 37
55 75
30 37
104 50
4 77
93 101
90 41
76 99
104 54
100 47
76 83
28 66
8 85
53 11
100 58
53 44
6 38
93 88
33 42
39 34
44 77
20 98
33 6
70 79
55 54
29 4
57 55
85 31
103 49
84 10
114 49
22 88
96 67
33 40
53 96
29 61
50 2
69 13
23 41
30 55
78 39
89 91
53 34
23 31
3 73
56 25
71 85
56 76
67 33
43 61
91 56
102 78
86 85
55 26
62 39
62 36
73 101
44 63
71 5
96 73
73 72
60 23
50 95
61 97
18 92
50 61
41 50
31 50
12 39
41 99
18 94
23 47
80 92
84 67
19 31
90 76
31 89
18 45
65 49
43 2
37 83
105 57
53 23
38 96
38 23
8 70
21 85
82 72
45 40
42 66
24 11
106 56
100 63
77 39
16 81
43 33
29 27
35 68
100 43
35 16
24 9
57 105
44 48
70 66
34 45
30 62
50 26
67 4
49 59
49 67
44 22
15 82
35 5
107 53
20 37
15 32
92 32
8 58
30 83
63 5
39 57
51 7
57 3
104 53
9 61
35 59
95 23
82 57
102 41
29 3
35 45
52 41
80 26
65 75
20 97
17 89
67 78
3 69
42 16
31 55
66 77
41 8
61 12
33 77
73 83
80 48
72 71
67 87
13 27
30 35
98 66
31 37
84 92
46 92
7 39
41 68
12 86
44 15
49 74
37 70
49 65
106 71
63 64
105 22
88 77
21 68
15 78
38 77
95 76
57 61
25 40
44 75
55 73
40 32
34 40
77 7
35 52
99 66
3 64
17 71
104 43
86 60
10 61
60 78
49 89
103 64
7 80
44 76
19 17
58 41
8 37
41 34
10 39
85 55
25 69
84 91
36 77
87 72
59 8
62 29
32 4
7 38
58 36
58 83
78 52
8 15
22 13
95 32
67 45
3 48
14 20
49 26
18 2
45 97
41 5
92 71
92 19
39 30
15 93
104 82
87 76
4 23
16 78
38 98
71 100
68 1
96 56
65 10
79 19
13 4
77 68
90 61
54 92
62 58
98 67
58 29
98 15
52 73
32 57
12 32
90 82
53 38
81 44
49 17
59 105
36 48
59 106
62 38
76 61
50 97
67 52
40 100
99 43
86 43
32 63
68 99
78 99
44 103
21 70
48 86
50 9
66 74
37 55
62 43
31 3
67 30
18 56
12 71
91 72
55 36
107 32
54 36
8 39
8 20
72 52
13 83
24 66
42 34
91 36
79 65
17 59
70 57
81 106
7 34
70 82
88 52
48 73
56 22
100 36
8 61
15 30
28 24
26 14
35 37
42 53
91 86
37 53
40 11
14 72
61 22
73 46
36 85
58 92
76 12
79 57
86 23
25 33
21 84
83 76
64 35
43 91
91 25
72 78
63 29
14 13
20 60
82 60
35 20
69 105
21 96
99 93
26 87
73 30
82 41
78 28
85 67
66 14
85 12
89 93
10 86
6 77
58 98
84 101
90 39
94 49
60 81
34 38
64 29
11 68
58 28
99 16
20 67
59 34
38 92
63 14
47 11
16 9
35 53
25 61
5 40
30 74
82 23
54 20
59 33
80 94
18 71
61 95
5 45
17 64
95 74
39 67
103 42
23 86
63 12
32 79
53 72
65 2
83 38
48 61
71 102
88 45
79 37
44 21
4 42
15 52
90 77
28 65
78 17
51 11
84 65
16 46
105 42
26 76
81 77
31 22
57 58
30 64
48 87
80 66
38 19
11 17
21 88
58 86
32 22
2 68
66 47
100 39
29 71
76 53
88 98
25 65
23 18
93 85
8 31
60 27
23 92
46 83
2 29
87 67
43 43
69 42
67 92
76 36
7 15
64 14
5 29
42 25
61 38
19 13
48 65
87 20
14 56
86 56
88 22
81 54
68 51
78 94
38 42
43 47
76 6
4 61
92 43
28 6
37 91
76 84
86 72
44 25
28 53
88 18
57 16
25 39
32 80
33 84
59 76
85 79
89 97
29 88
2 13
71 79
40 76
25 41
54 98
66 30
41 11
17 31
80 80
63 76
52 7
47 4
54 9
71 7
75 57
19 18
20 29
60 101
40 80
53 61
41 102
89 54
11 76
50 17
77 65
73 44
86 90
76 88
6 60
82 101
29 53
48 51
60 32
64 65
15 38
62 37
22 91
23 46
9 70
17 45
99 71
89 66
66 94
45 53
13 66
56 88
59 30
71 42
53 6
98 56
63 30
21 46
94 60
49 53
28 37
105 44
23 14
5 27
86 68
19 11
2 31
67 13
73 29
53 76
60 89
81 34
84 70
61 102
13 47
53 31
53 101
90 80
10 20
56 21
23 15
62 61
47 70
84 87
50 60
16 56
101 83
38 93
75 40
49 80
9 46
13 88
24 63
89 81
9 41
50 12
98 46
58 107
61 24
35 3
5 57
88 97
63 26
49 20
83 30
37 101
64 56
49 61
57 46
4 72
54 65
76 42
90 19
50 98
20 40
103 66
73 8
42 3
95 41
39 33
101 27
50 41
47 23
75 56
43 23
93 63
95 21
41 51
44 43
45 82
90 46
100 80
98 81
42 2
28 33
85 68
6 24
36 34
3 65
54 3
108 58
20 96
53 75
9 16
81 105
71 75
58 21
87 66
66 71
40 7
94 84
77 28
64 92
43 83
77 55
34 19
28 30
73 48
5 17
9 21
76 104
43 72
11 16
55 33
29 81
30 24
6 84
74 91
49 10
40 57
53 3
20 89
81 29
51 35
62 44
50 6
24 76
101 73
2 26
72 7
51 59
24 30
29 73
86 97
87 102
4 48
48 55
53 8
87 49
32 78
83 84
26 38
22 69
84 94
20 44
9 82
7 32
2 28
25 10
55 18
98 59
88 64
77 74
61 61
58 82
17 43
15 54
96 48
44 12
37 65
49 51
91 80
67 77
36 12
35 82
71 27
73 51
96 64
75 63
13 70
42 88
62 20
14 71
66 1
49 92
41 103
75 8
55 16
36 76
107 64
73 96
24 52
103 41
79 105
65 87
14 12
33 52
20 55
109 47
70 58
88 101
30 79
68 89
52 5
62 30
82 40
86 34
39 80
40 52
50 83
56 39
11 44
57 18
68 41
58 13
52 14
26 64
32 48
74 9
21 23
102 37
58 96
20 58
15 65
39 65
46 5
59 10
57 41
74 78
73 71
31 32
96 78
56 101
67 9
38 11
16 26
99 45
60 19
7 67
62 93
26 28
52 79
33 18
91 32
35 93
37 71
79 75
86 41
16 63
51 65
33 30
84 102
84 95
53 62
42 55
48 45
43 53
92 40
65 39
89 63
44 100
43 50
51 87
104 36
16 77
48 1
31 73
53 64
46 35
43 34
65 81
48 90
93 22
59 94
82 45
56 60
66 24
24 25
106 64
33 73
5 52
78 7
26 54
27 77
17 90
34 23
67 50
57 73
27 49
94 44
97 93
55 87
69 71
84 36
80 50
20 19
56 53
40 9
80 9
41 69
101 40
70 98
31 94
45 95
11 52
5 22
11 36
39 95
30 4
55 105
84 52
32 64
72 31
50 16
88 26
74 58
29 40
48 5
102 51
94 57
34 55
103 75
49 40
62 65
76 94
92 65
68 42
35 96
77 90
87 61
7 47
85 97
8 24
86 57
43 16
107 34
79 106
17 17
35 9
103 61
34 96
4 53
41 43
74 45
106 43
33 53
68 58
28 42
106 42
65 100
46 97
12 63
80 20
42 104
48 48
83 52
66 17
10 44
31 14
90 70
89 101
35 4
44 98
20 64
36 35
28 60
26 51
22 45
57 33
54 60
56 102
7 83
32 20
87 15
76 33
62 82
42 36
88 32
17 53
74 77
83 41
85 46
19 24
75 44
24 80
84 97
62 3
85 90
104 28
24 21
41 93
51 107
93 38
96 60
94 27
76 16
16 93
55 53
72 85
48 37
32 90
37 89
94 29
89 88
11 22
18 1
78 16
78 88
45 96
13 16
20 95
97 51
37 41
78 95
70 100
38 90
83 75
24 4
40 2
92 59
48 68
23 43
67 61
98 92
29 35
10 84
42 60
22 9
98 91
91 14
102 45
74 14
90 31
86 63
11 21
3 27
57 79
54 105
96 41
2 35
82 73
3 79
32 49
67 97
14 34
35 42
100 26
66 84
58 47
65 101
64 16
103 50
77 103
7 51
8 72
45 77
87 97
50 45
42 76
31 56
56 33
98 50
59 65
44 67
15 33
20 51
1 36
84 48
93 26
83 61
25 17
48 38
33 95
30 92
67 18
70 72
59 46
34 73
43 77
34 85
63 57
18 46
30 32
55 61
100 54
81 67
79 29
1 78
68 44
53 43
31 66
24 8
45 46
45 69
6 44
35 83
72 79
83 36
20 72
24 83
35 14
61 80
19 45
34 28
31 85
20 14
17 15
55 62
70 16
11 9
49 48
7 12
44 87
12 51
75 82
70 78
8 73
91 100
68 54
92 30
39 11
88 30
53 22
69 68
43 12
19 77
7 17
83 39
49 70
66 67
42 77
54 40
75 18
39 51
25 44
56 98
10 16
79 10
80 39
48 14
86 81
39 96
38 43
12 56
61 63
29 16
65 59
47 105
72 98
51 100
73 31
63 56
28 46
92 86
78 73
85 13
64 57
37 49
39 91
27 58
86 14
12 9
56 73
66 19
91 81
14 69
20 87
60 68
65 73
24 93
58 18
20 27
60 35
40 79
18 51
97 58
69 95
88 102
32 6
102 53
60 86
95 39
56 65
31 9
43 90
15 76
56 71
37 102
74 71
17 9
73 9
54 50
29 21
55 99
8 12
10 43
102 73
10 68
55 68
7 81
108 33
82 10
16 15
81 10
88 80
46 88
22 33
62 63
48 56
73 99
17 60
74 39
95 54
61 87
29 10
16 66
94 16
90 51
41 40
66 15
57 17
75 10
31 49
38 12
53 63
16 27
102 76
91 58
74 73
58 40
59 45
99 19
82 33
67 5
27 33
35 73
93 36
4 19
67 20
33 82
108 49
89 87
100 66
80 41
63 70
76 21
97 72
24 56
8 45
62 101
44 72
19 82
22 62
67 27
87 81
5 14
64 6
67 89
14 27
33 11
55 1
96 39
80 86
70 95
70 84
1 33
108 45
85 17
60 97
92 95
26 91
1 63
39 19
29 79
31 40
50 63
73 28
18 58
5 74
31 86
82 15
82 91
50 22
42 78
98 90
31 72
59 79
85 86
4 34
73 21
2 22
52 84
30 11
17 63
74 30
81 87
48 40
74 52
36 44
24 2
68 71
68 72
98 38
76 11
36 58
31 38
105 24
72 87
26 40
50 105
71 53
91 24
55 65
64 85
103 81
1 44
56 38
14 46
43 28
82 36
25 15
46 94
56 59
35 60
69 90
79 51
43 62
49 9
15 45
60 74
80 52
47 37
70 20
10 82
94 94
54 58
8 36
60 94
101 15
42 42
83 77
40 48
25 24
74 86
67 39
24 65
97 18
29 37
53 95
91 20
38 49
42 67
74 35
6 67
53 26
72 73
76 41
51 45
69 79
42 79
89 32
16 55
34 65
68 35
22 34
25 88
67 46
37 74
91 43
38 58
51 48
59 72
78 15
10 28
66 11
92 57
63 71
6 58
97 25
58 76
43 30
41 97
35 40
26 57
80 77
58 62
81 5
12 33
6 42
75 45
88 91
30 41
89 15
60 6
68 29
96 27
1 56
69 63
37 60
62 4
78 96
33 19
89 75
13 76
11 2
51 57
20 31
54 22
64 49
28 23
80 60
23 75
56 12
60 98
99 74
60 61
57 37
59 32
24 38
91 48
95 57
58 91
1 60
2 72
22 21
12 72
75 47
57 86
14 92
100 22
9 63
83 83
39 64
30 89
97 78
94 42
13 11
39 25
21 95
42 70
59 18
63 61
93 30
98 87
36 37
109 33
12 34
47 57
52 31
83 14
71 43
24 20
69 102
59 87
43 14
80 34
69 32
85 15
27 53
67 7
52 55
1 25
31 48
1 55
46 76
74 15
59 29
12 14
42 59
73 32
38 69
68 15
80 69
77 34
15 44
26 1
100 50
72 43
67 24
89 71
60 92
63 19
73 17
55 9
65 76
41 85
75 90
29 76
19 10
76 34
57 30
42 68
44 71
60 104
97 79
76 93
58 1
81 73
42 39
52 25
41 98
83 97
86 51
48 107
67 36
102 70
9 66
46 16
18 22
36 46
41 12
76 28
95 53
81 13
79 55
51 39
68 5
17 56
94 45
78 48
13 92
49 94
82 89
46 80
59 43
12 30
25 67
50 40
45 11
76 79
85 58
64 8
69 55
7 59
107 59
9 52
49 50
32 89
62 54
68 61
85 75
85 82
8 26
61 43
54 48
21 14
82 96
41 2
15 66
16 58
34 74
21 87
106 51
9 32
32 59
26 36
18 88
81 89
50 19
73 45
20 94
33 93
93 18
99 36
47 46
18 5
79 97
23 3
71 82
89 30
111 54
59 73
18 37
3 50
45 94
15 75
10 56
70 62
34 64
73 75
104 47
86 29
13 87
28 79
66 35
41 37
66 39
85 78
2 76
61 62
41 32
47 56
40 88
89 98
10 36
74 8
56 81
36 42
91 28
44 11
30 49
12 83
88 23
32 61
81 49
43 25
75 11
43 15
33 66
20 6
76 5
69 23
72 100
17 13
69 35
27 62
4 26
59 2
68 24
30 7
2 71
79 66
100 81
77 48
2 54
22 44
50 32
34 71
33 33
114 51
23 29
37 62
65 26
66 55
25 35
72 18
28 54
81 11
81 43
53 24
65 103
81 23
28 91
63 62
74 68
70 30
65 54
74 23
49 102
42 32
64 3
40 33
58 101
1 18
13 46
110 43
11 54
67 84
87 18
53 27
38 106
93 13
98 28
86 50
41 74
60 54
81 30
95 38
27 87
96 18
39 79
4 22
17 3
52 109
30 9
48 71
37 38
13 18
100 32
31 30
71 91
41 3
90 96
13 26
43 71
103 43
19 94
96 68
41 71
67 82
8 56
9 42
96 31
103 48
88 58
19 83
55 2
78 31
30 5
83 101
18 93
29 43
11 49
41 96
84 77
56 2
65 16
50 104
61 5
8 57
25 73
68 86
72 28
55 89
85 71
65 43
76 52
74 59
21 38
62 41
106 44
56 62
102 60
84 59
107 68
26 47
65 48
75 68
98 89
76 44
100 67
71 56
88 57
91 51
53 40
20 91
108 62
92 87
4 37
100 76
37 24
33 27
62 46
36 24
86 77
24 34
75 78
38 47
7 65
34 88
80 10
6 75
43 80
25 6
10 23
49 33
82 81
78 75
70 40
59 40
67 69
98 69
28 14
52 108
15 24
76 69
66 10
47 30
51 97
11 51
102 80
30 68
38 85
33 94
100 46
32 11
4 60
66 28
89 94
52 32
37 20
52 23
43 55
88 72
41 48
95 81
56 99
104 68
91 98
11 4
54 27
53 42
59 75
71 28
50 51
6 36
17 62
30 27
63 82
51 74
28 16
12 38
6 65
17 78
69 6
25 28
96 66
86 37
35 84
52 9
71 19
40 12
85 87
100 84
103 54
27 88
7 72
52 21
33 50
54 41
63 1
82 61
14 10
18 44
70 91
64 76
72 65
8 17
44 60
104 46
95 94
60 82
47 47
59 1
35 6
49 16
10 60
57 83
47 97
95 48
25 47
13 57
50 70
73 78
64 22
83 49
27 89
59 37
47 13
100 86
14 61
43 68
47 32
57 49
7 57
49 86
79 68
82 52
65 14
94 95
38 103
21 11
71 83
62 27
43 3
85 25
47 99
106 54
35 92
84 29
88 39
35 62
49 23
58 94
12 66
100 69
39 17
101 20
52 37
14 15
78 33
69 60
64 52
26 8
61 29
3 29
37 66
66 68
25 71
9 76
69 40
45 12
23 57
58 39
81 68
68 93
44 57
46 10
83 105
24 14
90 27
90 47
16 75
26 19
72 83
60 50
74 60
37 69
75 23
31 61
100 56
87 26
57 7
60 22
46 24
31 78
73 67
102 36
91 62
63 34
46 14
78 101
82 59
90 26
67 70
65 1
67 93
16 52
32 47
39 105
29 18
15 58
95 82
30 17
62 96
73 6
34 63
58 105
94 76
26 39
82 11
67 91
11 61
72 61
54 96
58 65
24 26
35 19
53 57
8 81
41 67
60 75
68 95
51 75
51 90
74 70
95 55
49 12
57 15
28 9
73 88
64 43
3 61
45 6
29 42
57 51
79 79
23 62
5 68
22 28
58 19
22 67
37 92
51 60
73 64
38 45
23 93
76 40
23 19
52 15
61 101
86 62
55 56
90 83
74 64
99 24
105 62
33 75
32 71
110 46
70 42
48 19
94 73
24 5
105 70
58 14
69 73
82 102
106 35
73 86
104 58
12 64
11 77
45 21
70 15
97 86
38 80
22 63
5 36
49 41
60 60
43 45
63 58
21 29
45 38
38 84
87 36
67 21
18 7
10 45
22 71
31 67
103 35
38 57
57 95
32 77
79 42
1 70
41 23
76 10
54 4
1 61
77 105
14 77
98 48
87 44
9 84
85 40
71 64
79 56
39 55
34 89
78 5
59 63
79 6
106 37
49 44
93 100
61 23
75 20
40 69
79 74
100 78
102 69
28 17
45 45
36 56
25 34
39 10
22 95
34 5
47 80
95 83
63 104
28 5
8 22
73 10
60 31
73 26
35 86
101 21
102 61
45 35
65 34
77 77
46 7
31 33
43 78
90 68
45 3
107 50
9 15
26 24
72 30
12 16
28 2
83 78
69 77
17 57
23 94
74 24
98 84
75 4
66 96
14 22
92 92
26 52
92 69
22 76
87 63
62 45
29 82
69 39
61 30
73 5
3 46
62 94
18 47
68 77
74 12
80 105
3 17
73 90
61 37
55 64
36 86
40 31
59 59
67 62
35 76
43 1
94 40
34 49
37 12
35 34
71 95
84 79
24 36
35 8
27 67
76 95
73 15
99 32
59 67
57 1
63 47
67 54
79 67
22 39
64 41
16 4
61 39
37 51
62 79
77 102
86 94
91 44
35 41
65 18
70 53
6 16
84 106
26 55
18 91
19 84
65 38
32 65
67 15
60 3
66 42
71 34
102 65
84 50
2 15
37 56
77 57
38 2
47 63
86 91
56 105
9 59
14 79
8 60
91 64
105 64
66 44
49 81
15 91
40 27
83 79
61 59
27 64
49 6
64 70
67 38
77 15
24 94
60 96
60 59
94 24
88 24
65 61
40 20
97 53
78 107
42 91
8 47
76 56
69 9
43 8
43 96
6 19
50 78
92 55
36 98
2 14
20 46
98 58
52 81
85 39
34 91
79 102
94 47
23 85
77 95
89 57
52 12
14 57
80 27
20 68
75 38
21 12
71 55
96 28
16 91
18 78
37 11
94 96
99 44
86 58
40 23
15 86
74 56
12 44
40 94
91 53
70 102
34 60
99 65
2 69
88 59
14 30
51 44
33 37
32 58
55 98
26 78
15 74
63 25
17 84
18 69
81 35
79 82
82 20
43 69
45 60
98 61
59 68
12 10
96 29
30 85
39 29
16 37
79 36
4 59
64 97
53 41
7 64
54 97
50 75
71 22
26 50
6 61
11 24
98 71
91 19
60 39
49 31
79 64
48 23
98 17
37 15
5 65
10 11
92 98
89 95
79 9
19 19
72 48
64 80
57 102
35 56
82 77
57 47
78 63
75 17
85 53
16 41
61 91
67 6
36 95
16 54
59 99
108 48
70 83
81 84
82 97
5 72
92 23
28 67
41 82
45 57
49 87
14 18
83 44
3 58
99 14
81 82
54 61
28 73
99 52
71 62
41 22
63 54
94 18
113 50
33 31
64 21
73 35
78 69
13 59
81 32
74 36
40 21
71 51
96 81
18 90
23 67
91 89
4 33
37 14
7 63
87 50
96 30
73 81
38 81
15 88
99 37
48 63
7 69
16 35
79 104
54 29
75 74
24 19
60 72
36 29
70 96
45 71
5 75
1 20
74 94
53 88
74 81
3 70
79 96
51 85
12 15
10 24
12 48
90 63
72 50
59 66
86 52
37 2
37 25
94 25
92 18
81 52
88 87
2 41
38 97
70 59
41 60
5 21
45 75
62 57
42 24
24 84
55 25
94 59
83 60
23 44
21 27
14 35
27 91
53 37
14 89
44 9
79 21
97 96
36 69
15 40
56 100
108 43
32 8
71 99
52 38
67 59
14 2
48 105
64 93
99 29
53 2
54 78
9 53
83 104
56 16
43 35
61 16
13 17
94 77
83 95
101 38
37 100
46 15
44 19
27 13
78 80
77 64
54 17
46 6
4 58
110 45
27 34
4 69
86 24
53 71
29 5
52 61
85 74
2 17
80 76
53 94
96 20
10 32
50 101
39 63
20 17
100 62
89 72
47 35
35 25
65 91
38 52
18 76
95 78
92 72
116 45
95 36
52 33
18 32
87 52
42 87
23 70
18 68
57 24
80 53
89 25
9 80
59 90
78 43
34 90
104 29
72 9
47 6
45 27
79 28
68 45
54 51
53 16
88 86
25 63
39 66
42 22
66 3
78 102
30 63
96 38
65 33
83 90
18 70
48 16
15 16
113 52
51 96
73 73
24 72
57 97
37 48
75 21
74 6
29 85
83 28
67 65
94 68
80 97
56 103
47 90
79 76
32 10
10 52
72 8
33 89
89 23
91 26
6 23
79 17
21 59
35 44
58 77
89 43
40 102
62 72
41 21
63 36
71 60
93 96
52 88
85 48
100 37
5 67
64 107
15 25
22 77
13 35
99 89
55 15
64 47
19 5
16 2
71 98
58 25
48 102
91 65
73 4
24 57
33 39
98 75
87 51
76 30
85 84
42 81
40 49
8 50
40 78
56 46
17 10
18 89
67 8
39 1
89 29
30 29
25 49
74 49
61 1
82 29
62 50
15 3
37 84
73 22
94 14
24 6
35 91
53 39
29 72
49 75
98 54
66 52
108 68
83 87
48 92
31 51
46 18
88 28
75 79
81 16
43 21
18 57
100 31
77 36
45 49
71 96
46 61
96 70
79 91
70 21
66 92
65 63
99 41
40 86
97 26
56 29
65 64
22 37
45 83
58 23
47 39
105 43
6 56
38 71
19 91
81 99
54 52
19 42
23 78
46 53
23 4
29 41
95 43
39 4
33 55
101 23
43 49
56 45
82 88
57 22
20 73
50 49
108 52
40 29
31 2
60 95
31 69
7 22
69 26
28 25
55 43
37 78
60 49
36 22
49 79
67 23
17 58
106 50
22 83
12 50
68 47
63 65
34 6
68 64
106 60
20 30
27 48
85 22
23 8
23 12
14 60
80 83
41 90
104 63
3 45
14 47
84 71
30 38
5 47
38 5
101 55
66 26
7 46
11 11
56 79
50 14
81 28
35 94
17 55
98 32
80 33
109 64
76 100
38 88
25 22
69 84
98 22
52 34
17 88
23 38
45 19
17 30
59 55
67 102
86 18
48 44
46 8
72 88
102 66
79 78
69 87
95 59
27 8
52 1
85 28
11 3
32 43
6 39
83 7
46 19
72 24
57 75
51 40
21 58
57 19
88 49
61 6
58 53
66 56
65 98
77 14
39 87
89 56
2 61
77 61
67 29
47 89
84 80
72 16
38 89
3 60
67 86
53 60
1 53
31 54
27 92
48 52
2 66
68 33
36 11
58 15
43 4
54 23
90 86
103 60
15 27
59 22
45 99
35 80
61 56
103 37
64 101
14 6
33 2
25 50
66 87
77 100
94 34
102 29
86 80
87 25
64 98
22 79
45 52
101 48
59 96
18 59
94 32
19 34
51 50
19 51
63 81
7 19
96 86
6 62
58 16
100 77
96 37
40 84
20 35
85 60
95 13
8 28
13 74
20 47
30 60
97 57
3 36
73 12
100 85
7 54
99 75
1 59
72 76
70 55
95 73
97 81
77 78
74 11
106 47
53 81
82 16
40 77
39 100
62 71
79 52
49 71
67 104
28 38
12 57
46 26
52 97
26 67
67 16
96 96
29 28
70 77
16 43
14 24
81 79
83 85
19 9
50 76
2 58
61 72
82 84
22 58
15 20
53 49
49 22
2 73
54 86
54 79
24 40
33 29
69 86
60 30
48 18
76 65
50 85
108 44
12 1
23 49
33 16
28 35
59 100
45 16
84 82
12 52
79 18
45 37
66 54
55 40
4 83
55 34
29 38
45 66
80 56
65 45
34 57
95 34
71 45
71 48
51 77
74 88
60 105
89 83
66 104
32 21
106 69
10 26
94 91
62 31
46 64
81 81
83 19
39 81
91 76
4 36
19 7
31 4
77 51
27 24
23 79
46 58
3 59
79 13
91 45
101 80
13 48
40 42
78 68
71 23
19 36
40 45
104 71
18 67
33 7
22 52
67 55
11 19
32 32
24 44
17 74
31 92
65 86
31 15
64 11
86 25
78 98
71 49
27 74
61 45
98 47
73 7
71 15
33 24
90 102
50 1
11 72
76 70
92 60
9 81
9 87
40 103
51 55
67 42
89 39
1 66
64 23
89 70
106 65
103 65
87 78
43 40
103 82
33 63
72 86
75 52
63 53
115 46
86 67
50 4
94 50
85 64
101 61
13 45
62 51
102 67
16 84
89 76
26 13
85 11
97 82
42 65
69 51
18 31
20 24
32 75
47 10
79 101
20 85
101 81
53 47
25 20
28 48
101 71
22 35
51 15
2 42
5 73
8 53
26 26
89 59
62 15
55 8
100 83
37 63
72 84
75 94
92 26
24 43
41 84
99 18
22 8
16 49
75 73
97 31
17 34
57 35
69 50
37 61
82 94
32 85
83 48
61 84
72 36
44 17
100 65
5 61
14 40
15 79
72 23
83 74
91 74
96 47
60 65
73 79
76 19
71 39
55 11
89 21
4 50
103 74
83 27
48 60
72 90
44 93
14 76
1 38
63 60
90 84
102 27
66 4
104 70
66 43
84 44
43 10
97 65
23 66
71 29
93 75
54 31
86 33
46 37
103 24
57 70
47 66
40 75
51 104
34 87
88 51
7 31
71 71
81 75
78 42
27 73
95 17
68 3
15 10
86 27
58 42
14 62
47 26
65 27
52 92
98 52
67 76
62 5
49 7
80 98
63 50
21 40
40 28
60 51
40 90
10 59
34 32
24 71
37 58
25 23
1 23
86 88
78 90
11 88
77 73
69 12
53 20
12 62
77 52
58 49
29 32
41 59
42 100
81 45
45 14
27 60
44 10
36 81
70 61
10 9
93 65
28 39
39 52
34 18
91 87
36 92
78 87
25 92
91 77
36 5
30 21
88 81
23 6
2 60
18 40
13 78
28 90
87 35
36 16
77 16
14 78
11 73
54 13
56 14
72 41
48 88
92 101
23 40
23 88
60 44
17 85
14 44
31 31
33 87
81 58
108 55
64 2
96 99
71 69
56 6
81 104
75 65
1 45
23 89
84 74
32 36
97 52
28 86
62 73
60 63
95 56
99 50
100 40
19 58
48 64
10 17
57 91
16 22
21 73
71 54
11 8
51 94
23 48
5 79
4 44
62 92
50 5
39 106
25 25
50 77
105 50
31 84
95 85
54 88
1 72
12 35
79 99
22 19
49 2
87 89
103 72
17 91
74 72
55 85
50 72
58 56
41 79
97 83
90 89
47 51
13 81
84 57
46 2
9 47
31 65
5 69
41 75
72 105
95 65
53 33
91 35
16 20
30 87
10 8
54 64
53 97
80 74
43 75
101 47
31 24
63 84
54 14
43 82
27 50
68 19
77 81
98 20
64 63
45 92
49 34
100 53
11 14
73 85
19 96
85 89
92 80
104 55
15 28
99 23
38 65
48 72
89 34
83 29
96 82
57 64
66 57
38 75
29 84
16 80
83 33
59 4
76 43
59 82
74 82
93 23
106 62
8 29
18 27
6 47
52 80
77 44
98 65
17 80
6 64
63 48
64 24
84 46
75 92
63 20
68 34
55 50
64 20
5 50
80 32
81 69
38 76
7 27
100 20
61 88
10 63
38 21
6 79
20 53
16 44
56 80
102 58
11 59
5 30
15 68
87 95
87 79
25 72
87 86
78 100
97 94
47 103
44 33
25 32
32 17
77 75
90 20
72 44
105 25
18 85
57 9
44 78
46 22
65 70
98 30
30 84
70 64
30 34
90 28
20 3
61 71
68 105
84 78
10 14
96 42
67 51
74 18
71 72
55 10
104 23
94 65
38 63
100 28
5 77
60 34
32 5
51 42
80 22
65 7
46 71
92 84
63 41
20 52
29 78
59 5
18 83
73 100
5 55
59 80
49 99
68 27
67 32
46 90
86 48
15 1
37 57
78 81
20 92
44 34
85 29
43 9
93 70
36 84
85 54
15 9
66 45
75 58
54 71
43 39
88 15
10 70
47 22
46 106
17 87
79 58
2 37
78 40
56 41
70 60
29 49
33 35
65 102
80 95
89 60
66 37
72 66
70 104
60 9
111 52
51 68
46 25
74 38
11 53
107 43
29 60
49 77
74 26
103 40
83 73
87 33
14 21
81 86
31 82
7 48
19 87
13 80
27 21
65 78
84 35
56 84
76 86
18 53
39 41
84 100
38 102
51 14
39 45
61 32
34 29
84 23
48 97
44 49
95 37
80 68
61 99
105 34
12 59
86 45
14 23
39 71
89 49
19 48
40 51
49 55
15 26
37 47
61 48
48 58
55 19
62 9
96 51
55 91
44 39
67 49
46 27
76 50
68 40
90 65
76 97
50 42
85 45
93 77
96 53
22 38
30 76
33 67
29 47
78 10
52 53
11 82
37 40
80 87
69 104
23 1
79 32
81 93
26 80
63 91
29 25
59 78
31 26
2 34
102 33
37 29
98 45
71 76
61 96
76 37
92 78
50 86
21 24
67 63
91 93
33 65
30 12
50 64
66 86
79 11
68 22
55 57
62 67
76 66
100 64
108 51
90 92
36 64
90 72
79 39
66 6
64 39
10 69
35 63
11 39
35 77
48 95
38 30
22 18
10 73
65 74
103 33
35 26
102 55
17 83
102 50
27 56
104 60
43 6
94 69
59 15
96 22
90 53
100 41
93 53
70 46
54 80
53 69
80 28
52 56
47 73
102 42
29 64
12 2
16 34
29 9
87 14
52 67
9 44
38 83
71 18
23 74
19 97
59 44
41 31
74 34
9 75
51 78
22 65
58 20
71 32
7 41
35 89
19 74
4 27
76 91
9 22
5 42
53 104
44 58
19 26
28 15
27 39
2 32
10 81
96 59
78 8
65 97
4 35
100 88
85 56
8 16
21 3
84 33
75 67
23 55
11 69
61 57
13 43
65 15
74 90
37 75
2 27
48 94
46 21
101 25
23 65
36 25
90 95
34 24
45 63
52 57
82 79
55 39
53 100
69 20
84 21
93 69
45 36
9 26
6 68
29 39
17 11
2 48
77 11
51 26
103 71
76 64
47 106
22 24
78 59
72 55
43 38
49 98
17 72
72 33
13 33
101 69
13 44
47 91
41 6
54 45
6 27
35 50
23 20
39 78
43 97
89 74
22 74
24 77
90 32
9 13
8 21
47 8
52 71
93 29
82 21
44 82
22 57
57 25
30 30
102 63
61 79
39 7
86 69
63 49
90 98
76 77
36 13
110 49
26 45
101 75
22 55
12 5
99 56
10 33
84 22
87 88
11 6
26 33
16 61
62 32
7 30
67 88
95 71
71 92
91 52
31 74
75 43
26 95
18 4
48 108
87 40
88 43
19 23
44 2
10 83
47 78
46 91
89 100
11 62
79 100
69 25
22 56
16 36
44 50
23 63
92 94
63 43
85 91
1 50
51 84
36 57
50 100
94 15
105 51
30 46
43 58
25 55
1 49
35 28
62 33
75 36
5 49
6 43
45 50
33 69
52 16
53 1
69 57
63 13
76 102
98 26
49 37
59 53
19 73
70 45
39 6
59 21
64 77
4 31
25 66
77 94
90 69
51 92
77 88
65 12
96 89
14 66
79 63
4 21
101 79
27 44
86 104
36 71
42 48
78 54
96 95
68 88
96 19
45 26
6 59
64 88
21 28
68 68
72 20
88 56
32 62
70 70
82 53
66 51
93 61
66 70
77 6
34 7
39 9
4 85
77 24
11 74
51 62
40 92
61 60
67 3
20 42
98 76
34 26
87 94
54 5
102 57
19 88
28 62
80 24
45 1
88 75
6 82
105 53
49 76
75 6
28 83
54 90
36 50
23 27
22 15
81 6
89 84
32 93
74 40
60 66
44 69
69 91
81 40
45 72
62 75
46 33
44 38
40 4
70 8
92 15
57 69
49 72
93 54
75 33
85 52
80 101
26 92
57 99
93 64
81 57
24 60
5 34
70 76
10 51
49 64
46 39
49 57
43 94
55 47
31 17
28 28
16 12
6 18
15 39
1 31
36 31
41 101
9 23
40 68
52 72
109 65
11 13
4 15
92 52
9 29
11 79
45 17
15 71
80 5
78 60
71 38
83 13
100 48
94 87
36 55
55 30
21 44
51 69
48 50
24 37
47 93
6 76
72 53
83 91
97 69
26 82
26 29
14 53
20 77
26 23
6 81
68 26
13 79
6 33
35 88
47 92
60 91
40 50
62 12
14 58
62 48
102 20
7 77
5 58
38 29
55 59
9 69
61 36
101 62
75 5
24 58
25 76
51 105
28 44
87 37
12 73
53 84
12 7
55 51
64 68
89 77
19 14
92 100
83 66
35 30
63 11
73 57
50 47
7 61
21 33
21 32
50 81
58 4
96 52
87 19
54 16
99 90
28 10
68 20
48 21
33 23
99 63
6 72
39 28
88 31
89 22
44 85
60 80
41 66
101 37
46 12
80 18
78 11
104 25
73 16
10 76
44 4
70 44
82 69
46 54
79 92
97 88
98 19
66 98
75 28
101 31
20 79
16 38
103 63
68 28
93 49
28 45
56 4
75 61
19 90
46 73
13 54
78 24
84 54
90 17
44 55
72 14
47 31
37 1
23 16
88 71
73 95
89 52
18 52
43 52
41 89
53 36
51 25
56 52
51 52
22 10
28 56
81 19
57 34
98 72
20 18
10 77
35 49
71 14
93 14
101 22
75 59
78 62
37 36
1 37
51 103
47 36
2 78
38 68
71 70
16 86
23 21
8 49
39 60
72 38
25 54
17 65
102 54
11 28
11 60
46 65
43 11
38 25
31 25
69 3
64 89
21 20
9 74
17 50
42 47
33 81
102 48
57 29
35 55
34 8
92 66
9 85
32 76
40 72
36 91
48 106
87 12
27 84
30 56
93 34
83 11
28 95
60 90
64 72
56 17
56 36
63 42
4 66
6 52
18 74
42 13
17 47
93 78
73 84
5 59
32 81
106 33
99 68
66 63
43 60
37 98
21 90
85 26
72 74
105 33
74 57
6 31
65 6
88 100
62 19
29 15
92 38
20 43
79 89
73 70
52 86
50 46
27 90
85 99
41 95
55 46
93 67
23 82
36 59
37 103
46 17
66 9
16 59
95 27
54 11
52 52
82 63
101 24
19 79
106 63
35 67
89 53
76 57
95 20
46 20
94 28
46 28
79 49
51 27
95 51
97 39
75 97
45 74
37 21
35 27
25 89
69 11
60 46
59 41
104 51
95 66
58 52
41 58
20 80
11 27
36 9
20 20
34 46
37 77
98 39
69 65
80 47
16 1
27 80
94 46
84 96
66 73
80 37
75 41
39 72
43 56
97 75
47 58
54 21
60 25
81 107
79 20
39 36
62 77
76 25
70 92
46 31
80 55
25 14
94 93
44 14
12 29
45 47
28 74
77 8
68 56
27 10
102 72
4 40
85 35
69 24
34 37
84 51
98 77
39 88
83 26
62 78
46 85
50 3
66 65
91 67
32 68
84 11
17 48
64 9
89 92
33 76
74 61
14 39
105 35
55 77
49 62
65 5
34 48
68 103
78 30
44 101
38 67
110 52
94 71
15 19
10 35
32 31
87 87
30 77
95 14
98 85
57 106
1 68
34 58
96 16
1 47
71 25
73 68
65 31
9 35
87 38
22 20
101 58
65 65
3 40
84 85
91 30
21 10
7 58
98 49
41 64
4 57
40 17
5 70
10 25
29 74
88 34
73 34
43 93
58 72
38 99
46 4
98 80
25 93
83 58
72 97
17 41
15 73
39 103
8 46
81 12
71 33
50 67
61 77
42 80
19 16
87 101
5 41
56 90
101 34
94 38
88 27
15 62
37 73
78 50
90 78
61 64
63 46
31 68
52 11
66 59
3 28
84 20
75 39
20 62
65 21
96 77
70 85
58 6
79 90
1 76
32 55
29 11
31 13
75 29
42 5
9 54
104 30
54 6
96 33
22 7
71 86
107 65
67 95
89 69
11 81
47 69
43 57
69 41
63 102
36 61
27 25
78 79
112 50
53 46
51 18
63 22
92 25
63 4
18 80
64 87
31 19
103 38
93 60
33 47
67 68
72 62
18 79
18 36
62 99
93 73
24 46
86 82
58 99
99 72
25 29
19 72
18 49
86 49
59 13
17 49
28 55
15 2
66 102
42 1
39 49
87 21
63 31
28 84
67 25
108 63
81 33
54 43
73 25
56 77
82 93
50 108
84 40
66 72
24 29
58 32
84 84
51 30
9 12
48 54
32 19
4 52
105 58
68 50
60 28
2 19
71 20
63 106
61 10
47 85
100 70
56 30
92 97
2 40
26 7
57 53
18 48
34 50
80 30
33 70
84 53
14 80
64 69
23 72
49 83
8 79
32 38
55 93
95 49
71 50
58 35
51 88
20 69
16 68
37 3
96 45
46 43
19 80
3 30
78 92
80 99
40 98
8 33
95 86
82 86
16 85
93 21
34 100
62 34
46 29
34 68
88 103
58 61
58 88
106 46
46 32
45 15
85 65
60 24
37 8
12 17
95 88
74 89
27 71
44 65
50 58
68 31
101 53
23 22
32 73
84 61
103 55
48 84
47 29
89 18
39 42
94 56
57 20
78 29
39 48
20 56
98 37
22 85
39 92
21 17
82 54
69 74
94 58
13 62
2 77
32 37
74 102
43 63
73 69
73 33
39 46
74 97
102 62
97 43
88 47
78 45
55 86
47 75
98 14
110 54
65 22
88 85
41 9
33 54
96 23
89 38
102 23
50 106
76 39
52 66
28 85
86 71
37 64
60 15
51 73
60 53
14 11
81 24
103 25
60 20
53 77
75 55
33 80
56 47
16 39
34 61
88 68
67 58
86 28
76 72
39 18
73 59
73 56
11 84
81 70
76 73
13 55
5 63
80 42
76 45
75 70
31 58
28 19
100 57
99 33
35 22
31 44
60 62
41 10
16 82
24 24
34 39
18 24
82 103
63 39
2 57
40 37
97 19
76 67
22 2
36 83
69 16
17 33
26 83
97 17
96 46
2 25
23 7
22 72
33 1
31 23
62 16
10 19
55 14
62 86
37 88
37 17
62 22
91 57
16 89
36 32
101 70
42 14
8 48
26 89
94 17
18 95
96 62
69 28
11 34
103 58
98 25
73 76
14 36
69 27
15 4
53 103
33 12
3 15
63 94
7 52
50 8
94 19
48 76
39 102
51 31
49 11
23 5
44 46
24 89
18 25
43 87
92 35
54 93
53 19
25 56
82 83
4 74
88 73
95 40
84 31
13 69
78 41
63 40
27 2
64 73
109 49
37 42
89 47
72 37
93 76
79 88
32 46
54 44
19 35
10 71
57 6
23 73
81 95
26 62
4 67
80 57
77 41
67 75
58 22
82 24
58 67
11 38
75 35
78 106
41 47
79 38
33 32
63 97
7 24
82 44
70 93
57 71
46 84
5 26
21 57
90 74
48 85
70 101
3 68
63 15
105 52
60 55
4 41
5 46
51 21
81 27
51 63
77 99
64 15
62 11
27 38
71 31
67 79
33 44
75 84
43 101
22 68
111 53
102 81
29 46
55 13
16 88
95 29
55 82
16 33
92 42
68 63
94 21
75 80
59 74
107 27
63 51
7 26
78 61
67 94
77 53
34 81
14 8
84 13
17 18
58 79
89 61
24 45
26 74
38 18
74 83
67 1
77 71
99 48
16 42
22 46
35 23
32 66
52 100
83 88
83 81
26 60
92 16
37 18
68 7
36 45
85 102
113 48
46 41
90 58
66 79
77 101
57 4
87 57
33 57
45 91
109 46
84 88
42 73
31 64
54 72
13 1
41 14
78 14
79 24
55 100
69 14
78 27
27 30
52 94
88 63
8 19
32 95
76 9
60 42
21 61
64 53
26 9
38 60
48 17
41 36
68 81
21 43
26 31
8 78
7 50
97 50
66 93
32 92
67 37
47 59
79 73
92 22
20 54
92 20
14 37
64 33
78 19
50 73
81 9
21 8
104 37
69 97
69 36
6 51
21 80
55 88
39 37
88 90
91 38
93 93
19 70
52 110
46 99
96 57
42 94
78 34
58 60
42 12
57 14
53 15
97 62
36 62
102 68
46 98
48 29
43 22
22 3
65 93
50 69
13 12
76 14
20 84
42 74
12 4
78 23
36 6
34 82
27 61
10 47
92 51
87 53
45 5
4 71
102 39
67 10
7 29
19 59
110 50
49 21
2 64
60 52
10 40
9 34
60 103
23 77
20 48
97 80
94 39
27 68
67 35
13 93
89 89
38 86
80 64
85 85
39 82
52 28
22 89
15 87
18 6
24 17
45 23
42 18
40 26
104 38
59 91
53 35
69 62
60 99
71 13
59 83
16 18
74 93
101 56
3 47
94 99
90 67
84 90
80 106
7 68
62 106
26 21
70 10
43 66
46 44
94 22
30 1
3 44
84 41
50 24
87 16
58 71
52 75
34 69
16 76
65 9
102 75
101 76
96 55
44 41
79 7
24 49
48 75
76 98
76 48
74 17
30 95
109 62
94 85
77 29
37 33
92 75
54 1
4 45
59 77
59 71
82 26
80 13
42 101
91 71
66 8
43 105
76 76
60 79
89 102
99 88
29 50
71 41
75 95
59 81
92 91
3 39
66 81
80 63
105 49
8 86
77 47
30 69
64 99
63 73
21 79
3 31
69 83
63 83
11 46
1 54
79 12
18 87
54 56
94 86
86 101
28 82
23 34
47 16
19 92
62 60
89 79
68 13
92 44
55 42
48 89
97 35
47 19
29 52
13 51
28 81
63 92
78 103
53 21
44 84
98 18
20 81
46 95
25 21
79 15
59 107
18 77
7 66
91 63
36 1
26 5
81 8
68 94
86 11
31 70
15 70
101 41
45 31
21 47
33 56
99 51
63 101
75 83
83 24
91 16
9 73
16 17
95 96
52 78
32 50
25 9
23 87
21 30
24 7
98 42
64 48
51 81
87 30
2 45
36 30
76 49
39 38
18 20
23 58
74 33
14 73
66 62
76 78
78 58
98 82
68 4
43 7
61 55
58 58
9 19
58 10
10 42
75 62
56 89
75 15
28 94
95 89
70 81
23 37
24 13
39 32
11 31
47 42
68 39
99 22
38 36
71 94
7 37
44 53
78 78
75 37
61 20
40 62
79 34
47 60
12 45
38 62
1 65
80 67
107 49
3 13
55 3
37 86
87 71
97 85
34 78
27 4
1 29
66 5
18 13
71 35
93 50
31 45
62 64
87 29
59 7
12 36
40 96
34 12
69 67
81 61
4 54
2 23
68 101
82 99
51 46
27 31
31 62
14 45
60 21
84 16
64 54
101 68
13 9
72 103
44 51
93 86
51 89
56 23
102 38
79 27
86 103
39 16
60 93
28 31
36 41
105 61
40 67
49 15
87 23
47 44
28 70
50 84
3 37
65 79
80 82
11 1
82 90
41 28
48 67
55 70
106 49
31 1
36 40
53 80
17 20
66 16
94 43
45 101
3 32
44 3
39 68
101 49
86 12
54 57
63 95
34 27
69 34
80 36
61 33
44 95
41 54
11 37
107 46
75 100
76 71
45 32
46 102
56 63
87 31
19 63
34 36
76 82
31 35
86 46
58 63
30 39
56 42
16 47
5 31
23 33
90 37
88 20
76 18
49 108
78 66
96 15
79 26
55 32
16 51
104 61
19 56
39 20
97 77
76 68
44 66
74 100
98 60
30 18
58 31
14 7
93 40
43 85
45 100
17 28
38 53
70 49
9 56
19 98
24 91
54 38
63 7
52 49
29 13
38 4
77 50
29 83
93 41
26 48
15 46
85 16
70 24
88 60
99 61
60 69
80 88
37 54
42 82
32 54
90 99
61 100
69 72
83 12
24 16
60 7
59 26
56 31
53 4
103 80
84 34
26 41
54 26
49 85
43 88
17 82
47 62
36 87
22 80
28 13
15 41
98 34
43 95
64 59
1 46
97 90
61 46
77 25
88 93
23 91
68 60
28 57
24 27
3 62
47 72
63 80
88 42
4 29
1 24
48 24
108 53
51 20
93 66
76 96
87 39
21 64
81 71
79 93
82 106
58 45
99 42
97 41
66 95
20 66
53 89
14 33
32 23
63 68
100 45
36 47
62 85
87 60
10 58
84 39
69 80
91 27
25 7
63 28
17 86
56 56
44 28
60 45
41 25
13 24
94 66
16 14
41 19
47 52
52 95
88 44
49 39
30 80
100 74
56 86
19 25
79 44
62 47
57 5
96 61
56 10
79 48
21 7
44 104
54 89
56 75
71 57
69 54
51 86
44 16
84 19
42 85
76 20
37 34
37 94
78 67
56 19
50 87
19 50
17 29
55 74
24 1
61 18
71 88
90 42
57 63
91 31
67 2
86 89
91 55
43 81
11 70
79 22
22 87
74 42
32 88
79 94
77 9
17 70
92 34
10 50
22 31
27 72
46 62
17 36
25 68
19 61
97 55
81 31
70 36
79 80
23 13
68 11
93 27
34 77
42 20
90 59
34 56
91 17
64 1
27 70
17 2
6 69
40 18
94 75
38 17
3 42
14 50
69 21
60 102
38 74
63 75
47 104
98 23
87 92
13 39
31 8
8 75
94 41
73 89
16 70
37 44
38 13
38 78
89 90
29 12
24 3
53 65
28 92
9 45
47 33
62 102
6 66
31 27
63 74
1 27
24 70
26 58
45 13
29 70
18 21
37 6
70 88
62 76
58 43
95 63
63 78
4 73
64 62
61 9
12 53
7 43
20 28
35 74
82 55
84 42
4 81
74 46
75 30
77 27
38 6
6 26
40 95
31 93
48 77
8 82
97 22
85 23
67 43
73 14
85 70
26 72
60 88
51 29
76 106
14 86
14 29
95 30
91 102
86 16
6 32
9 71
96 54
99 92
41 29
34 98
70 31
13 7
49 103
52 40
12 61
69 10
101 66
88 37
14 14
18 61
23 56
67 67
92 41
37 13
73 97
77 30
52 43
104 21
32 14
46 42
15 69
26 65
42 62
48 74
71 47
98 57
16 32
66 53
12 77
59 58
76 81
33 78
42 51
92 64
60 29
12 43
92 17
21 16
48 57
72 75
48 42
68 55
49 56
73 49
1 52
77 92
77 97
29 20
18 73
62 26
60 8
16 25
11 33
20 32
53 55
3 57
69 59
45 30
88 67
93 16
29 14
1 67
72 68
21 65
42 33
63 87
32 25
29 89
35 78
7 78
100 72
58 3
100 24
48 101
25 37
22 92
85 27
73 37
87 103
8 54
104 49
96 90
58 26
31 83
15 22
30 36
26 56
58 90
101 43
85 19
84 62
73 93
85 47
51 47
73 82
93 83
85 18
87 45
29 23
63 8
59 101
86 40
110 53
57 26
98 33
42 6
107 45
91 69
75 50
38 33
30 25
82 43
56 104
31 28
103 20
45 9
17 25
24 15
34 92
12 8
37 80
79 45
23 64
50 92
49 58
55 22
18 82
45 70
44 79
30 86
3 34
83 86
9 60
79 47
9 37
21 50
8 66
10 57
1 77
2 75
61 44
56 18
17 32
94 83
101 26
10 41
51 24
86 21
39 98
76 85
102 49
97 28
61 93
86 13
99 73
13 56
57 67
30 58
60 100
32 12
10 34
23 52
57 13
34 83
39 59
59 56
48 9
19 15
35 43
24 64
21 22
57 54
92 54
58 106
58 104
28 3
9 27
38 37
39 43
6 49
10 88
17 5
87 58
93 90
68 69
80 23
62 103
52 99
42 7
105 47
79 61
16 45
67 64
14 74
71 17
14 84
70 105
104 81
27 86
49 82
80 59
95 47
41 83
41 92
45 87
11 66
89 27
30 91
65 68
65 32
85 103
66 91
97 68
51 80
13 19
106 67
18 63
36 72
36 20
99 20
91 94
52 83
94 72
94 82
36 80
55 27
47 81
48 6
107 55
39 77
64 4
44 70
50 96
5 54
73 50
100 16
84 60
38 61
21 54
91 40
82 74
48 13
99 31
4 24
52 27
48 69
69 17
49 60
38 26
55 66
26 63
75 27
35 47
66 13
80 19
59 6
7 85
104 79
67 57
63 96
5 37
16 3
3 56
28 78
4 46
33 58
12 46
76 46
83 93
41 86
69 81
54 39
3 43
64 91
83 37
4 17
42 26
28 22
27 18
23 32
64 32
78 86
69 43
103 39
37 95
13 3
82 56
74 21
84 32
70 32
6 37
83 21
58 97
45 20
93 33
39 89
42 103
58 30
80 62
62 97
37 46
32 91
18 72
7 56
57 94
98 78
109 51
82 14
57 82
81 17
48 66
18 11
19 64
99 82
33 62
63 3
73 27
23 80
90 35
58 89
61 40
64 58
103 36
82 49
43 102
15 48
33 22
24 59
40 8
51 91
58 34
73 91
70 17
12 79
105 36
85 61
43 48
97 20
78 36
61 73
45 93
40 15
79 87
40 30
100 79
9 5
27 35
30 45
32 40
67 103
78 49
58 95
58 11
38 40
93 91
12 84
21 86
70 25
75 71
46 51
90 85
101 46
87 13
108 50
33 64
52 2
4 84
58 78
97 59
32 29
5 60
86 36
7 45
58 9
49 63
20 50
71 59
10 55
19 55
105 55
27 59
93 19
70 67
91 68
51 102
82 34
92 48
22 32
49 35
9 11
44 1
83 43
84 12
3 75
53 87
76 13
82 46
69 37
50 20
19 53
94 64
97 73
63 33
23 9
66 105
80 75
25 11
27 9
10 7
64 61
77 66
55 90
80 31
36 99
14 49
36 75
86 22
95 31
63 89
47 64
54 10
94 63
42 49
63 52
46 100
22 66
42 69
12 21
97 47
63 67
47 71
17 96
38 16
68 53
91 75
64 7
88 38
81 94
28 47
90 16
32 24
26 25
70 52
73 53
74 76
27 11
56 94
13 42
91 97
92 81
106 52
83 59
38 15
21 37
27 3
93 48
39 104
104 33
1 39
82 19
70 94
71 11
79 59
89 86
104 56
82 58
52 96
55 102
30 19
108 46
8 62
102 83
42 90
21 31
87 69
20 71
32 45
37 96
28 80
7 70
23 53
95 42
44 35
25 91
91 91
46 38
28 26
42 58
94 81
22 12
64 12
47 96
32 51
50 88
94 35
43 51
60 38
52 70
103 53
85 14
1 57
7 23
106 55
15 43
29 75
80 44
71 67
54 7
57 80
83 34
13 36
15 15
35 98
23 71
36 54
74 63
37 45
42 92
48 11
61 42
45 61
112 44
3 76
10 66
32 2
39 97
34 10
25 64
62 1
12 11
19 20
33 17
49 49
45 43
84 76
40 40
51 22
48 39
77 23
62 81
78 25
26 17
64 95
96 84
2 74
39 27
24 92
66 64
5 32
85 73
77 43
50 99
107 61
77 45
16 6
12 80
6 29
73 102
52 47
70 18
11 15
58 54
61 78
84 72
15 47
38 38
66 12
33 59
12 58
86 42
41 4
94 23
101 93
44 80
30 3
43 20
57 31
17 52
92 29
70 47
34 59
42 43
44 24
17 14
77 18
83 94
68 10
101 57
23 11
91 41
112 52
85 101
97 37
28 51
64 105
51 37
93 42
60 47
15 67
19 33
36 3
3 26
17 68
35 12
59 86
93 35
19 22
56 27
53 85
82 75
68 97
21 56
36 15
99 77
46 86
80 84
49 1
25 1
46 67
33 90
35 85
59 17
53 58
15 12
19 69
9 67
26 75
19 44
43 65
39 69
73 55
93 32
40 99
53 45
70 33
7 75
42 15
19 41
78 57
16 21
46 23
42 72
55 60
17 69
3 51
34 22
44 20
104 52
94 53
109 63
91 49
1 74
100 89
26 37
26 93
33 45
33 74
38 27
75 76
53 67
8 44
97 32
96 32
25 79
19 68
78 65
33 15
89 26
79 46
59 42
85 50
39 35
88 82
78 6
17 46
33 71
17 40
89 99
57 57
74 20
94 30
2 67
7 44
57 59
64 25
21 34
38 9
92 31
15 18
79 25
4 62
29 22
10 29
70 87
39 75
59 93
65 52
72 57
88 94
56 64
6 78
49 104
23 25
60 58
80 11
34 2
84 18
56 85
45 48
18 81
26 11
8 55
70 38
65 92
60 26
30 90
27 27
97 23
74 10
78 47
56 9
20 83
83 45
75 89
39 24
15 72
26 85
72 46
108 64
11 29
97 15
82 42
109 45
94 88
12 81
52 82
77 98
74 69
45 89
16 11
42 19
9 64
59 24
21 18
24 68
56 13
98 16
42 35
77 35
99 62
91 85
92 103
28 27
50 91
38 31
29 62
87 32
91 39
56 32
6 35
102 84
84 73
45 41
41 78
57 42
38 14
33 85
7 55
69 101
45 62
76 8
8 64
53 10
22 25
40 53
92 79
16 5
65 20
97 49
87 70
85 106
48 22
96 87
82 67
59 69
24 10
81 48
3 71
10 10
26 79
37 39
86 26
21 15
51 16
43 24
12 42
65 60
7 14
64 18
52 18
75 16
29 87
56 7
6 34
39 31
83 89
51 79
77 46
95 95
43 5
85 41
11 25
63 44
29 59
30 81
6 63
40 81
89 33
41 53
97 29
100 19
2 52
6 20
21 74
16 87
69 103
19 39
60 40
77 54
103 30
8 67
99 59
69 38
9 24
13 60
90 71
3 74
53 25
59 95
47 53
32 33
71 9
59 70
60 14
62 100
100 21
41 13
78 46
42 102
54 69
78 13
67 53
91 73
23 30
25 86
77 83
66 88
50 65
59 48
72 32
62 18
96 63
83 64
82 62
6 54
68 100
86 102
9 31
45 65
54 62
63 10
108 47
62 62
38 82
43 46
6 14
48 2
86 19
60 87
107 66
44 54
38 100
52 35
56 58
44 86
65 95
113 45
55 28
85 72
22 50
62 90
16 90
81 88
54 55
26 4
71 30
30 52
32 35
52 51
77 13
38 48
101 65
55 49
52 3
39 56
81 20
42 9
95 80
47 100
86 31
1 51
108 54
35 90
55 44
89 35
54 8
68 102
54 42
8 83
31 47
67 100
81 63
90 103
20 70
24 33
101 63
64 28
82 80
66 76
87 56
56 26
45 25
74 29
86 78
79 14
85 24
55 7
14 83
6 73
39 12
72 89
34 33
97 44
16 83
43 64
68 98
96 85
100 35
59 98
33 20
105 60
88 25
103 78
94 36
91 21
81 65
103 34
25 84
30 59
77 70
26 15
2 70
81 38
19 1
1 75
24 55
74 32
90 73
13 49
13 86
24 85
95 24
94 90
45 80
1 15
29 29
42 4
43 92
87 85
73 38
69 46
38 41
75 13
88 40
21 1
83 65
97 21
44 23
29 51
89 65
86 93
48 27
15 56
68 84
69 47
11 65
21 53
29 86
49 96
31 18
58 73
50 11
91 33
18 26
58 50
87 47
59 64
99 21
96 21
7 13
57 68
94 20
48 33
14 16
95 91
10 53
105 32
55 71
77 63
57 76
27 23
47 86
24 61
52 87
77 62
36 33
97 71
101 33
46 101
73 66
17 77
68 25
53 12
92 83
102 32
105 45
50 29
34 47
83 16
29 45
103 44
66 99
22 93
102 52
46 63
42 45
67 12
36 28
35 21
94 55
28 68
26 49
90 87
46 49
35 38
21 35
28 87
65 99
51 13
41 63
3 55
57 45
87 77
84 15
21 66
90 50
75 31
75 88
4 30
26 16
20 34
97 24
67 83
47 1
50 38
1 64
99 25
14 5
17 79
35 31
96 25
67 14
60 56
31 36
72 94
38 24
103 67
76 24
53 79
93 92
81 96
85 80
73 42
1 41
104 31
3 41
20 11
27 26
72 42
94 89
68 96
67 99
61 98
12 24
91 47
17 51
22 49
34 21
62 74
56 61
13 32
48 41
6 28
32 42
54 99
10 21
64 45
5 82
85 88
95 60
37 5
66 27
34 43
76 15
79 86
96 92
97 91
76 63
79 23
83 103
66 49
27 22
92 49
115 45
41 77
57 78
91 90
80 65
36 93
99 38
91 78
93 20
27 79
45 81
100 59
57 81
92 85
38 44
42 27
3 66
19 52
81 85
34 67
35 95
15 37
65 36
52 62
47 94
90 66
92 53
20 74
74 28
43 32
46 60
82 32
103 70
19 12
14 87
59 3
27 32
44 52
39 54
59 35
30 2
78 37
68 66
34 66
13 84
55 38
39 61
103 31
80 58
11 23
46 93
14 59
13 41
75 98
41 55
57 96
12 37
90 38
54 12
89 48
51 1
53 53
69 19
82 13
68 65
20 49
79 107
1 26
45 51
42 31
58 103
70 5
92 93
23 17
5 66
6 83
66 33
98 21
94 26
23 35
57 23
68 57
112 45
83 82
9 77
16 19
29 69
49 38
42 97
57 100
54 104
105 26
94 31
87 55
42 29
50 50
67 74
60 18
1 40
55 45
20 23
33 5
11 30
29 1
9 78
48 99
62 104
70 34
92 82
56 28
74 19
4 70
24 78
21 6
80 14
61 3
57 60
84 63
101 52
60 33
86 15
19 95
30 14
39 5
85 59
6 40
50 48
16 71
77 76
29 56
32 53
52 59
54 94
44 59
74 98
70 86
82 104
93 82
4 68
42 41
26 2
21 94
49 24
96 43
23 69
82 78
35 81
45 76
23 54
98 79
42 46
5 24
69 64
21 77
50 53
39 14
55 97
19 71
37 23
93 58
10 48
20 88
35 87
40 87
88 29
66 50
65 57
12 74
43 54
77 5
15 42
3 63
4 78
44 7
64 82
55 78
66 103
8 11
77 26
19 21
85 36
28 41
73 19
66 60
58 38
39 50
19 27
112 47
106 34
12 27
49 45
13 29
16 67
66 82
69 66
25 53
46 36
105 72
74 13
50 103
49 42
78 12
92 36
35 18
29 34
84 83
68 74
54 25
58 87
53 73
82 64
22 86
96 74
74 27
76 74
9 83
33 43
38 46
52 36
80 72
103 52
40 46
54 63
63 16
11 41
56 24
84 68
104 73
25 42
33 34
109 52
71 73
98 35
14 17
50 35
90 57
18 41
4 80
72 39
83 22
53 56
62 69
52 91
82 66
82 85
27 1
38 22
41 62
87 99
56 74
99 15
52 42
79 83
67 41
74 54
90 36
3 38
82 92
52 89
106 24
24 75
66 25
78 76
55 12
107 62
50 7
84 14
92 90
81 53
17 54
40 97
75 101
76 29
22 30
19 89
102 56
47 83
103 29
32 27
21 60
42 56
57 101
69 61
22 5
26 84
79 33
37 27
77 84
9 28
62 98
49 88
20 8
103 23
22 90
1 21
78 72
49 27
74 31
40 14
69 76
42 28
20 1
61 53
67 85
4 16
54 19
32 67
70 11
54 15
4 51
27 12
26 35
100 73
15 51
84 25
48 47
93 81
6 57
77 56
74 47
32 74
75 66
60 57
52 24
60 5
13 50
82 30
47 49
82 70
90 64
8 69
13 61
65 72
62 70
5 71
104 65
47 48
75 99
27 42
86 75
76 51
69 94
71 16
3 67
86 44
103 76
61 54
37 31
75 93
75 34
8 65
66 48
61 81
17 24
53 74
27 54
9 17
38 55
47 101
68 37
97 27
25 26
10 72
97 45
8 51
72 96
45 7
100 44
36 18
4 56
88 41
86 92
76 92
29 66
67 80
115 49
50 23
94 52
54 68
69 96
40 41
14 70
61 49
15 64
8 41
88 53
92 73
30 71
74 101
29 95
50 55
14 43
32 52
79 50
21 49
21 13
45 54
18 28
14 38
49 29
102 28
15 29
109 34
86 100
14 48
38 50
84 24
39 74
86 79
34 9
67 11
35 61
84 105
31 60
92 70
88 83
95 72
6 48
78 35
39 83
93 55
85 30
34 72
40 58
99 30
74 67
68 36
50 66
8 68
56 106
20 76
18 60
96 24
51 76
70 69
2 38
93 57
82 65
56 87
2 43
16 30
68 32
21 55
76 103
19 78
35 29
22 29
96 14
34 41
73 52
56 15
106 57
91 92
78 22
2 56
14 1
17 67
35 72
11 83
41 49
59 36
31 46
72 60
78 21
28 21
62 84
80 70
62 52
50 52
91 54
80 12
113 51
80 15
90 23
39 84
64 103
108 34
82 25
15 17
86 17
69 75
26 34
105 48
25 70
89 40
34 31
22 42
60 41
70 6
13 8
46 82
76 60
26 44
75 75
61 82
25 48
53 70
23 51
93 24
89 80
30 26
52 20
16 69
4 38
105 68
68 12
47 61
81 7
56 55
9 86
82 95
103 22
17 6
36 43
22 23
75 22
79 84
17 19
44 40
25 94
44 90
53 54
67 28
104 42
94 79
21 42
54 46
36 4
74 75
27 82
71 6
90 25
34 94
15 55
14 75
83 63
12 28
58 80
43 19
17 38
97 67
49 8
99 67
94 33
55 106
36 79
80 40
68 62
50 71
61 26
90 54
45 8
46 89
113 49
93 46
81 22
47 54
87 65
31 42
49 18
66 69
101 88
81 41
101 74
34 79
45 59
45 22
38 95
34 13
11 10
68 80
23 59
99 55
96 71
9 55
27 85
40 13
96 58
70 7
62 59
74 92
104 59
29 80
27 81
91 83
38 105
61 2
37 10
69 49
2 20
86 30
2 33
89 51
72 70
83 67
36 39
40 47
46 30
95 90
99 26
3 77
58 68
93 47
1 16
19 8
50 79
1 48
86 32
59 89
47 45
99 53
5 39
3 72
21 39
24 74
45 88
19 2
31 21
61 15
52 69
66 23
58 102
40 91
77 37
28 18
15 92
11 57
10 46
71 78
34 14
44 61
68 9
58 74
13 10
64 64
30 48
60 83
15 59
6 25
17 61
37 82
96 65
13 73
29 26
40 74
85 63
69 85
74 43
71 58
104 39
85 57
96 17
52 17
49 5
84 58
101 51
56 37
83 46
54 32
66 89
50 93
93 97
12 18
92 96
54 35
32 94
91 50
35 1
78 70
26 42
8 18
64 79
110 42
98 63
72 19
41 26
60 12
26 53
80 17
96 35
102 24
38 35
56 95
46 46
44 44
29 7
8 40
69 58
68 16
40 71
93 94
92 77
61 85
48 93
23 76
71 46
81 26
94 62
89 64
33 48
50 21
66 20
21 52
79 30
47 68
103 47
107 58
82 48
20 10
54 77
63 99
18 12
30 82
81 62
35 75
13 89
49 47
83 80
26 90
25 18
11 71
25 43
41 87
52 45
11 5
65 71
4 49
103 59
42 40
38 101
44 102
63 2
11 12
40 35
41 35
102 31
51 53
42 30
97 48
43 73
53 50
85 100
55 72
3 19
65 29
51 23
27 28
24 67
68 76
83 102
40 66
41 41
27 19
22 60
26 3
84 17
51 67
65 28
58 93
49 69
68 46
24 51
44 56
9 50
99 49
2 24
44 62
50 39
47 87
24 28
63 85
61 67
72 72
11 55
57 2
32 69
35 39
57 40
67 22
7 60
16 23
87 90
40 44
64 81
13 14
68 38
28 32
20 12
95 67
5 33
62 13
55 94
26 71
81 55
30 22
56 48
95 61
13 34
42 23
20 15
70 43
72 104
49 95
41 94
9 18
88 76
77 49
60 36
51 6
81 46
15 83
88 48
46 66
36 10
84 37
74 44
34 70
25 52
85 104
78 38
88 84
86 99
58 44
31 34
95 15
47 7
33 41
22 82
18 35
67 101
61 66
56 49
37 30
40 59
60 1
37 43
29 58
47 43
69 98
14 55
94 67
81 51
45 29
73 11
30 16
33 28
17 35
73 20
13 68
74 16
19 47
20 45
18 23
18 42
19 66
90 29
29 91
49 106
64 74
59 12
98 24
25 80
84 98
1 30
36 65
87 17
41 20
93 43
22 59
28 69
100 42
91 15
84 64
101 30
64 13
20 86
78 18
30 65
53 32
71 21
88 19
42 17
90 62
57 32
78 77
66 100
59 14
16 48
91 79
29 57
73 61
59 31
66 101
74 79
70 22
42 95
70 26
20 75
16 62
54 49
96 44
68 104
13 2
33 49
92 21
85 51
4 25
95 19
75 19
4 43
104 69
6 55
86 55
51 41
55 29
49 43
56 70
37 37
75 9
64 78
33 3
23 42
48 62
48 8
53 91
88 96
13 75
70 37
64 55
52 107
44 36
35 13
62 21
24 62
78 82
24 88
17 22
89 78
90 18
35 69
52 90
56 96
99 47
72 67
21 2
83 9
69 70
10 54
25 83
22 47
37 26
68 48
97 84
48 49
59 103
88 89
32 13
40 82
13 52
29 30
67 73
66 22
61 19
46 45
84 75
104 34
53 51
75 60
82 47
55 4
59 20
51 51
43 29
35 36
57 44
23 39
20 38
40 39
70 54
18 34
89 50
15 8
71 26
6 22
57 62
38 10
10 30
44 68
75 26
57 52
55 67
43 70
53 5
29 77
39 3
57 10
72 34
37 9
26 88
93 31
11 48
38 79
63 72
99 27
89 46
88 74
51 36
40 25
28 43
59 39
73 24
42 44
83 57
37 87
59 62
90 100
9 72
84 28
68 79
40 55
51 10
24 69
48 25
63 21
82 76
4 55
21 63
76 26
48 31
74 55
94 51
69 8
66 29
49 100
11 42
91 61
45 10
69 89
56 54
65 4
112 51
28 12
88 61
72 99
63 79
48 15
52 19
65 25
17 76
60 106
62 10
45 33
102 25
96 80
15 21
82 31
88 70
35 71
72 10
62 6
24 73
71 12
11 18
101 85
56 5
39 76
84 56
29 24
59 88
34 30
58 85
94 98
71 63
13 71
44 13
65 96
78 84
33 92
66 97
37 16
95 26
78 53
1 34
70 48
15 61
81 102
20 9
28 34
71 103
31 7
24 87
107 56
61 17
27 57
83 31
12 55
31 91
51 70
22 1
15 57
18 96
3 24
22 41
91 29
10 78
111 51
42 86
19 43
40 6
93 51
61 104
61 21
2 55
83 69
52 104
80 107
70 23
11 67
72 27
65 19
2 50
74 25
16 13
48 26
75 103
42 63
42 8
38 39
90 93
22 75
19 40
11 45
6 17
100 38
47 98
65 8
45 44
63 24
48 3
55 103
89 16
74 84
50 25
73 98
50 59
40 64
90 33
27 78
38 1
51 2
57 27
33 79
113 44
11 50
66 31
17 37
104 45
80 6
46 47
53 86
15 6
79 85
103 51
12 22
52 22
97 92
75 46
69 92
61 92
83 55
94 70
2 53
72 29
48 59
20 59
88 21
49 4
85 62
3 21
56 67
88 69
81 14
29 93
28 36
87 43
93 37
68 6
30 15
70 56
2 65
55 52
65 30
34 76
88 62
10 62
110 44
19 32
106 25
55 101
84 99
51 43
60 85
52 74
51 99
71 84
73 13
65 82
111 45
20 25
24 35
83 96
71 80
92 14
83 70
82 35
97 46
2 30
13 65
42 61
2 63
97 60
40 60
50 30
7 42
15 53
71 61
52 46
25 19
14 81
31 79
31 11
77 89
33 51
41 38
92 62
97 30
25 77
3 23
85 98
41 65
10 79
18 29
24 53
92 61
13 64
21 51
43 104
65 35
100 60
39 73
41 39
80 43
92 102
21 69
9 25
61 69
106 58
51 93
74 37
88 17
95 45
74 7
7 35
32 26
1 32
1 58
96 50
77 79
95 18
72 93
59 51
36 73
99 79
44 97
93 17
105 56
74 66
7 18
44 83
45 103
54 100
30 94
7 86
22 14
52 26
45 4
76 35
31 77
34 75
8 25
80 51
25 51
22 94
62 53
63 37
79 53
31 76
41 76
29 67
25 5
95 93
10 27
70 35
70 12
31 5
71 66
57 43
75 12
30 70
40 83
17 66
41 100
90 79
17 75
107 44
41 27
81 25
40 93
58 75
10 18
78 89
35 51
23 26
51 98
88 92
18 30
25 2
69 78
37 93
95 22
90 81
45 86
67 34
77 58
80 21
46 81
97 42
50 74
75 54
12 13
26 86
10 87
68 73
44 73
20 90
77 19
68 23
87 84
14 64
67 66
9 49
32 3
2 51
80 93
3 33
48 79
34 97
27 16
67 81
67 26
56 20
53 48
57 90
3 78
36 70
71 65
82 100
95 92
75 51
99 80
68 85
102 26
80 16
17 12
98 40
5 25
64 83
109 50
44 64
81 36
41 80
92 39
40 10
81 78
64 30
65 17
60 11
5 64
3 20
92 46
63 27
98 73
2 47
23 84
35 64
88 55
78 97
82 87
45 90
94 74
77 85
61 65
12 87
70 39
74 96
95 75
18 33
67 72
101 64
30 50
101 44
82 12
109 44
89 67
27 63
64 27
96 75
105 69
58 17
78 91
90 43
65 104
23 83
72 63
7 53
38 7
100 52
59 38
75 77
81 42
58 66
21 25
74 85
37 99
21 36
29 92
54 30
42 54
10 5
32 28
91 101
72 22
82 17
86 83
95 33
58 5
86 70
24 81
5 28
12 75
14 54
16 8
49 13
21 81
55 37
63 86
39 22
96 36
93 44
61 89
111 48
37 4
24 18
27 55
69 22
67 48
27 51
47 27
47 55
54 24
92 45
57 66
54 101
78 105
59 104
47 95
58 84
90 34
49 3
19 65
42 38
34 62
43 44
106 68
63 23
7 33
51 101
72 54
66 61
39 39
34 86
89 17
92 28
16 53
109 48
40 38
27 83
53 14
61 86
95 25
58 57
62 28
35 79
91 34
71 40
100 15
52 68
12 49
53 29
92 50
16 40
63 32
16 7
51 54
61 90
50 80
60 13
78 20
93 56
32 72
61 94
39 86
98 41
66 106
70 51
73 18
76 7
92 88
90 15
87 54
72 17
54 59
5 18
72 64
99 81
14 32
27 41
50 10
43 42
8 74
28 75
11 63
4 28
61 105
51 83
20 7
78 56
18 19
51 72
9 68
64 36
13 37
83 53
41 52
45 58
76 87
72 69
47 18
35 70
59 61
91 95
40 104
67 105
68 2
81 15
11 35
