5000 6000
5942 7841
3589 4148
4370 4534
1244 2672
2022 3531
3313 4770
2271 4206
2896 3406
924 1670
75 2346
1570 3564
808 1740
744 2678
3668 3990
3647 5373
5260 7078
396 1998
4550 7393
3336 5875
4344 4918
2857 4133
5860 8694
2044 3809
1717 4669
4374 5878
1447 3566
2658 4433
69 882
5598 5739
2621 5239
3401 5465
1115 3037
127 642
4428 7233
1076 3502
2647 5039
4138 6268
5001 7415
3418 3809
3174 5846
2557 4512
4183 5797
1467 2853
3443 5520
3249 4682
3440 5385
5890 5961
5142 5479
914 1224
3851 5595
2584 2604
2004 3360
2639 3970
416 1269
3517 5566
3441 3750
2200 2741
1788 1927
495 1036
920 1749
5314 7758
2088 3028
440 1078
1838 2856
2297 5018
913 2101
3060 5218
3442 5484
706 826
1068 2996
724 2168
2377 3463
587 1778
5647 8488
5770 5950
694 966
1102 1122
3445 3773
5531 5745
1198 3792
1222 4108
2428 3811
6 2683
5568 6112
3005 4520
2892 5003
4015 5166
1272 2561
2110 2780
2671 4031
3373 5729
538 2753
1524 2768
2722 4457
6000 7017
3482 3524
1735 2583
2342 4610
4052 4879
4732 7333
2216 4481
2296 4548
121 2003
3732 6045
5795 5990
1975 2218
5840 5774
1045 1588
4977 6350
836 868
4566 7394
2493 2480
3295 4413
1512 2085
326 430
5770 6536
428 3378
514 1186
5040 7194
801 970
4261 6804
2423 3335
1250 1706
1988 2767
5341 6995
2284 4724
1806 1997
2867 4225
4253 5248
5468 7435
4784 7339
4585 5824
1816 3880
746 977
5477 6696
893 2882
4576 5008
3770 4611
4247 5002
210 1226
2354 5271
2827 3118
2182 5086
1212 2533
906 2124
1463 2392
781 1437
5311 6157
3928 5556
2804 5311
4998 5762
2424 2440
2111 3702
4982 5655
4838 7051
5083 5941
2261 5066
927 3171
2095 4105
2117 3114
5330 7869
1223 2410
436 1822
6012 8080
1595 2375
2701 4817
166 1967
223 811
1100 2138
4697 5269
1833 3066
3758 4667
5284 5900
4878 6159
2374 2600
6016 7250
5261 7535
1339 3017
2368 4993
4454 7339
235 1698
368 925
786 856
1556 3697
5080 6721
3927 5455
4104 4905
329 1708
767 2066
2369 2512
5582 8240
107 902
2285 4970
1881 2926
5405 6655
1834 2595
295 2344
3402 4101
4772 7258
4724 6989
3962 5643
1343 2053
2673 5301
790 2567
5405 6514
2077 3457
1632 2637
1367 2013
1822 3201
4727 6376
5639 7733
2629 4156
5345 6094
4982 6425
2913 5290
5534 5512
855 2027
3692 5854
4898 6807
5898 7820
4931 6646
32 1642
5669 6240
1647 2402
3813 4359
34 2664
1529 3333
4048 5846
1510 2120
4519 6805
991 1759
3035 5360
2912 4459
3846 5675
199 2067
4183 4832
1580 2525
5539 6938
5930 8505
260 2212
5414 6546
1914 3671
1993 3876
5684 5972
1367 2804
5039 4963
1115 1553
1945 4756
4080 5004
3448 3702
94 946
2858 3662
885 3602
2826 4770
2334 4322
548 1259
2915 4221
2573 3011
819 3032
2902 3059
5833 8626
4836 5147
3411 4490
3380 4848
384 2294
135 1373
2020 2258
2238 4560
2696 4884
4915 6274
734 1468
462 2149
3391 5528
476 2514
4744 7196
329 1991
1087 2602
2945 4810
2658 4880
705 1775
1664 1944
2149 4479
2413 2899
4638 7322
1731 3719
5483 5691
2998 5257
1620 4381
1760 3715
3217 4085
5376 7147
4566 5268
2897 3168
2629 4592
1317 4113
4807 7200
3611 4193
1066 2740
1776 3508
506 2602
3248 4600
5245 6627
5038 7717
3897 5998
656 2538
442 2935
5395 5850
3352 4480
3519 5509
698 2408
773 1578
5315 7342
3872 6773
4803 6883
1869 2369
355 2181
8 119
2668 2686
2249 5085
4730 5418
1223 1717
2975 3951
637 657
3218 3480
1703 3516
1986 3765
5952 7950
3753 6145
3001 3479
358 443
4743 5270
4668 5675
4135 5280
2258 4516
504 1869
3771 3833
2063 3805
5168 7740
3991 6688
5177 6010
4544 4545
2436 4540
461 1551
1136 1503
4335 4640
2509 2752
3259 4149
3992 6361
317 871
501 546
3597 5339
5006 6490
2784 3522
5889 7221
5472 8361
1803 2443
1360 1985
4710 5091
153 662
261 2577
382 828
852 3399
2112 3851
2836 4292
3200 5516
5055 7343
4981 6652
4806 7650
2649 4575
4446 5722
2251 4164
4782 6555
6062 8257
1516 4256
361 3330
1942 1962
5982 6589
814 2129
2000 3983
2713 3089
2464 5342
552 666
4629 5466
4342 6023
1255 3828
2959 5739
5137 5081
3800 6238
5423 8252
4413 4754
3432 3739
4039 6707
2273 4666
5639 8120
4125 6089
2936 3945
3622 4378
5691 7620
59 1484
3357 4471
6045 8332
3730 6194
4328 5802
841 1959
595 657
4832 7142
5971 7147
4268 5128
3781 5418
2253 4260
2199 2220
146 1129
3978 4208
1749 3097
2705 5505
1257 3220
1336 2966
1332 3314
48 2821
371 1292
1838 2748
4076 4629
2992 5229
3197 4243
106 1594
865 1082
5963 6841
1461 1561
5507 7273
5554 5690
3421 4105
5063 6485
2893 5700
5838 6269
2828 3996
2259 4751
774 1423
692 1787
174 2873
2492 3624
5512 6404
4855 4990
2847 5071
4839 6936
5227 8124
1160 3594
1874 2063
2430 4552
5313 6498
2879 3966
3173 6052
725 828
2476 3351
4175 6908
3123 3217
111 826
5147 5912
4300 4413
907 2162
1154 1276
468 3175
3465 5038
229 347
3201 4809
3579 3523
1386 1873
15 2025
4345 6436
2289 2595
1504 4113
4876 5823
1875 3967
3202 5729
1004 2523
123 2393
951 1989
4960 7362
2046 4082
1088 4035
4713 5315
2115 2663
2827 3351
2018 4181
2140 3349
4505 6437
5127 7652
2405 4235
4162 6928
1540 2894
6031 8323
2805 5585
1389 2325
2785 3378
5159 5633
1355 3115
4549 5491
2312 5160
5826 6443
1154 3987
960 3276
2092 2396
1418 2760
81 2521
2427 3554
4520 5557
2404 5183
5022 7369
2891 2896
5386 7780
4550 6699
5652 7420
6098 6126
2423 4426
3341 3912
757 945
1190 3938
11 1854
1303 3305
1079 3996
1032 3511
2568 5413
3907 4882
1688 2448
5107 5605
1806 4298
5951 8780
4943 5985
1330 3160
4404 4517
2491 3316
5235 5269
938 2164
1590 4008
1152 2458
4436 5527
3718 6616
4690 5200
5630 5891
3531 3477
4487 6329
2877 4646
2594 4857
2001 4557
2122 4663
5099 6650
257 1645
6014 6796
4481 6814
4487 5410
5899 7389
4517 4644
5311 6952
2851 3524
2100 3570
54 2821
1970 3606
5928 8142
4666 5817
4137 5385
3387 5576
1293 3514
369 1506
894 3642
1028 1049
3966 6184
1491 2510
1750 4692
3576 6427
1071 1714
5530 5537
3156 5514
1384 3278
4799 5190
4398 6457
4650 5054
630 1511
927 1900
4640 5196
5806 6494
1477 2113
3248 5206
707 2266
2871 4656
2823 4249
3401 3437
3367 4844
3249 4387
1884 3659
4463 6007
2609 4641
1169 4092
1779 2569
1083 2965
2863 4391
103 1041
1579 3632
637 2439
3097 4898
4538 5460
2424 3328
2603 5219
2266 3553
3230 5198
4728 7531
128 1035
1602 1706
1551 4125
4924 6983
4507 7317
1047 3481
3187 4225
4544 5858
2720 2675
4618 5287
1240 2575
4488 4805
5490 6483
5449 6884
1834 3506
5277 5411
4477 7296
842 2365
4682 7266
3925 6400
5062 6607
3546 5179
5869 7231
3114 4238
4778 6670
5290 7453
2138 4720
1937 4655
1922 2792
4812 5558
321 2517
3371 4633
1409 3445
3660 6191
3493 4745
555 1790
1720 2553
5238 7952
2319 4749
2210 2604
5429 7851
2885 3949
3539 5271
1165 2327
4981 5775
3091 3892
4799 5709
975 2709
885 1873
5884 7183
2408 4405
56 1215
3205 5707
4136 4294
2727 2956
5828 6117
2618 4743
406 2287
4885 5614
1158 2636
29 721
2027 3319
5571 6017
5027 5872
4287 7073
794 858
3641 5983
3928 5274
4113 6221
1111 3352
5737 7857
262 3119
4899 6772
1023 1766
1942 3396
370 2449
5621 6609
77 934
2160 2977
2366 3558
4032 6723
6071 6744
1906 4336
1789 2523
5968 8618
2767 5440
4516 7132
3671 6096
1302 1432
5356 6920
5506 7534
490 756
4194 6896
5196 6897
5104 5133
465 2159
4568 6086
3943 5671
5773 7430
2974 2972
4349 4700
3283 4524
3972 4396
1633 4027
3055 5153
5532 6821
2927 4867
90 1313
4616 5431
2723 4703
3253 3843
5367 5766
1696 3244
5922 8757
4365 5887
2551 5132
4668 6195
2530 3746
3397 5424
6025 6071
4787 5953
220 1072
1259 1809
361 1910
5841 7783
2426 3783
1924 3388
363 472
226 349
4699 7168
4777 5867
923 2944
3896 5424
5337 5648
5950 7824
1786 2409
1251 1281
4732 6470
2734 3948
2667 3011
496 2026
1919 2622
690 1416
1655 4345
2343 4078
4038 5794
4348 7018
5926 7637
2003 4250
775 3448
385 2714
5773 7759
3406 4099
4416 4880
4736 7183
3660 4862
501 1467
2496 5327
4782 5508
5653 5827
3296 5743
6050 7957
3437 5053
5343 6901
5793 8472
1093 2631
1341 4271
4172 6873
2250 2214
1654 2893
2601 3718
3453 3684
5638 6175
5638 7025
5670 5696
1238 3473
2025 4473
1920 2644
6080 8150
4637 5666
3529 3629
1520 3161
2934 5133
5785 6351
4975 5937
1888 3466
2590 3212
1305 3074
6081 6189
4195 5927
5006 5449
4197 4854
5896 8282
5386 7267
4404 6020
1868 4417
5131 7103
5042 5401
5324 7820
5691 6266
2476 2792
619 2613
4841 7717
290 2495
6010 6556
637 2879
657 2161
3081 5033
3551 5707
5185 5703
2562 2964
4631 6302
5581 5602
1310 2795
3601 6404
4930 6056
4149 6811
6075 7172
4706 6696
2998 5129
2796 5070
2834 4560
1193 3924
5709 7342
1245 2366
5330 6260
2124 3336
3271 5716
5451 5628
5324 7850
4145 6018
2158 3504
4549 4621
290 1842
3600 4373
1436 2506
1193 1584
1394 4087
5605 8002
495 2078
3473 3807
1460 1876
396 1330
1416 1855
5303 6789
3196 3779
4517 7093
3847 4717
4445 7134
5547 7942
5970 8422
2257 4904
1915 3347
4732 6134
4071 6640
1310 1451
1140 1505
2559 4065
1483 2164
4692 4859
209 1766
1469 3889
1867 4833
1297 2915
4829 4795
5872 8650
2052 2795
757 1891
2746 3161
5059 7456
5761 5681
2450 2847
1398 2809
3795 4712
4164 5084
3669 4925
2739 4666
1108 3094
3278 5084
613 1351
4353 5477
1919 3986
2641 4636
3416 6183
2142 2664
292 1944
1078 3154
1370 3093
5328 7924
1021 2275
4082 4279
2666 2896
1789 3496
3264 5904
5551 7022
3914 6330
5045 6920
1375 1425
2631 5009
1876 2517
2859 3861
1337 3304
3891 5458
1819 3008
816 1056
1949 3574
948 3040
3109 5333
796 3008
5837 8670
793 1540
4456 5668
2743 4034
5267 7443
556 3024
5371 6268
5893 6899
2484 4121
4318 5283
1347 2956
3094 4071
1377 4139
1452 3281
5945 6413
2022 2183
5359 6468
4146 4474
2070 4672
2360 2899
3378 4223
1197 3821
3536 4003
5775 6629
5151 6939
273 877
3747 3812
3343 3957
577 2611
2295 4147
2524 3591
3245 3202
4059 5558
2968 3076
5571 6633
1323 4098
1363 3427
505 1317
1405 3061
2917 4684
308 2850
4301 4992
4299 6161
2802 3513
3679 6094
4841 5218
3313 4019
5905 6584
4200 5796
765 3511
4118 4444
3251 4913
2407 3146
5577 7828
2800 4528
1085 3832
4715 6630
734 2935
5487 6044
3178 5658
2342 4164
276 1212
5806 7238
4929 6316
714 1240
1097 1598
5078 5083
3114 3783
1212 2049
3517 6433
3752 6164
5799 6838
3972 4468
609 1650
5412 5819
4217 6277
1072 2924
5945 8273
519 590
3576 6512
748 2327
3691 4454
4648 6700
139 1199
6043 8796
3131 4512
1903 4660
548 644
2560 3975
4355 4810
745 2888
3714 5683
4539 5766
2803 4606
573 1041
1942 1972
3240 4353
3187 5029
4141 5316
4945 6063
74 1770
3937 5505
1717 4185
4281 4246
4068 4992
5903 6314
4314 6325
4699 4729
476 1707
2850 4931
1595 4557
3807 4232
726 1978
5097 7139
433 2999
4098 6843
3478 5545
4551 5970
3880 5987
3346 4432
1398 4144
4586 6914
2462 2491
5900 8737
4023 5527
2721 3301
796 3701
1281 2052
4046 6323
5168 6283
4296 5004
3652 6425
2298 5082
5398 7606
4220 4203
3918 5377
1738 2087
1611 2543
4520 5429
4979 6866
2449 5001
3763 5686
6036 6222
2479 4265
4433 5048
2631 3923
5056 7359
4004 5441
4189 4883
748 1350
171 2895
3801 5621
1455 2035
2374 2661
4304 6417
2597 4930
1038 1164
1947 3485
5736 7024
4957 5356
4977 7681
2086 3000
858 2767
2868 4858
2384 4510
5059 5680
2940 5236
6099 7290
5470 8061
4042 5382
2830 4280
1866 4307
4873 4879
4871 7554
5753 6190
5585 8165
1576 3770
19 2153
4220 6305
3145 5966
4468 4888
3688 4774
2649 4904
808 1246
3888 6140
3300 4516
1874 3377
5144 7915
1051 1376
1202 1725
770 3149
1139 3506
4665 6569
3476 5192
808 895
5092 5108
2458 3157
1654 1888
2601 5185
652 2860
5314 5520
1538 3001
3747 6413
715 3343
740 3531
5909 7235
1476 3596
5923 6586
5777 6144
1945 4263
5967 6292
2209 2234
1935 2740
4603 5730
427 2292
4707 4923
5884 7584
1046 2699
2018 4636
3105 5739
3218 3689
5821 7468
5995 6909
3498 5874
3274 4169
620 1674
4451 6706
242 2727
3488 4106
204 246
901 1469
3284 3339
4391 5013
1450 1553
4020 6731
3358 4788
4627 7151
4201 6625
4456 7357
2896 4301
5334 5639
1308 4281
5307 6114
1440 2305
4004 6411
2534 3071
1682 2420
840 3568
218 2943
42 282
765 1514
823 3248
4412 4411
4875 7617
4515 5367
4168 6185
4172 6595
4594 6578
5507 6943
4094 5284
970 3359
1572 3485
3593 4194
3955 4674
4073 6003
1545 4461
404 673
5711 6060
2504 5287
2814 5456
1987 4231
6001 6647
4728 5943
1929 2977
4649 7545
490 2625
1392 3024
4974 5730
1126 2476
1995 2794
2925 4993
4352 6603
4663 4939
4509 6644
566 1740
1410 3734
2002 3374
4463 6129
273 2813
3058 4971
2102 3661
5647 5771
2471 4078
5776 8629
5317 5854
4652 5002
242 335
4282 4534
864 3670
214 3041
2074 2129
326 459
5868 7636
2769 3520
112 954
2964 4731
809 3767
3037 3301
5106 5930
419 2171
2805 3973
5914 7409
2254 4899
3814 3856
3150 5748
2063 2774
2973 4642
605 2684
3713 4993
4736 7585
3094 5527
2675 4076
3664 5304
2110 2146
4302 5769
323 1817
717 935
377 1799
3109 5111
5955 7001
916 2498
6069 8887
399 435
5973 7467
5916 6004
1117 1779
837 2888
2852 3276
4949 5948
3200 5353
286 1923
2097 4083
2777 3031
3915 6086
5275 6064
5598 7792
204 2931
2269 3401
6080 7895
5344 7644
5450 6840
2776 3060
4567 7393
4204 5019
1645 2308
3030 4594
4522 4591
4669 6383
4896 7642
1354 1515
2438 5039
5243 7332
4870 7043
3311 5101
2189 3075
3040 4672
374 2319
2043 2069
1919 1958
5960 5939
1076 1058
5182 7428
3451 5417
1679 1701
3537 6042
4719 4861
1913 4613
4287 4744
11 1231
3830 4014
5966 7769
820 1557
2250 4044
1034 1332
3822 6256
194 3028
988 1442
4205 6718
2402 3273
5066 6817
3419 3695
4404 6625
3439 5127
3070 4419
5692 6691
3193 4727
1544 2398
647 1615
4136 5820
5028 7905
537 882
4639 6312
2970 4877
448 1358
977 2460
5234 7065
2698 3494
5405 7308
569 2692
1569 2435
1514 2697
2780 3271
3600 5220
2695 2843
1751 2051
761 985
1291 1809
543 918
2610 5301
3270 5664
869 2857
3905 6803
718 1816
4136 6795
2803 4149
2983 4736
3176 3814
5219 7718
5583 7934
492 1776
681 3143
751 1828
1762 3932
656 868
2477 5022
43 527
3140 4744
2840 4761
1527 1725
4453 5052
1189 4148
2925 4646
1822 3602
5874 7904
1603 4132
3623 4509
3706 4007
5891 8449
3304 5143
5423 7295
5999 7761
2043 3806
5304 8080
2767 4898
997 1677
5463 8368
1617 3012
4332 6406
498 1617
2589 3040
2848 3520
3399 4241
2353 4409
5941 7938
1374 4224
5350 7782
4754 6496
1256 2295
4629 6822
361 2690
4960 5673
3412 4184
2983 4586
3324 4420
5833 6162
6085 8682
3797 6580
4758 5266
303 1656
5779 8324
2351 3763
3412 4043
4960 7443
5270 5226
4565 6743
4069 5524
1265 3217
742 847
5866 6056
2124 4500
94 320
322 1990
661 1781
2477 2626
4252 6757
3302 4820
569 3082
4514 4579
3484 3613
1929 2190
1386 3449
1204 2540
3985 6034
5719 8366
3882 5342
4184 5214
2610 5316
5399 7822
184 1478
979 3387
266 2943
1144 2217
2457 5291
5353 6857
1283 3848
5467 6068
4145 5411
506 3386
2978 4537
2341 4241
2905 4266
3487 6325
626 960
2981 3417
2382 2890
2493 2462
2615 4451
4976 5059
359 2861
5674 7529
1359 4297
5703 7888
282 1861
3759 6632
3868 6357
4174 5101
2935 3507
4561 5737
1732 3877
3757 4468
2659 4434
196 861
2448 3206
494 2189
3010 5515
2730 5612
1994 2361
803 1392
4166 5405
1878 1965
91 2889
935 2673
5179 5753
1718 3031
5360 7667
5250 6933
5673 7110
1007 2157
1223 3617
3931 6752
5111 6691
5205 6604
2527 4585
580 2176
5395 8086
2797 4776
1975 2116
2351 4701
4592 7025
5028 6725
4157 5841
4352 5892
4288 4263
1697 4277
5961 7396
4710 5447
3502 4744
5450 7711
5431 7425
5714 7516
2229 3748
671 2773
5668 6939
6041 6964
5778 7203
4653 4740
3898 4372
4922 6835
2598 4030
5246 5572
3159 6066
526 1130
5753 6568
3469 5163
610 1424
4315 5116
2044 4943
3466 3802
3867 5631
4789 5511
5377 6199
3146 4591
3427 4933
6024 7306
5644 7568
5175 7556
5741 7949
3436 6054
5663 7241
4819 6095
4367 6359
5319 7778
381 560
4110 5930
3037 5245
1110 1269
4066 5479
1512 2959
4902 6387
811 3395
4092 4935
3831 6134
5114 6273
4652 5860
4516 7231
4689 4990
547 1992
220 996
5991 8064
6043 6837
2378 3774
5067 7900
2503 3010
5607 6923
1750 4126
1707 3028
69 3024
165 1588
4985 5798
4066 4579
195 454
57 2633
1286 2912
1320 1619
1818 2082
4251 4925
6014 7909
4953 6076
3827 4672
1893 4728
2067 2713
5336 6486
854 1167
6014 8664
3990 6668
1157 2753
2101 2539
874 3578
1735 3082
2989 3412
2469 3445
3155 6057
4747 7265
2736 5570
69 1291
3997 5812
2693 4624
6071 6770
710 2763
3432 4308
955 1346
311 3280
3171 3956
5870 6807
1968 2060
4152 5082
4258 6111
2186 3218
105 1331
4835 5150
5604 7943
3142 4225
4679 5533
2595 4630
5649 8494
4404 4403
665 1663
3220 3706
3190 3546
3118 3117
4535 5193
5008 5213
4908 7607
5546 6474
1528 1645
40 216
4447 5240
5192 6170
152 655
5967 6234
323 2080
601 1178
2328 2985
2260 4476
4770 6324
2417 5274
5480 5958
4553 4520
2854 4833
536 3185
5809 6902
1177 1785
2436 4852
778 1182
3851 5232
2352 4922
4694 5256
4096 4168
452 1048
4365 6785
5843 6563
4010 5960
3930 5152
1269 2356
1531 2156
2384 5160
4999 7443
3281 5777
2424 5039
3596 5315
3844 5344
1062 1125
2695 4927
4177 6399
2632 2823
2808 4845
1810 3950
3273 5454
803 2789
1380 1712
5702 6141
5976 6629
4478 6748
3727 4254
4737 5262
2696 3325
4633 5853
1828 3464
1871 3420
6014 6425
574 1841
4228 6360
1827 2494
1545 2569
3587 5415
1921 2320
5715 5893
3895 4117
5094 7357
5224 6961
1542 1789
676 1306
1248 2712
3203 4270
935 3438
759 1522
2467 3490
4550 5984
2615 4802
5416 7306
2115 4003
4471 5186
1114 3037
4976 6165
2289 2453
4526 6879
674 2734
2490 2815
2677 3884
1287 1841
3913 4935
2717 3194
2503 2721
4714 7479
4708 7139
1865 1994
1429 1855
2486 5234
5188 5105
1831 3384
684 2636
3932 6209
2841 2946
4593 6971
5023 7130
5184 6474
4991 6752
2647 3169
4303 5987
522 940
4962 5772
2407 2826
1067 1192
4519 6196
5547 7041
944 978
990 3660
2954 4170
5622 6509
1719 1899
2906 5510
5010 7143
1747 4397
2397 4311
5228 7450
3436 5728
5611 6955
2218 4531
2565 4998
4238 5552
259 2044
5101 6895
1512 2319
2842 4597
509 2753
4586 6982
4904 7732
4698 4674
6075 8014
1175 3911
2622 5013
4818 6064
1751 3790
3611 3742
1779 2797
996 1743
3796 6399
5261 6666
715 3541
4481 4723
2210 4929
859 2074
2761 5007
311 2240
4623 7190
5868 8648
4622 6033
79 1294
5630 7440
5401 5990
4043 5537
4013 5741
21 2110
2238 4238
70 1067
1634 3135
1627 2609
2012 4332
5635 8484
4879 7338
4272 4747
1133 1254
1354 1947
5053 6674
726 2049
2592 4479
3733 5978
1246 2824
5044 5892
1144 1868
5972 8724
3085 3429
4830 7287
1844 3793
5985 8632
621 2668
3240 3204
4474 4878
4503 5500
1165 3406
119 3069
28 243
891 3668
5857 6514
4556 6416
2468 3303
2843 5401
886 1608
2234 2492
5868 8150
5434 5764
1059 3061
5402 7963
2374 5094
3579 6036
5355 7950
5626 6647
3762 3729
556 1690
246 1821
1273 2703
5459 7833
701 1970
4285 6971
5330 6391
4229 6993
4641 6958
2989 4017
91 1693
1191 1581
4435 6586
3121 3076
1421 2809
4724 4701
351 1491
3575 4393
3328 4633
831 2806
3836 4025
3415 4584
2520 4673
4954 7558
4152 5617
786 1526
833 2263
1049 3393
2164 2250
5825 5762
1231 2404
5363 7564
3708 4785
3325 5230
5791 6579
5835 8584
2745 4070
259 488
3760 5153
531 2046
5030 7898
1758 4606
531 3512
3105 5289
906 2680
3754 5857
324 1255
2201 3788
5369 5703
4476 6113
6081 7301
4596 7198
898 2711
1613 2190
23 2603
1421 2236
5394 7500
3445 3830
1143 3130
5576 7463
3974 5986
1161 2162
4370 5728
2930 4055
2251 5097
716 2675
265 2088
5051 6619
5377 5494
3710 6080
3905 4378
4502 7335
4461 4612
1715 3646
2863 5000
216 316
1728 4194
4979 5170
3811 4035
2162 4873
4151 5985
665 2380
5856 6809
4670 5880
4137 6259
4631 4685
4380 6472
5029 5882
5512 6930
4721 5592
5512 5888
2024 4030
4914 7554
1503 2457
1073 3490
1710 2437
4864 5414
3399 5706
1352 1511
4645 7012
1278 3668
5129 7656
1791 3442
1532 3652
106 1932
4749 6856
2411 5228
2613 4745
1151 1742
4741 7265
3422 5762
3609 5304
21 1175
4244 5888
2400 2908
2445 2671
1537 1596
1072 2167
5440 6569
1181 3705
1366 2516
1188 1790
5606 6796
5584 7982
2830 4180
6076 8807
4955 6849
1407 2977
6031 6110
5786 6979
251 1319
4385 4907
3265 4957
417 961
3714 4455
3137 5263
4235 6479
5021 7635
1538 3168
389 1961
1820 2571
3620 4139
25 1471
4403 6217
5867 5855
4596 6311
2422 2938
1792 2110
366 620
5021 6037
6096 6840
2401 3707
4062 6562
1859 2488
3707 5861
5049 5076
5034 7529
1802 1848
1924 4593
4334 7038
5176 7848
1513 3287
459 1192
4306 7117
1819 2925
5575 8028
2421 2872
740 3426
3683 4954
3127 5047
4288 5212
4389 6786
3432 4302
292 1539
529 2632
5547 8224
4157 4322
3886 5094
2461 3967
5398 6703
4835 4786
3659 5008
401 2031
5135 6935
2281 3272
4130 4947
1254 4117
3336 5593
5500 7811
2346 3239
2633 2699
526 2892
1065 2734
4170 5755
3685 4542
5898 8782
742 2066
3585 5486
2184 4005
936 1758
3461 6179
1024 3017
610 2175
5577 6268
5132 6265
3156 5565
2556 3306
14 2574
3054 3833
2134 4323
3730 5081
2067 4404
4192 4728
5111 5594
5264 5598
5462 5949
228 1051
4489 6476
2841 3141
4223 4868
3881 5548
4935 5034
3917 6338
3085 4968
2090 3686
2006 4384
1744 3953
3459 4466
3783 4572
2976 5027
4570 5837
2890 4475
3708 3996
747 2338
1239 3696
596 2094
4194 5623
3869 5660
2265 3671
2727 3522
4298 5088
1810 1935
376 1036
5086 5234
3494 3772
2206 3591
1989 4836
1127 3110
742 2121
1098 1227
5829 5809
420 1547
3709 4431
2591 2975
6032 7207
4806 5743
4873 6344
1479 2331
2870 3002
5394 6730
2753 2782
4242 4585
245 1419
6064 8147
3084 5545
2125 3447
495 1260
6 2949
2415 4344
4064 4612
2332 4907
5466 8247
1009 3008
994 2982
330 828
4851 7571
5677 6561
2703 2950
2753 3470
2255 2579
2202 3458
3906 5829
532 1397
5888 8331
363 1027
2848 5569
2607 3845
3860 6619
1649 2404
3125 4876
4152 6524
2378 4450
109 2627
5305 5788
4730 6381
1305 3885
4137 6402
5618 6637
2723 4300
5025 5332
5550 7030
2726 3986
5813 6685
60 926
1793 2965
5892 8065
5578 8466
3606 4563
5329 7199
2749 5568
6015 6018
1465 3887
107 2027
614 2634
1466 2992
5200 5864
3445 5237
5722 6357
4763 4903
962 1862
1432 2380
1014 1043
2927 5228
3853 5678
3942 5652
1158 1642
3817 5945
3679 3824
4736 7152
3908 5466
4950 7765
4134 6689
504 2658
5402 8114
3608 6210
2650 2844
4347 6879
2126 3458
1623 3894
2196 3195
4321 7136
1408 2348
2772 3095
1173 2648
2041 4101
2057 4283
4130 5853
1341 1888
5478 7310
4087 6666
2072 3015
5740 5915
873 3647
2334 5154
2839 3759
5574 5629
2414 5359
3924 5087
595 2554
2604 5063
2967 5419
1444 2046
467 2641
3906 6118
1692 1810
2856 3524
1901 2224
3446 4421
529 1161
1397 1429
2650 4722
4666 5420
5357 6897
5433 6324
1498 3975
3489 6027
2881 3088
3057 4664
6077 8868
3199 3697
2655 4398
609 1856
645 2318
361 2994
988 2038
4691 5693
3224 5209
4128 4292
1307 3321
1828 1991
3154 6049
81 1080
139 1806
490 937
233 2605
3439 4520
2739 3810
2277 2900
3085 4842
327 2106
4465 5998
5771 5833
2187 5081
3479 3632
24 510
888 3558
5772 8173
4942 6802
1159 3665
2623 4389
5928 7320
4638 7385
2540 3138
4290 5677
5661 6710
4249 5881
4464 4967
3443 4238
3454 5586
5198 6350
4585 5137
5481 7309
5638 8499
5875 8376
2073 4597
1733 2205
3378 3626
4780 5112
626 1338
4911 6616
957 1208
2690 4436
2266 2950
5112 7749
1623 1948
4432 6833
621 2271
5326 6311
3708 6494
1856 2846
4606 5922
3727 3905
2173 4143
4773 4858
5763 8000
1429 3834
2832 4131
4517 6340
2730 3717
50 2637
5794 6596
3815 5451
4828 6864
2906 3057
446 1209
4714 5539
1411 1885
5938 7656
1743 4203
5334 7877
881 2002
3343 4215
853 1704
4993 6005
4665 7329
5235 7167
5006 7448
416 2922
369 3082
2978 4975
1155 1312
864 1421
5361 8199
4726 6462
3455 4718
4964 7394
1942 3320
191 1960
5463 6704
846 1854
3809 5725
1122 3116
6050 5958
5509 7421
2541 5075
2175 2324
4593 6379
2437 3216
88 2621
4033 4607
596 2491
2367 2688
4777 6357
1740 4033
3531 3877
4167 5439
5715 6942
1903 4115
4389 5745
4750 7525
2674 3568
2810 3720
6059 6451
4462 5893
1885 4103
3328 4216
931 1489
2917 3476
4831 5706
126 2913
3445 5293
4792 6785
5148 7145
3272 3666
1530 2141
1529 3535
2756 5023
3742 5979
4950 5744
2312 4235
2677 3522
773 1184
5165 5407
5783 7102
5422 6529
1330 3247
5147 5522
3696 6223
100 1634
5472 6185
1420 2797
284 659
3966 5030
2253 3390
902 2663
355 2619
1141 1934
4764 4929
3027 5975
3037 4994
3580 3908
4502 5516
3634 5397
5772 6375
4479 4418
2183 4116
1249 2163
76 1710
588 1796
4034 6020
1854 2512
1501 4029
930 1712
2482 5213
1392 2643
2961 5257
452 2981
2309 5065
2075 3334
4197 5753
673 2749
2480 5123
2022 4556
5129 5719
6047 6173
3812 5635
1936 3994
4698 6183
3439 3529
3597 4406
804 1978
716 906
2776 3129
4961 4947
1874 3997
1334 2072
71 2866
4754 7275
6081 7500
5016 5541
4458 6210
4164 5248
3643 5916
5572 7107
4060 5993
4252 4854
436 2525
411 2242
5093 5169
1479 4428
3337 4062
1427 1529
3744 5237
2794 4667
4049 4523
652 3332
2033 3501
1921 2728
3372 6148
3665 6560
666 820
3248 4859
3036 5605
635 2068
2540 3698
4487 4440
515 1658
3876 5002
953 3604
3449 3630
5606 7996
2527 4904
3949 6471
2764 4222
3757 6419
3160 3431
4392 5065
1244 2650
4854 6801
5239 6544
3224 4607
891 3453
5464 6261
1769 3352
3480 3516
4208 5485
5549 7918
4894 7061
3767 5584
1599 2599
4475 5970
2951 5108
4819 6182
1084 2257
5196 6674
3203 3876
2334 4769
434 3245
4945 5684
2043 2067
5258 5549
198 960
110 2777
2706 3910
2369 3589
4360 4692
1237 4077
3507 5232
1581 4306
2484 5094
1115 3760
5823 5865
2647 2670
5295 7497
2717 4088
450 2892
6031 7674
3357 3461
3756 6637
3069 5454
571 600
4688 5703
2453 4110
4716 4696
3698 4760
2068 4450
5945 8295
4754 6668
3755 6393
3049 3562
5098 6816
2714 4508
3857 4582
5682 7085
442 1242
312 1253
2997 5429
4960 7379
2034 4972
4939 5492
4721 5720
667 1930
4579 6967
4749 5806
390 2004
5950 6628
3264 4401
2584 3534
822 2131
1457 3438
6084 7040
2886 3981
5136 5478
4320 5851
2694 4835
1060 1421
2153 3385
4299 4844
2364 3170
4685 6940
3529 6225
4071 4253
5121 6552
3137 4503
590 1575
4275 5508
1753 4409
5273 7511
2272 2566
5121 5203
3100 5899
6026 7341
2550 2839
3491 4007
4066 6582
1580 3187
1318 2669
2922 3530
5289 8128
5014 5324
4785 5235
3449 5182
3745 6287
4802 5388
5025 7410
3340 5272
5274 7787
1816 2007
4415 6865
3196 5081
5406 7742
6063 7223
3429 5328
2117 3817
4112 4184
58 2739
2809 4768
2879 4815
5531 8047
1895 2886
1076 1267
3533 4915
1381 3856
4618 6105
2178 4932
4457 5093
165 1422
2991 3752
2413 5025
3246 3619
441 933
5457 8144
3910 6563
2933 4637
3544 3847
5060 5025
2267 4435
3562 4621
3609 4640
387 480
5595 5755
4582 6134
176 3061
271 2832
684 3467
4933 4988
750 3530
3048 4132
58 1599
5854 7835
2126 3398
3311 5272
3868 5813
529 2718
523 2433
1595 3672
2533 4196
2836 5639
4206 6053
4554 5939
2520 3848
3891 4235
4838 7225
5115 5757
5120 7552
1751 1944
1641 3180
2232 2452
1357 4157
1994 4240
6058 6890
422 3330
2641 5387
520 1597
1499 2762
2438 4465
1756 4461
262 1794
5662 7647
1371 4087
4844 4841
2951 5030
1069 1350
4610 5396
5437 7333
3773 6649
4127 6398
5080 5463
3155 6020
465 2912
2295 3193
572 1096
5271 8057
2766 5503
4591 6196
5675 6822
25 1216
4628 5295
5715 8083
3160 3354
2191 3351
5616 7038
837 2202
987 3255
1267 3671
4429 4857
1513 1831
2280 3854
3493 4113
423 3136
2163 4704
6056 6058
3854 5550
4905 6262
3673 6331
2377 3371
3612 5417
4831 7035
4784 6070
186 2283
3800 5059
5328 5991
1689 2277
1068 1712
3505 3744
5140 6646
4881 7280
5435 7230
1030 1034
3176 4407
6015 6088
4316 7229
5313 6863
2076 2637
1846 2302
1931 3287
4386 6496
2362 3480
1494 3926
1625 3063
628 2445
3573 6165
3672 6450
3980 5346
154 853
1325 3821
4765 5281
682 2287
1 2408
4740 5405
5322 5428
421 2076
4525 6242
4426 4909
4883 7335
2748 4186
2039 3188
3309 4445
2174 4193
2241 4143
1485 1730
2400 4357
1029 2859
4920 6985
5275 7776
888 1976
6056 7887
3318 5593
1646 4584
5691 5854
1155 2573
4227 7149
5220 5358
2652 4335
205 2654
2105 4987
4072 6581
1723 2714
4418 5248
2399 4186
1227 2349
4044 5078
3180 5480
3876 5281
5507 6392
4668 5381
3458 3672
5222 5695
1618 2349
1666 1954
678 2862
4696 7528
3391 3921
1173 3936
1121 2769
1288 2852
3802 4293
302 2288
4968 7379
4204 4525
791 1896
3598 3810
368 1549
4408 6196
2125 2196
2343 4299
959 1049
3980 6645
4812 6953
1995 2671
4746 5253
5365 5322
3790 5924
1115 3048
2350 3859
993 3287
616 2705
4139 5195
2882 5049
291 1859
5212 6042
5071 6984
783 1916
4987 5332
5953 6402
4510 5050
5500 5570
2067 2742
4816 5264
3925 4581
1753 4331
2709 2668
3734 4882
4304 5701
358 480
359 631
2635 3036
2024 2461
130 2525
3981 4972
3919 6314
3536 5804
761 2200
3380 4963
4586 4797
3067 3542
3773 6195
1976 3305
609 745
3150 5404
2867 4737
1675 2966
5808 8336
2711 4779
5820 8378
3658 6482
3566 5248
3153 4116
502 766
4208 6324
1487 2759
626 2948
2738 5173
806 3689
1061 2661
3548 4381
2301 3458
3774 4664
1067 2527
943 1628
4519 7129
2702 3829
2382 4794
5756 6671
1513 2337
5890 6427
4412 5760
1585 3860
4877 6321
2578 2667
5325 6562
4897 6624
324 2994
3646 4145
4570 6608
2308 3441
1427 4210
2846 3302
4007 4070
4552 7428
4029 5003
4198 7003
1166 3307
5032 7681
340 2773
2757 3298
1261 4194
5621 6032
1135 1200
4746 6159
1153 3425
1896 1932
3187 5863
5707 7530
3035 5645
1957 3394
6036 8847
2093 2839
3315 5915
4176 4752
2392 5201
5167 6995
2920 3785
4191 5668
4623 5654
3754 5992
5493 6220
4956 5361
3080 3210
6003 6162
137 2038
3109 3297
3244 5764
3926 6565
2209 3317
139 2492
120 1426
3689 6510
1897 4019
1002 2659
162 3044
1173 1715
4215 6435
5818 8012
4456 6192
22 2160
2309 4669
2575 2869
414 1803
4238 6646
211 2747
3265 4707
5234 7607
511 2600
1360 2084
1941 3686
4109 5159
2822 3420
2001 3797
711 1397
3642 6127
960 1948
2862 5702
4795 4940
1354 1591
5875 6343
3851 5500
4860 6473
5153 5937
3386 5519
1792 2200
5576 6466
5543 7338
3887 6008
1643 4439
1965 3475
3385 5194
1175 4121
715 1169
3764 5223
5340 7343
3917 5710
4368 7016
3817 4938
1039 1687
6092 8838
2501 3728
4729 7437
227 2293
919 3084
5027 6893
2324 3226
4599 5067
440 692
3058 5930
6067 7319
5145 7451
6072 8505
2329 4269
3975 5997
2749 5131
1320 3553
2829 3158
189 2869
3104 3104
3423 5145
2126 4985
3824 5713
3726 6060
2750 3327
788 1221
845 1926
3333 5939
4635 5066
5789 7913
403 2591
4913 7622
4340 7196
3523 5488
4845 5053
142 2181
1438 1660
5822 6467
5493 5775
3000 4141
3072 4096
1580 3406
5038 7054
3892 6075
4619 5029
2282 2536
2089 3259
4898 6643
3746 4115
1814 4441
3749 5549
4631 5159
4448 4894
5005 7782
4280 6741
754 3248
5002 4995
4148 6918
1170 3432
3417 5919
2748 5468
471 786
4061 4203
2149 3031
5882 7750
4057 6609
361 2073
2237 4838
2689 4585
2107 2207
5441 7393
964 3679
821 2493
1255 2434
5208 7641
3711 4572
1237 1960
4772 5873
5935 7569
668 727
2128 4167
3811 5263
5924 7220
676 1339
4956 7546
6089 6341
4319 6495
101 2578
3089 5903
3097 4854
4711 5865
2583 3698
2257 5017
1030 1634
1002 1282
1622 4407
3546 5147
2216 2485
2599 4960
247 1915
1928 4001
266 1751
5730 8168
4874 6629
1034 1742
1700 4285
5284 8194
415 2646
5213 6061
1142 1511
1077 1640
5499 7954
2811 2994
1789 4274
176 2633
5881 7457
2713 3529
5625 6158
5577 6212
2913 4332
4458 4412
4975 7520
1763 4661
1788 1805
4443 7256
5749 8163
469 2570
3556 4405
264 1218
6080 7512
2923 4575
4732 6130
2212 4090
2985 3907
4547 5447
806 966
3098 4253
5173 7767
3803 4079
4862 5565
4127 4066
1504 2951
5167 5083
3730 5472
3349 5932
5117 6179
81 1238
690 2100
3510 6064
1609 2818
1243 2716
1674 4299
4689 5878
2510 2476
5072 5576
5964 6600
5200 7285
4509 6960
5447 5759
4762 6915
491 1290
4024 5994
493 2474
1080 3118
5938 6315
5850 7457
1886 3806
3276 4783
2802 4712
3666 4503
2803 4625
5261 7233
245 698
1354 2799
4482 6528
4507 7132
4632 6970
897 1935
5878 6869
2198 3900
406 2911
1073 3056
1127 1258
5967 5939
1964 4368
4398 5079
3505 4965
2078 3512
402 403
5782 6126
120 1027
2854 4945
5148 5914
4355 6868
1004 3966
6084 8469
6007 6408
5829 6309
2066 2529
3262 4277
2104 5058
2108 2217
2801 4810
4070 5567
5062 6730
409 1264
4839 5376
753 3280
2826 4652
5307 7901
1220 3580
923 1728
3510 5762
6063 7405
1751 2568
1549 2602
1022 2034
5007 5388
4300 6434
2105 3525
838 1671
5383 5531
3445 6198
5133 6770
1867 4751
2797 4364
2189 4661
4431 6104
4829 4782
1794 2018
628 907
940 1950
2441 5291
2009 3026
4391 7105
1782 4699
647 2163
1012 1666
39 260
2274 2948
1828 2646
3709 4329
4419 4400
4510 5193
4728 5183
4331 4838
115 1007
802 1913
5724 6665
3676 5960
5715 7259
3372 4839
1786 1803
5622 5704
5983 7781
490 1715
2102 4938
4053 5675
3620 3728
3063 3843
921 3024
1501 1758
3381 5013
5575 7637
3108 4431
3719 6380
677 2261
4123 5043
3216 5034
1642 3911
2110 4155
848 1131
744 3536
693 2566
3223 5120
3564 6426
5963 6168
1380 2712
3085 4000
481 1016
3340 6069
2392 4968
1607 2553
3623 5382
599 1818
154 2364
5622 5930
6099 8024
217 1428
5103 5067
392 852
3185 3922
923 2876
5657 7527
182 1180
5499 7346
3571 4191
4906 5936
1625 2928
2055 2334
4492 5143
3660 4242
555 1245
599 870
2804 5418
5228 5920
5002 6451
2537 3489
1065 2917
3914 4013
2331 4482
2284 5116
1857 3755
3486 4185
5757 6460
2916 5149
4155 4655
4843 6639
5582 8008
2329 3136
5584 7846
1030 3942
5501 6605
5837 7150
5257 5881
4667 5834
20 1531
5161 6937
1152 1789
1616 3472
3059 5346
1595 2920
332 1834
263 898
970 3154
2238 2491
1128 4021
798 2600
2360 3366
1820 3236
5500 7520
4124 5180
2318 5145
3914 5817
54 506
581 933
2743 3751
1700 4176
4984 6287
822 3788
1003 1980
579 2744
899 1594
4969 5487
3353 5770
2799 3966
2029 2410
5506 7901
108 955
5832 7788
1090 3265
3767 6405
2489 4427
3831 5141
2592 5095
3678 4594
4676 5714
2016 3756
2003 2892
384 1824
2956 5250
316 2950
3805 6588
133 649
3488 6222
260 752
1027 2355
1489 4051
4440 4453
2749 3823
5479 6980
3373 4620
1226 3643
3516 3758
4996 6347
5065 6027
4522 5974
4267 5017
1911 3536
290 1594
1719 3913
2961 3763
2861 3349
1854 4314
4577 7183
2499 4729
4315 5521
5278 7872
3663 6542
5669 8028
1833 3986
2635 4722
618 1805
1266 3684
5166 6618
5041 6485
4266 6885
3841 6693
5044 7043
4881 6018
4282 4264
3406 5615
5793 7306
5902 8251
1998 4860
1912 3736
5540 6530
845 2748
580 1169
3856 6307
5972 8459
1083 1901
442 3240
365 1748
5560 6009
1086 1315
2906 3735
2119 2328
601 1921
4730 5875
3951 4659
4438 4639
5398 7166
398 2728
4016 5942
2885 3288
4297 4735
5096 5721
197 1275
1517 3006
5571 7215
4262 5798
379 780
5195 5781
2360 4436
2987 4164
5393 7976
1174 1601
4371 7193
3505 4280
5323 5686
3526 4882
3932 6291
4081 5666
2354 4399
3353 4635
2060 2132
3588 5738
1464 2291
322 1033
3233 4556
5187 7745
5226 6806
2300 3651
2725 3991
1592 2599
2190 4033
1311 3284
3994 6270
2427 4109
822 2510
1527 3141
5479 7036
1757 1913
1191 2008
3550 4798
2810 4749
2347 3264
2329 3893
4793 7134
2259 3979
4173 5749
4366 5411
2989 5194
5658 6973
977 1404
1784 2627
2457 4526
4468 7101
1879 2325
4446 6686
3331 4170
4318 5214
4980 7177
2548 4891
2307 3751
5139 6211
4270 6926
5422 5660
4946 5921
723 1312
5261 7162
1713 3559
5186 6757
6019 7954
4031 4619
5902 6864
1796 4516
5631 8205
1549 2293
2738 4369
483 3187
1203 3933
5015 6112
1463 1706
3643 4307
2534 5123
5592 6903
4451 5682
4060 5239
2382 3156
5184 8007
2170 4471
4753 5267
2809 4405
4036 4734
3889 6158
1273 2904
3692 5199
4 2049
3883 6159
4699 6199
4710 5548
4299 7201
2167 3368
4296 6074
713 880
545 1248
460 2456
4764 5252
5579 6260
3742 6650
658 3505
1258 3655
3495 4986
843 3238
2429 4847
5394 7033
1706 3368
738 754
122 833
2358 3438
5640 8435
4507 4737
3248 4287
5463 6628
952 1178
3794 3743
5845 6178
5484 7066
104 583
5943 8284
3331 3329
1477 2054
3233 5969
3903 3937
2771 5714
839 1573
4035 4814
4142 4403
1130 1202
3165 5121
3979 4619
1030 1833
1659 4177
3822 5334
1683 1857
2220 2645
3572 3690
5642 6755
3863 4804
3925 6517
4184 6979
2234 2745
4886 6621
1438 2968
1451 1440
4436 5125
4475 4955
2672 2667
4941 6817
4453 4478
1530 2739
1601 3876
788 1604
3310 3700
5212 5803
150 962
676 746
2094 3722
1046 2081
3972 5397
5219 6820
5170 6017
1668 2162
2721 5546
3227 4165
3175 3384
2556 5357
4790 7177
4617 5701
4478 6809
4145 6490
3489 5040
4813 6900
3757 4589
2492 4632
1560 1755
1105 2516
4623 7320
3597 6157
5153 6658
5386 7919
3418 4973
1308 2140
361 2776
493 2050
1291 1465
3658 5534
4615 5149
4473 5131
5830 8364
1452 3235
5829 8708
1104 3003
2850 3844
2838 4114
5157 7854
21 579
4574 5205
4877 5681
5387 7637
5819 8410
677 2549
6040 7941
660 2116
6035 6177
5241 5661
4210 6724
4370 7162
2026 2605
2585 3605
3125 3517
3334 3993
72 350
1880 3622
2765 5391
2140 2944
472 1391
380 2924
5667 6524
5700 6510
3618 4334
5964 7851
3067 4962
3374 3448
3366 3507
5376 6950
3449 4380
4376 4442
5205 5403
5155 6017
671 3202
3772 4940
3284 3370
4487 6214
2191 4387
1654 2283
3356 4671
1795 1964
2116 4974
5637 6599
2877 3714
1305 3940
669 2410
5411 6906
2540 3539
4938 6468
2289 4406
89 1469
5972 7371
2207 3711
5391 6393
6011 6158
3205 4114
5013 7202
1072 1600
5521 7859
2508 3229
856 2729
4703 5056
3878 4396
5916 8185
3842 3783
5794 7954
1437 3043
5942 6083
1360 2356
4274 6331
1245 2848
263 735
4988 7717
4859 7747
3173 4314
1504 2017
4143 5191
4716 5570
4032 3967
1055 3508
2320 3584
4657 6660
5494 8198
5669 8007
1140 3919
1617 2613
1574 2276
5233 7658
5279 7404
2072 4626
1212 1989
1063 1127
5502 6830
2494 5107
3548 6411
5472 7408
3516 4261
2081 3472
3068 5504
3722 4688
2455 3810
231 2842
3691 5949
2639 5280
4928 7606
3783 5084
5536 8292
5269 6238
2748 5629
714 3390
687 886
1437 1768
1241 2290
4158 4269
1883 4239
3034 3261
2962 4139
5018 5359
4800 6337
2510 3528
904 2472
1572 3598
345 3141
4988 5243
4358 5106
1631 1883
1723 3679
2589 3306
5138 6508
717 3402
1493 2188
2765 3676
1826 3183
4848 7075
2959 3794
2070 4443
3571 4939
1292 3162
2399 2494
3112 3773
3583 6431
4835 6773
4914 5364
3128 5143
4011 3954
880 2062
1347 1765
4621 5852
3883 3979
2097 2571
5065 5395
5556 8004
2319 4578
5451 5407
1237 3904
634 2169
2062 3455
5168 6919
1913 2649
5245 7955
3611 3755
3303 4981
1375 2649
3332 5493
5341 6758
1687 4620
1572 4164
875 3689
4527 4974
2851 4981
3652 5464
5833 7145
4806 5402
595 2416
5583 6317
5182 7506
4382 6332
2822 4411
4942 5161
3828 5988
1299 2867
4467 5883
224 1569
5889 6551
5269 7506
3341 5504
880 3239
5180 5549
349 2511
501 3065
4005 4469
5082 7674
3426 6013
3804 4775
1896 3660
5187 7126
4078 4688
4160 6266
4212 5260
3545 6411
372 1528
3057 3076
2386 3122
1613 3179
3556 4236
3802 5518
500 2664
3991 6077
5485 7598
2002 4151
1994 4160
1986 2807
1876 3935
3233 5086
4421 5447
4178 5673
1778 3057
1574 4341
4415 5770
494 1941
4362 4494
1522 1673
4394 5903
4622 4561
3620 5192
1738 2255
2837 2881
6020 7844
913 2539
4600 4683
5722 6198
61 2955
707 2523
409 2421
783 1172
4723 7366
4908 5937
4641 5274
5876 7015
6084 8015
5333 5403
2288 4652
2632 2808
538 1798
3072 5988
1380 3800
344 2744
3517 5194
2154 2866
1064 3832
4317 7133
5258 7009
3540 5295
4678 7365
5975 7781
4946 7758
2600 5417
132 943
1697 3461
3167 4282
1933 3539
2282 2975
3574 5346
3984 4655
5970 6954
1864 3694
2665 3637
2049 2227
2321 5235
5156 5230
2849 3022
5749 8011
1649 2961
5751 5847
5901 6653
1951 4178
4935 5109
192 321
3610 5958
3685 6595
4141 5483
12 2310
1024 1144
2273 2955
437 2713
4949 5706
4714 5920
1747 2190
1164 3194
2592 4669
3063 4143
94 371
4323 6663
681 1094
6001 6643
1618 2492
5324 5701
4771 6766
956 3775
3185 5592
2039 4333
708 1136
5674 5585
4280 4676
897 3141
2697 3291
3995 6913
5533 8307
1963 3841
4091 6547
425 3385
1599 4499
1942 2763
4259 5334
3055 4813
2290 3029
4101 4558
2410 4172
4068 6835
1299 3378
4203 7033
1516 3454
3000 3352
1424 1624
1884 3973
5970 6143
2152 3716
4160 6461
5714 7051
4877 6241
1266 3365
3213 3944
4762 7632
4215 4678
3443 4484
5527 8288
4362 4985
2922 4560
3759 5774
2247 3953
1358 4095
353 779
277 1115
4239 4187
4500 6150
4666 5510
2171 4550
1539 2724
254 470
3473 4801
1694 4380
3458 3660
5485 5464
910 930
1981 2852
4851 5070
2972 5728
5665 8542
4621 6278
3607 6061
1690 3361
2771 4938
4451 4759
5187 6024
454 2752
2542 2719
5713 7175
1607 2718
1716 2674
1110 3278
4845 6803
974 2805
1377 3856
1868 3876
2485 3824
5824 7911
4299 4588
3 1337
5961 7599
2416 4930
4011 5301
2284 3909
1965 1996
1377 3579
4932 5251
6088 7996
737 2273
662 3241
4749 6740
4089 5837
6094 8082
4846 7009
5540 8374
430 1023
3365 6223
1414 3795
151 995
5730 7311
489 1638
3861 5468
997 2135
5697 6741
698 1738
3865 4537
109 1614
4204 6584
504 2713
3701 6335
983 1593
5586 7573
3987 5454
6036 7236
5220 5397
5965 7803
1837 3344
2311 5243
1011 1039
3711 5350
2723 4477
3501 4629
4529 5773
2542 3831
4929 7099
3129 3622
1926 2796
1712 1957
4481 5300
4191 6510
4150 5961
5678 6746
982 3579
3287 5466
3827 6151
2893 4192
1489 4432
2521 3730
1674 2682
1027 1445
184 777
4715 5203
3769 5826
4576 7279
3276 3868
4709 6780
5311 8161
1812 1826
4382 7128
1847 3178
1667 1819
1141 3159
4180 6962
3870 4538
2148 3156
678 874
2909 3311
636 2275
3851 6267
4250 7029
65 430
1138 1857
1576 3492
944 2501
2844 5165
6057 8769
3803 5929
2863 5294
4380 4668
268 480
1808 3347
4541 7085
2076 3145
2849 5159
5012 4952
3336 4470
5387 6696
5536 7727
5530 6329
5813 6265
1292 3143
2186 4972
818 864
228 1767
1400 4041
4393 5005
2172 2515
4451 6587
2156 3332
3280 4598
298 3078
4704 6030
278 1301
3646 4915
831 2984
5909 5976
2039 3229
4624 5929
3998 4328
618 730
5576 5880
2100 4674
3502 4204
2259 3430
5228 7306
2144 3073
5453 6551
1339 2632
3385 5941
5148 7592
4459 4833
4250 5037
3056 5896
202 2670
2484 3442
2455 4242
3759 5605
4913 6442
523 2163
3125 3786
4575 5185
1948 2789
1606 2304
2486 3592
1103 2348
5779 8673
3518 3650
4201 4244
2623 5438
2685 3498
954 3264
3392 6021
416 971
4369 5301
1202 3215
5129 6008
2250 4127
4260 6076
5931 8615
4770 7643
5310 6557
327 359
6059 8841
3438 3398
145 1939
752 3195
1738 4063
5232 5292
3741 4352
2268 4584
5242 7949
1853 2294
1236 2926
3157 3864
3936 6027
4264 6763
1621 2379
5718 8210
613 642
2552 2843
2806 4842
3202 3676
3250 5009
730 1106
3682 5583
3388 5130
3325 5423
3635 5939
5775 6393
2983 3838
2129 2370
3101 5667
5045 6102
5400 7425
4084 4782
3786 4424
5682 6531
5886 7644
5673 6873
733 2168
3667 5717
3320 6081
5468 8294
2579 3474
692 1664
3975 5910
1856 3367
3596 4569
1976 4025
1020 1973
5439 5594
728 2435
2378 2802
4506 4532
4452 4613
1847 4691
1100 3931
3728 5442
1749 1953
309 1566
121 1167
4949 6890
1630 2230
726 2382
1672 2862
3178 4667
2829 2917
3645 6197
5587 7834
3205 5599
3920 4788
4371 5759
3774 6431
98 471
4959 6961
329 730
2047 3053
3571 5521
1344 1333
5952 6611
4193 5141
256 2009
2616 3217
2712 4183
5294 7240
5663 8441
1977 4752
3339 6254
2759 3740
3726 5899
4079 5012
1626 4077
523 736
434 3041
5866 6876
5393 7848
2303 3612
1466 2725
2507 2867
4313 4727
2303 3550
5275 5614
979 1004
2599 2655
4434 4510
180 2327
3889 6653
3496 6060
4909 5046
1475 3153
2404 2427
3442 5689
163 473
5396 6966
5234 7838
2262 4360
4592 4964
671 1218
5475 6155
3522 5558
792 1086
4584 6254
5960 6279
1228 3379
3094 6033
3978 4943
1394 2409
1500 2005
4949 5175
23 379
3360 4389
2340 3501
441 3187
146 470
4823 6392
1882 3212
2977 5290
1312 1561
3684 5786
5642 8133
3218 4012
1767 3603
4267 5154
5479 5821
2557 4610
258 300
2 2998
5924 6591
3437 5652
1948 4382
37 979
2691 3502
2734 2994
4577 5575
3189 5018
4196 6524
3228 4177
3291 5213
5359 6236
3068 4508
1384 1647
1064 1214
5129 6677
4512 5582
826 1292
2078 2650
1184 3472
2097 2116
5467 7367
1827 3768
4210 5259
4012 4160
4317 4404
3407 3624
2158 4595
5489 7700
3133 5932
1949 3861
5146 6527
2869 4254
1980 3213
4738 5587
2404 5340
4999 6607
2859 4115
5262 7380
4836 4779
5931 8171
4399 4839
838 3197
4798 6540
164 2227
4233 6881
4303 4238
4634 6387
2903 4184
4260 6580
1010 2451
1889 2604
5561 6100
1095 2130
2341 4037
1605 3782
3176 4296
3623 5704
4783 5741
503 701
149 376
2437 4200
4614 7242
2296 3294
3174 6107
1796 3288
4372 6994
1840 3241
880 2427
4778 6836
4505 6982
3084 4024
2128 4578
731 2250
2126 2105
4599 7107
2388 2842
5864 6070
5606 6594
4506 6236
3905 4274
2838 5390
3089 3304
30 2490
2264 3467
3962 5924
3743 6356
2872 3924
383 2569
2424 4383
5637 8317
1281 3165
1436 1854
841 3019
6002 6348
1435 3111
847 3427
1255 2476
2362 4643
1840 4293
1136 3502
2398 3841
1655 3571
3566 5900
4137 6117
1254 4024
2886 4462
484 3333
127 1909
2033 3042
4540 6388
5433 7830
439 2702
5915 7971
5320 6465
3736 5490
1322 2289
5220 7398
2731 3392
5950 8616
1831 2304
5934 6339
4224 6955
4256 6954
311 546
1451 3942
2766 3184
1704 1999
3651 6292
1934 3437
589 1404
5357 7938
1579 3151
4864 5401
1079 2650
5916 7383
1003 3231
1903 3355
3908 4868
5246 5669
3079 4661
5491 6415
3191 4569
3733 4646
2971 5091
2430 4396
2881 3262
3532 5358
1197 2711
4312 7164
2172 3084
4873 7425
3737 5115
200 326
4368 5096
1153 1921
3563 5712
17 1975
875 3464
1782 2976
5603 5846
644 2532
4492 7004
2577 4296
2941 5399
2210 4847
5004 6521
5943 5901
930 1424
4743 4738
1392 1452
1210 3264
4972 6092
3324 4449
5634 8040
1910 2876
286 501
145 1418
6095 6125
1107 2403
5249 5624
2596 3471
354 930
1624 3799
2952 5570
2277 3737
5254 6272
4752 5654
5361 5978
4000 6396
5367 6533
1466 3941
936 1485
1795 4489
4961 7453
5958 7711
3682 6534
5449 8077
2157 4837
1107 3399
2478 3762
4479 5281
5966 8649
627 1524
4167 6875
1507 4470
1264 1304
3644 5052
3043 3821
4781 6202
2859 3396
5290 7542
1509 1520
2106 4248
2383 4990
57 373
4428 6100
2606 5271
1018 3517
5485 6611
4752 6167
2571 5151
3696 5299
4031 4338
4508 5346
435 1062
3195 3940
198 548
3550 4829
86 2728
2306 4471
676 3414
1557 1691
4106 4359
5950 7818
4329 7154
695 3216
2085 4578
4317 6611
4422 5604
2374 3480
3635 4010
4661 6446
4718 6252
209 1880
2810 3078
2065 4752
5923 7670
5178 6864
2149 3875
3114 5139
3907 6368
3639 5105
4309 5822
6097 7649
4090 6002
385 1317
1898 4433
5312 6202
947 1296
5791 7711
1110 3905
5083 7864
5372 7857
87 1773
2329 5009
470 2506
2826 3675
2292 3816
5092 5906
2051 4613
4069 5628
3687 4571
2923 3751
4544 7089
2442 4069
4734 4662
1622 3068
220 2804
4162 4958
2886 4758
6036 7373
5580 6679
196 2082
2250 3164
223 761
4492 5175
1436 2896
1871 3465
4836 5102
3864 4828
6004 7275
733 976
3852 3859
2422 2782
3600 4827
518 1192
1048 2995
3667 5364
4624 5087
5554 7861
5094 6850
569 591
1975 4785
3237 5063
854 2795
1442 1969
2524 3390
1142 2169
709 3584
3893 4231
4508 7209
740 795
3173 3309
3246 6146
414 1532
2750 5446
3179 5964
3999 5244
2066 2366
5204 5707
4802 7590
4030 5988
4197 6940
5264 6822
1516 3656
1751 3760
1966 2248
3428 3399
4702 6699
479 3464
3770 5719
1455 3858
5564 7649
1644 4374
3823 6387
5840 7147
5374 5753
3304 4865
1272 3255
2572 2567
1009 3509
4586 6964
3911 5967
5091 6456
5587 5902
1742 3628
1860 3324
4315 5440
2099 2458
5422 7935
5 1736
402 1636
2509 4389
2481 5298
3107 3177
2856 3821
3932 4531
5005 5030
445 1831
5670 5664
3990 6010
2919 3199
2037 2307
2188 4444
3439 6191
5178 6137
4217 5618
688 2685
824 2894
79 978
778 911
5909 8295
3976 4941
2415 2469
1851 4705
5776 6869
1280 1886
5146 5478
3324 5426
789 1566
1264 2628
1865 4474
3691 4488
814 1125
2611 4684
1935 3331
5464 7262
1495 2423
4405 4601
3508 5743
5394 7518
4127 4338
4291 5081
939 1333
6007 8721
3554 4955
3355 4320
2269 3163
5783 6693
664 3522
186 715
4304 5890
2320 4930
413 2218
2258 4076
3265 5031
3447 3882
5935 6505
4432 6870
2508 4290
917 2438
4096 4886
503 689
5384 5898
3600 3550
4240 5809
2382 2387
2217 3870
827 2187
4191 6965
3448 3511
4649 6631
2006 2176
1463 2664
1746 3256
3778 4298
4885 7764
2557 2666
2709 4046
2141 4333
2210 2507
5835 5942
5764 5824
2375 3558
1821 2599
3946 3882
1123 2179
784 2171
17 2530
377 3116
5502 8070
2026 4778
1478 2968
3704 6408
6093 6395
1600 1885
3699 6160
3555 5615
1141 2831
1855 2870
1106 1627
1013 3689
5254 6728
1223 1403
1708 4333
1287 2973
5205 6774
1262 2444
1646 2536
1456 3829
350 1341
1278 3296
1118 3531
4719 5391
5326 7116
3715 4215
5616 5739
2264 4811
5070 7353
3374 4604
4906 5461
3603 5901
4504 6991
1941 4389
2771 5282
3053 3662
1805 2043
887 1998
803 861
3514 3466
1895 2544
740 1313
3749 5597
5688 6345
1856 1916
2446 3648
2684 3960
834 1738
288 2510
1117 2821
889 2354
1556 4311
3911 4658
4328 6166
3660 4350
930 1056
1055 2361
1281 2656
5471 8057
1037 1693
1162 3193
4718 4952
1134 1752
1900 4058
3837 3928
4650 5086
4639 7068
35 892
159 2425
51 291
355 771
2858 3422
5902 8662
3419 3481
2527 4465
4625 5875
3305 5400
4657 6461
4371 5934
845 3197
5924 8431
857 3819
4145 6044
485 797
3303 4938
4274 4213
3575 6304
2386 2440
4528 5024
58 1355
5221 5933
242 1855
1654 3530
4611 4740
197 441
3213 3417
954 2605
4769 7009
5544 8155
2553 3869
4014 6529
4307 6117
2529 2488
1567 1822
5577 7622
3871 4101
5385 7552
1863 2883
1220 3713
3955 4538
3900 6402
657 1177
2254 3611
4935 7322
2321 4432
4761 7436
1456 2358
4581 5488
2186 2993
644 2975
5914 6268
4237 6389
3166 4394
1469 2907
5192 7871
1656 4551
449 1679
4777 5776
5853 7381
1489 3405
3317 4926
5397 8136
2345 3800
4601 4905
5959 8655
1668 4345
2804 5125
3092 4709
994 3483
5765 5755
1500 3169
1643 3332
5948 7847
2481 4531
2656 3653
4643 5316
3730 6106
2542 4895
4563 4679
3065 5261
6008 6643
2122 2690
1506 1741
1975 3861
2003 3993
4536 6058
2028 2348
2051 4805
4742 7505
3317 5958
4196 6404
625 3133
5451 8181
2464 5270
719 1096
4850 7590
4750 5973
671 2449
5936 5915
5783 8635
2257 2717
3830 4316
2755 4043
4641 5685
3539 5733
1224 4002
5297 6295
5095 5838
1732 4240
2833 5367
3210 3621
4684 5308
4821 6987
3626 5140
3497 5546
637 932
3980 6481
2602 2972
2282 3314
2984 4433
1778 2908
59 647
1567 3834
5849 6408
5728 7370
5665 6642
4260 4988
4126 6792
3458 3993
5754 7099
606 2958
5457 6327
436 3210
1507 3505
168 3000
4231 5385
3204 5090
1741 4355
5168 5607
4775 7348
71 2721
2157 3819
3711 4888
3128 5668
1471 3037
600 3587
3612 4682
5888 7844
510 1908
4533 5337
401 3034
1867 2015
1039 2216
5159 7361
3550 4419
4879 6692
5136 7932
2715 4393
956 2180
1997 2383
3481 4038
3224 4545
4654 6797
1081 2743
2750 4725
1531 2170
1260 1700
1488 1603
3359 6221
5392 6176
5549 6950
503 1531
4294 5876
5383 6680
2060 2853
1267 3776
1535 2767
2492 4200
4566 6012
270 1447
4413 6471
6018 8555
1133 2907
4698 6943
5056 6385
127 357
923 1159
1596 2969
5589 7369
3919 5300
5885 8423
5269 5713
4558 5415
1293 2135
4521 7185
257 1854
2920 3704
3639 6257
80 2117
260 609
5600 7269
3684 5036
3117 5869
6026 8138
4199 4695
4893 4885
1425 1706
5598 7992
5521 6501
6041 7831
2129 2818
2141 4670
1460 2908
4316 6929
1060 2199
3282 3325
5345 5742
2746 3934
2040 3800
3197 5497
2776 5487
3251 5448
4139 6636
959 3661
471 1797
2614 4021
3979 4344
2693 3868
5583 8465
1521 1801
4103 4766
2420 4406
5418 8256
2376 3477
1786 2274
4526 4521
4871 5623
3091 5154
3859 6633
2625 3084
3056 5305
3810 5716
527 2949
3041 3266
23 2279
4276 6061
379 781
5733 6386
4464 6031
4683 5769
2269 2814
1604 3611
4727 5901
3794 4280
4836 7597
2382 4256
2374 5018
4332 4601
4212 4378
