8
El Camino Real
5
1000
750
10000
2000
1
El Camino Big Num
4
9000000000
10000000000
10000000009
1
Sweet Cherry Lane
5
1000
900
1100
9000
9100
Vanilla Avenue
7
489
265
143
135
236
52
247
Huge Blvd.
14
99999999999995
99999999999988
99999999999999
99999999999982
99999999999979
1
10000000000000
99999999999985
99999999999991
20000000000000
100
1000
4
103
Big Street
2
1
99999999999999
Park Place
9
1000
10000000
10000003
1001
10000001
10000002
1002
10000004
1010
J Random Avenue
6
214368
394818
620969
668315
615289
81497
