4000 100
52 3220
31 3266
3 3549
94 1167
87 565
48 3909
45 198
18 2115
85 165
32 1436
86 2202
30 518
30 176
40 710
12 189
30 3466
49 76
69 1668
35 2257
56 176
63 3523
22 2191
16 124
57 2175
7 606
91 241
38 360
5 3362
72 783
6 2349
32 3865
20 1413
100 1186
95 3019
68 3847
91 1531
100 2539
52 839
66 3188
71 576
91 444
64 3704
4 1699
36 815
55 3991
9 3006
10 2413
13 2038
9 775
60 2512
94 2927
55 2968
87 874
65 827
54 2516
56 478
33 1471
63 3586
79 603
18 3715
11 1611
52 2257
45 3557
3 3630
13 2631
28 1087
6 2722
19 1705
16 356
55 3615
40 2194
100 1520
49 2322
5 1231
26 1271
47 934
37 2833
82 585
84 800
100 3837
61 1284
90 2209
78 3142
18 2892
94 300
67 3662
87 3966
93 2696
69 2759
2 1102
31 2567
26 1841
93 219
24 3401
32 137
28 1065
81 924
65 2407
73 3100
95 2750
