30000 5000
17401 24301
16201 29701
27901 26701
19201 13501
14701 24601
601 16801
17701 21901
11701 27301
24301 29401
9901 11401
23401 3001
14401 7501
1501 1501
21301 16201
23701 20101
23701 17101
18601 9901
17401 18001
27601 15901
19501 13201
9301 21301
17401 26401
3001 29401
16201 10501
10501 2701
3901 21601
11101 24901
6301 19501
10501 21601
901 901
301 17401
15901 9301
14701 4501
20101 2701
8401 10201
27301 13801
4501 10801
21901 1
8101 27001
15901 28501
20101 5101
11701 2701
17101 8401
18601 5101
21301 6001
7501 15301
24901 5401
26401 17401
27901 2101
19801 23701
15601 16801
26101 21901
23401 21601
4801 25201
10801 19501
9901 25501
5101 21601
17701 25801
21001 10801
24301 19801
601 5701
13201 3001
3001 11101
16201 26401
24001 25501
25501 13201
28201 21001
27301 24601
16201 19801
21301 3001
14101 18601
8101 22801
4201 6901
13501 23401
4501 3001
13801 14401
10801 29101
10801 4501
27301 11701
1501 12301
27001 18001
12901 18601
6601 17401
24001 25201
18301 18601
27901 21301
28201 13501
25501 24001
28201 9901
19801 23401
16201 26101
601 19201
7801 28801
24601 16501
27901 15901
901 11701
24301 7501
7801 29701
21601 13801
26701 12901
23701 6901
18001 13501
22201 23401
10501 13201
3301 19501
26401 23101
3901 29701
10801 15601
29701 9901
901 27601
19801 22801
15901 2101
19801 12001
11401 20401
3901 301
7501 29101
17101 6901
5401 15901
25201 15301
3301 3301
16201 27301
23101 19801
26701 21301
901 24601
17401 19201
15301 10201
6601 24301
20401 6301
10501 7801
19201 11101
21901 27901
12601 13501
11401 7801
22201 9001
1 1201
21601 24001
24601 28201
17101 21001
18601 10801
21601 26701
26101 15601
1801 4801
7201 4201
11401 24601
21001 1201
20701 3001
29401 16801
6301 9601
12601 1201
25801 21901
15901 7501
3601 26101
6301 24301
24601 27901
25501 21001
7501 5401
5401 21601
20401 8101
23701 901
17701 17401
8101 20101
22501 13201
21601 10801
17401 29101
20101 21601
9901 26401
17701 24301
24001 15301
21001 27001
27001 27301
3301 2701
27901 29701
4801 6901
3901 21301
19801 301
11701 8101
16801 17701
14401 7801
7501 16501
27301 12001
25501 1201
24301 29101
14701 12001
11701 28201
8101 22201
28201 28801
6001 21001
4801 16501
10501 15601
18601 7801
1 15601
1801 24001
24901 15901
9001 6001
22801 18901
6001 29101
13801 26101
9901 13201
24301 26401
3601 6601
6601 1201
2101 25501
28501 901
8701 6001
5701 301
13501 21301
28201 6901
4801 29401
27301 8701
1501 23401
1501 25201
19201 5401
19201 21001
6601 3601
7801 5701
26701 27601
8101 15301
27301 26701
9601 10201
6601 28201
25201 23701
11401 26401
7201 28801
23101 5101
6301 22201
22801 9601
16501 23401
6901 24001
9001 25201
21001 1501
601 16501
8701 4501
2101 21301
8401 25501
1201 22801
24901 20101
1501 13801
16501 18001
9301 9601
19201 9001
29401 18601
22501 8101
301 25201
24601 9901
9601 10801
24601 11401
5101 20401
22501 16501
13801 26701
20101 18901
27901 27601
28201 28201
1201 10501
2101 9901
18901 15301
8101 12901
23401 17101
24001 20101
13801 24601
11401 6901
16501 301
301 17701
18601 18001
27001 11101
2701 12601
14701 24901
3601 601
18901 20401
23101 301
9001 16201
19501 1201
29401 601
8401 11701
21301 7201
3301 6001
12901 19501
10201 13501
12901 21601
19501 20101
17701 7201
29701 15001
24301 19501
22201 6001
27001 6901
23701 15901
13201 1
27301 3301
9601 24301
3601 21301
18001 1801
1201 11701
8701 24001
24301 3301
6901 20101
2701 7501
6301 4501
15601 5701
8101 18601
12001 11401
14101 7801
3901 23701
29401 17701
9001 3901
4501 13501
1801 13501
11101 6001
5101 20101
23701 6001
1201 20401
18901 4801
28201 15001
28801 5701
6301 1201
12901 27001
1201 13201
17101 9001
8701 11101
27901 6901
25201 22201
11701 6901
18901 12301
29701 1
14401 27901
9301 8101
3001 3601
2401 19201
23401 7201
11401 3301
29401 29401
15901 15601
8701 10201
21901 4501
24001 21301
24301 23701
1501 16201
11701 5401
27901 4201
1 20701
16801 29701
7201 3301
2701 11701
23401 20101
18301 4501
5101 18001
9001 5701
5401 14101
15601 13201
3001 8401
27601 27901
10501 1201
26701 7501
15601 22501
1201 20701
23701 27001
26401 22801
901 26401
2401 601
15301 28201
18901 5401
14101 20401
19501 7501
18001 7801
9901 18001
12001 12901
10201 22501
23101 16801
1801 21301
2401 20701
11701 6001
28501 4501
26701 15301
24001 28201
19201 11401
8101 27301
28801 23101
1 9601
5101 15901
5401 13501
901 25501
21601 601
18901 9001
1201 4801
16501 19801
22201 17401
19501 3601
28201 20101
21001 17401
5101 12301
23701 10201
15601 14701
24301 9001
6301 11701
11101 26401
15301 19201
4801 23401
23401 4501
16201 4201
29101 17701
14701 22201
14401 20701
16201 14701
28801 10501
12901 22801
7201 14701
25201 14701
10201 9301
21301 15601
2701 20401
23401 27901
3901 25801
20101 18601
16201 25201
9301 4801
3301 14401
11401 22801
20101 7201
18901 28501
26401 5701
18301 27001
13801 18001
27901 14701
17701 25501
28501 8401
24901 25801
12001 9901
16501 4501
4201 8401
2701 6001
2701 3301
6301 4801
24301 16201
18601 4201
20701 11101
15001 21601
4801 17701
5401 601
2401 2401
27601 2701
6301 6001
10501 23401
24901 11401
6601 10801
6901 28801
26101 23101
1 27901
4801 19501
29701 27601
4201 6601
27301 6001
23701 301
25801 27001
17401 27301
29101 13501
29701 19201
5101 8701
11701 6301
19801 6601
11101 18001
8101 2701
11101 29101
17101 27601
18001 28501
2701 18901
12901 1501
2101 25801
26701 21601
9001 13201
5101 23101
4501 14101
24301 1201
8401 11401
20401 7801
7501 21901
5701 9601
21001 9901
4501 12901
24901 26401
14701 26701
18901 20101
14101 3601
2101 2401
601 7801
22801 11101
12601 901
22501 18901
18001 3901
25801 8701
21301 12901
9601 10501
29101 6301
3001 18601
24901 15601
5701 13501
27601 26701
20101 11401
18901 5701
24301 15001
27601 16801
20101 1501
22501 21301
601 12001
28801 5401
16201 1501
2401 18901
28801 27001
16501 21601
14101 12301
17401 8701
23401 15901
3901 1801
2701 1501
22801 15601
27601 12601
17701 21301
901 28201
13501 2101
1 28501
19201 3901
11701 20401
11101 7501
16201 3301
22201 1201
3001 20701
22801 5701
27001 17401
2101 11101
14101 8101
27001 28201
5101 1
26701 6601
18001 1201
1201 9001
21601 7201
19801 13201
11401 27901
14401 15001
20701 29701
11101 4501
2701 27001
19801 4801
6001 8101
27001 5701
4201 13201
9601 301
4201 19801
7201 9901
12301 18901
6901 8701
21601 26401
12901 20701
7201 14401
18001 21601
901 13801
1201 2101
20701 22201
19201 6601
3901 9001
2701 2401
17101 21901
28501 15901
25501 23401
18301 7201
27001 22501
11401 19201
20701 7501
6901 8401
6901 15301
5701 18901
12001 27001
18601 9001
3601 4501
17701 13501
7501 18601
901 7201
9601 6001
26101 15301
22201 7501
27601 7201
13801 13801
8101 6301
27001 20101
901 9601
9001 22501
21601 16801
9301 25801
5401 4201
15901 1201
18901 13201
3601 20401
27901 4501
14101 27901
14701 1501
29401 19201
22501 901
26401 27301
10801 11101
26701 10201
22201 23701
16801 6001
11401 8401
15301 11401
14101 21001
13501 24301
19501 22501
8401 24001
20701 6901
25201 18601
19801 3301
18601 8401
3001 21301
27601 9601
12601 1501
9301 21001
23401 8701
14101 13801
29401 9301
19201 12001
13801 12901
26101 17701
11701 7201
25801 27301
12301 25501
19801 5701
23101 2401
20401 17101
5701 12001
27601 13801
29401 11101
24301 5701
11401 24301
25501 10801
28201 21301
16801 21301
20401 13801
15601 20401
22201 13201
21301 6601
13501 6001
20401 7501
2401 3601
5401 27601
18901 29401
26401 9601
6001 29701
1201 13801
12301 18001
7201 1
14101 12901
27001 15601
16201 18301
1501 16501
12301 13201
18301 601
24601 20401
19501 10501
4801 11701
17401 20701
11101 12901
3601 10501
4201 1801
12601 25801
3601 24001
13201 12301
15601 6001
6001 10501
14701 9601
25501 7501
26401 4501
14101 901
5101 29101
8101 20701
26101 16201
15601 10201
25501 20401
17701 10801
22201 2101
4201 14701
27001 13501
13801 9001
26101 27901
4501 17401
16201 24601
24601 15001
12601 8101
25801 3601
5701 9001
16501 2101
29401 5401
4801 29101
15001 1201
8701 22501
3001 12301
25801 1501
1201 23401
23401 22201
10201 14701
4201 24901
8401 14701
21301 1801
15601 2101
25501 16801
11701 12001
6301 18601
20101 301
15301 13501
23701 25201
15901 17401
12301 9601
24301 27001
28501 21601
24901 18901
11701 28501
27601 6301
1801 24901
1201 3901
21001 23701
21001 21301
8101 16201
3001 10501
20701 11701
2701 24901
17701 601
20701 2101
1 12901
9001 14401
18901 23701
21301 24901
7201 22501
21601 29701
24901 3301
6001 17701
24001 29101
4801 29701
12901 22201
13201 8101
21001 8101
8101 12601
18001 8701
25501 17701
3601 22801
16201 12301
17401 4201
17101 6301
8101 901
22801 2401
15001 4501
24001 6901
1 19501
9601 27901
21901 27001
25501 26101
22801 22801
20701 25201
14401 3301
21301 12601
21901 7501
10501 21001
25501 24601
13501 21601
23401 25501
8101 7201
19801 10801
24601 13801
23401 10201
1 20101
10801 27301
10201 17101
4801 1
24601 23701
22201 4501
24001 15601
19501 29701
2101 21001
26101 901
22201 12901
17701 23101
901 4501
12001 19801
24901 301
7201 601
22801 29701
18301 26101
3301 20401
18001 27301
11101 16801
1201 21301
20401 15901
12001 28801
901 8101
9901 2401
19201 7201
6901 1501
5401 24901
20701 16501
6601 11401
18901 18001
3301 25201
24001 8401
8101 24301
8701 9301
6901 21601
27301 7201
22501 22801
20401 22201
15301 19801
20701 17701
11701 11701
14401 3001
23101 3301
3601 11401
11101 6301
22501 18301
21901 6601
16201 25801
4801 14401
13501 4501
25801 13801
18001 3001
12301 24601
22201 27001
17701 16801
25201 14401
23101 2701
20401 4501
11701 9001
5701 20701
20401 27301
13201 11701
901 15301
27901 23101
5701 3901
24901 13501
22801 11401
14401 1201
9301 5101
16201 18601
4501 27301
27601 28501
23701 8101
13801 6001
8101 29101
9901 4201
6001 17101
16801 7801
2701 12001
24001 13201
8401 901
3301 21901
17401 10501
28801 18601
13801 22501
24001 3001
9601 20701
1801 9001
22201 22501
21601 27901
21001 22501
3901 24001
18901 14101
24001 23101
20401 2101
3301 29101
13201 29701
11101 24601
27901 15601
12601 12001
18601 29101
18601 2701
27601 11101
25201 3601
14101 1501
9901 10501
17701 22501
9301 3601
13501 10501
3001 25201
901 3001
18901 10801
9601 19801
16501 29101
2701 14101
29401 27301
25201 27601
29401 25201
3001 14401
21601 4501
20101 4801
28201 24601
21301 7501
2401 24301
4801 17101
901 6001
19201 1501
13501 24601
22801 6901
12601 24601
2101 28501
18301 7501
24301 301
12001 10201
7801 10501
27601 16501
19801 10201
9001 13801
28201 1801
16801 22501
27001 8401
17701 14401
25801 13201
25201 11701
9901 4801
29701 9601
1801 2401
1501 17401
18601 2401
27901 12001
901 601
24001 10501
4201 901
18301 15601
18001 28201
25201 19801
25201 9301
7201 16801
20701 25501
17101 13801
25501 6601
18901 8101
25501 12001
27901 21901
901 23701
2101 29101
13501 12001
8401 22501
7801 13501
901 301
19501 7201
15601 2701
21001 27601
5101 6901
21301 15901
2701 24001
8701 1
13501 11401
15301 28801
3301 21301
11101 5701
4801 3901
4501 26101
16801 2401
17401 20101
9301 28801
8401 12301
19501 301
8101 21001
5701 22501
22801 6001
22801 16501
8701 15601
29701 6901
15901 301
6001 19201
9601 17101
21901 18901
26101 27301
5101 19201
27001 15901
28201 27001
23101 22801
28801 25201
29701 25201
3601 24901
1501 11401
18301 3301
5701 4801
23101 15601
28201 14401
5101 22201
18001 601
301 9301
26401 17101
25201 5101
26101 21601
16801 14701
27601 29101
13201 3601
2401 27901
28801 5101
21601 6301
601 29701
13201 26701
20401 11401
8701 29701
7201 10201
1501 14101
12301 15301
9001 18301
18301 6901
13801 27601
11401 18901
15901 16501
15901 23101
601 15901
24901 10201
7501 6601
15301 23101
21901 2401
26101 23401
4501 24301
15001 12001
21301 6901
10201 3001
1 27001
3301 19801
6001 24301
27901 901
2101 16501
22801 22201
3601 15001
14401 1801
25501 29101
301 6301
29101 23701
11101 15301
21901 25501
15901 1
29701 1201
23101 12301
3001 5401
25501 9601
24901 1801
3601 12001
8701 26701
9901 19201
27301 16801
11401 2701
19501 17401
4201 21001
10501 23101
3001 5101
20701 3601
20401 18901
15301 10801
11101 19801
2701 19201
27901 25801
10201 19201
6301 6901
9901 13801
21901 5701
14101 21301
4201 28201
14401 29101
1201 22201
17101 16201
29401 1201
1501 19501
22801 5401
13501 12901
19201 601
21001 20101
22201 24901
21301 29401
16501 26401
25501 25801
28201 12001
25501 10201
28801 8401
16201 22801
22801 6601
22801 20701
25801 24601
26401 14401
10501 26701
21901 12001
17101 3601
27601 23101
7201 22201
18601 11701
4501 14401
9301 7801
6001 26101
9601 1501
27901 15001
2101 7801
22201 3901
10801 7201
24901 28201
7801 29401
29701 24901
26101 24601
18601 27601
12001 2401
2101 26101
6601 22201
21901 15601
8401 21601
20101 28201
18901 7801
6601 9301
19801 29701
13801 11101
26401 14101
17701 12301
26401 25801
1501 22801
6301 24001
7201 16201
24301 8101
17401 601
22501 12901
8401 16801
24001 5701
27301 21601
9601 24001
5701 6301
19801 6301
26701 23701
29401 18301
17401 24001
29701 25501
6601 26401
3001 1
12301 8701
301 16801
901 22801
7201 13801
18601 6601
20401 3001
21901 19501
9001 9901
22501 12601
10801 10801
10501 14101
15301 12001
23701 28501
19801 19501
18001 901
12901 23101
10501 16801
10501 27901
12901 11101
23701 2401
16501 13501
5401 7201
27301 27301
21001 18001
17401 16501
18901 24901
2701 13501
2401 10201
29401 25801
22201 15001
24601 28801
27301 6301
20701 26401
4201 2101
14101 14401
20401 2701
25201 10201
11101 1201
29701 1801
29701 29701
3301 6901
23701 16501
1801 13201
24001 4501
14101 19201
19801 27301
3001 3301
18001 15901
27901 19801
10501 25501
7501 14101
12001 22801
11701 12601
4201 17401
21901 28201
1801 22201
15901 13501
14401 26701
12301 20101
17401 14701
1801 17101
9301 9901
4201 18601
8101 9901
8101 2101
9301 10201
27001 26101
22501 25501
16201 3601
14401 301
23701 18601
301 2701
6001 18601
14101 9901
1501 11701
14401 26101
3901 12601
7501 28201
14101 25201
20101 9301
17401 14401
7201 24901
6601 4801
23401 3601
11101 20101
17701 24001
27901 29401
15601 9301
27301 19201
20701 9601
12001 901
22201 901
9301 27901
5101 601
28501 27301
6301 3901
23101 21301
901 15601
23101 6301
10501 21901
16501 13201
15301 29701
6001 6001
7501 20401
27601 9301
19201 7801
11701 17701
26701 4201
11701 9901
29401 6601
601 22201
4801 28201
16201 2101
15001 14101
24301 8401
9601 8101
13801 1801
15901 24901
26101 1201
17401 15601
23401 24601
18301 23701
21001 10501
3001 11401
11101 2701
28801 18301
26401 26401
18901 18601
21001 26701
9601 23401
26701 24301
25201 16801
301 17101
2401 17101
25801 18001
16201 20701
3301 1
20401 15601
20101 17101
22501 19801
11101 901
1201 15901
27601 1501
18901 4201
19201 12301
15901 11701
18901 3901
5701 1201
13501 7201
19201 7501
10501 3001
9901 17101
20701 19801
901 12601
19501 24601
6601 22801
5401 20401
24301 13201
29701 15901
601 20101
7201 15301
8701 2101
25501 4801
3001 13201
22501 9301
21301 23101
23701 14101
16501 1501
6001 301
21301 19801
14101 26101
20101 6601
26101 4501
14101 13201
24301 23401
23401 27001
19801 28501
5101 5101
10501 11101
9001 20101
23101 5701
17401 11401
2401 7201
22201 8401
26101 24301
1801 16801
15001 18601
12301 6001
19801 9601
601 9901
10801 6001
21601 19201
16801 29101
19801 21601
3901 12301
2701 5101
27901 8701
20701 15901
23101 7801
2401 301
10501 9301
27601 19501
9001 10501
22801 3601
13801 27001
21301 4501
6901 6001
21301 5101
21601 15301
16801 14101
26701 12601
19501 24301
12601 2101
18601 13201
26701 24001
16801 2101
20401 1801
901 12301
7801 26401
20401 23401
13801 18601
9301 24001
3901 25501
10501 24301
24601 29701
6601 27601
6901 22501
12601 5101
22501 13501
28501 21301
24601 6301
29101 2401
14701 25501
15001 8101
10801 24301
8701 11401
18301 18901
601 20701
21001 4201
21601 28801
18301 8101
21601 18901
21301 19501
6301 13201
27601 27001
3301 29401
29701 15601
16501 20401
22201 26401
19501 16501
22801 24301
16201 13801
16801 11401
3301 23401
28501 20101
22801 14101
8701 25801
3901 8101
22501 15601
27301 7501
21301 5401
27301 3601
20701 19501
19201 15001
1801 23401
11401 21001
29101 6001
10501 19801
26101 7801
10801 3601
4201 1
2401 6601
15601 4801
11701 18601
21001 12301
601 9301
28501 9601
21301 901
19201 4501
20401 13501
27601 20101
23101 6001
7501 17701
20401 25201
7201 9601
22801 20101
19501 601
21001 21601
5701 3301
28501 14401
8401 10501
22801 28801
1801 22801
20101 24301
4201 24301
18601 27301
15001 26101
8701 8701
3901 15901
9001 10801
11101 15901
601 12901
22201 8101
5701 10801
29701 24601
5101 9001
22801 23701
24001 27601
17701 26701
24001 14401
21601 16201
20401 12601
15001 25801
29401 20701
18901 21901
2401 4201
1201 24901
3001 27001
2101 5701
17401 4801
1 28801
10501 6301
2101 20401
27301 14701
26101 22501
27601 17401
24301 27901
1 11701
19801 17101
24601 8701
27001 20401
22501 25201
13201 17101
8401 1501
19201 29401
11701 26701
21001 12001
16501 5101
17101 24001
27301 25501
8101 23401
10501 25801
24601 17401
12301 19501
8101 9301
26401 10501
7201 26701
28501 14101
19201 21901
10201 901
1 3601
12001 7201
3001 20401
13501 29101
8401 15301
7501 24001
25501 15301
20401 17401
9001 19801
6601 28501
27901 9901
9601 21301
12901 3901
8101 5701
14101 29101
12001 21901
1501 3301
27901 28201
19501 23101
22501 301
28501 18601
22501 26401
16201 15301
20701 11401
12901 2701
12001 28501
19501 9301
9601 25801
5401 27301
4501 12301
2701 18601
6901 5101
15601 15901
7801 1
21001 29401
14401 901
26101 19201
21901 9901
16801 19501
16801 18601
25801 24301
11101 4801
3301 23101
15901 19801
9301 23401
12601 11701
13501 15301
17401 25801
24901 9301
24301 9901
24901 25501
21301 14701
7801 6301
20101 23401
26701 5701
20101 7801
23101 1
6901 18001
21601 19501
24001 13501
601 28501
9301 16201
6301 20101
14701 19501
2401 5701
16501 601
10201 19801
15901 3901
9301 6601
16801 10801
1201 3001
5401 23401
3901 9301
5101 19801
3001 12901
24001 301
10201 16501
9601 9601
25801 22801
9301 27601
23101 23401
3901 4501
14401 21601
5101 1201
21601 24901
9001 11101
23401 9901
1 4801
23701 17701
3301 26701
27301 18601
26401 11701
23401 12001
3901 1201
25201 15001
25201 18001
25501 7201
14101 2701
20401 13201
15301 9601
7201 8401
27301 3901
4501 26401
27001 3601
8401 21001
19501 7801
15901 20101
9001 20401
27301 17701
4801 20701
5401 28801
14701 5701
9301 28501
22201 21901
13801 15001
12901 11701
17101 1201
2701 4801
23701 8701
5101 23401
4501 29101
3601 14101
16501 12301
27901 16201
1 24901
26101 20101
3301 11101
29401 25501
12301 18601
23401 6001
20101 19201
28801 3901
5101 24301
18601 19501
16801 3601
2401 25201
1 21901
21001 12901
26701 25201
10501 19501
4501 18601
1501 2701
27301 6901
19801 27001
15301 18001
6301 12001
5101 9301
3001 6901
1 6301
7501 17401
14701 18001
21601 4801
12601 9301
901 22501
1 6901
25801 2101
27001 1
18601 24901
1201 14101
5401 301
9601 29101
16501 10501
23101 7501
6301 29401
22801 13801
9901 5101
23401 23101
8701 6301
25801 12001
5401 25801
8401 21901
7501 1501
18301 6601
9001 18901
15001 29701
10501 1
2401 22501
3601 28501
4501 13801
2101 901
26101 28501
9001 11401
21301 16501
15901 8101
15901 3601
27901 23701
25501 16501
6301 22801
22501 6301
5101 7801
4801 6601
26401 13801
24301 25201
1201 18901
8401 601
21901 21601
5701 28801
7801 23701
17701 1801
18001 14101
19201 23701
13801 8101
3301 6301
10201 10201
3601 901
18001 16201
23701 12601
8401 17101
14101 27001
8701 6601
1201 24301
29701 22801
24601 3001
8401 7801
19501 19501
10801 11401
25501 17101
7201 28201
15301 9901
26401 7801
11701 21001
14101 11101
3301 9301
5401 5701
13201 25801
29401 27001
24001 9601
7201 4501
27601 6001
2401 1201
17401 24901
19501 6001
5401 22801
29101 27301
17401 7201
22201 23101
15601 6301
21901 6901
24601 14101
8701 19501
23101 21601
8401 18901
9601 13801
23701 10801
6001 27301
24901 26701
29401 6001
8701 4801
20101 21901
18001 8101
19801 26101
19801 10501
3901 27301
10201 22201
20701 6601
19201 26701
14401 2401
2401 25501
26701 3301
29401 21001
29401 29101
27601 11401
12301 7501
20401 8401
13801 21301
7201 19201
27301 26101
27001 601
29101 21001
20101 15901
21901 27301
23101 4501
7201 5101
11401 6601
23101 23701
21601 14401
24901 20701
26101 2701
18301 23401
29701 24001
27901 5401
14101 7501
12901 21001
26701 25801
24301 23101
601 23401
27301 5401
16201 29401
5101 17401
5701 15301
20401 3901
25801 10801
29401 21301
27901 14101
16801 12901
12901 2101
21601 24301
21601 6601
15301 3601
26401 10801
26701 21901
7201 7501
22801 22501
9601 16201
25801 20101
7501 7801
19501 28501
4501 18901
2701 22201
9601 18301
7801 5401
18601 10501
25801 9901
5701 2401
11401 26101
20701 20401
601 12601
3301 8401
28201 3301
1 11401
12301 23401
9001 27601
21601 28501
4801 15901
22501 7801
16201 901
1201 7801
29401 18001
27301 27601
301 21901
17101 12001
13801 9601
17101 15301
24901 12901
14701 15301
11401 17101
13801 16201
2401 3001
10501 8101
3001 27601
901 28501
9601 2401
18601 28201
24301 7201
21601 12601
13201 9001
19501 8101
23401 17701
22501 27301
20701 12901
17101 22201
601 1501
17101 24301
1501 24601
12601 3901
16801 23401
24301 20701
21001 14101
23101 21901
12901 19201
2701 26101
25801 28501
301 22501
25801 29701
13201 4801
15301 14401
29701 301
16501 25501
24301 7801
301 26401
1501 7201
1 5101
27001 17101
22201 21001
3001 15001
9001 13501
9001 24601
25801 19501
24001 12901
28201 12901
2401 10801
9601 20401
21001 29701
9301 301
8701 15901
24901 4501
22201 25501
24601 22501
3601 24301
5101 901
9601 23101
18901 15001
15901 3301
3601 18001
12301 7201
7801 2101
5101 11401
18001 25201
27001 24901
15301 18301
20101 10201
23101 14701
15301 7201
27001 18901
21001 14401
1501 4501
12001 23401
16801 19201
19201 3001
7501 301
8101 28501
20401 10201
19201 301
16801 4201
13201 7501
2101 27001
7801 15001
11101 27601
1201 29401
21601 1501
19201 8701
301 20701
25801 2701
18901 6601
29401 16501
17701 23701
6001 601
29701 20701
8401 17401
22501 2101
19501 1
1201 2401
27001 1201
26101 20401
2701 19501
1501 3001
26401 25501
15001 17401
18001 12301
28801 18001
8701 5701
2701 15601
23401 13201
23701 11701
16801 6301
7201 9001
26701 26101
301 10201
21901 601
9901 29101
24601 4501
15001 3301
24901 2101
24001 28501
19801 25801
1801 10801
1201 26401
1501 29101
26701 7801
29101 25501
3301 8701
6901 27001
14401 4801
18001 6001
23101 6601
10801 21901
6001 26401
1201 29701
10801 26701
5101 22501
18901 25501
2101 12301
21001 19801
15601 601
12001 11101
4501 6301
9901 21001
26701 24601
17701 19201
22201 6901
6301 6601
7201 29701
13801 6901
28801 6001
14701 19201
11401 15901
8701 1801
13501 5701
20401 29101
17101 29101
1501 19201
17701 4801
24901 24001
26101 11101
22801 15001
2101 13501
18901 15601
17101 3901
27601 1
28801 29101
1801 15901
22801 10201
8101 4501
27301 13201
19801 3001
11401 29101
9001 4801
20401 4801
8401 26101
28201 18901
8401 28201
28501 12301
3601 3601
601 22801
25801 7201
13501 29701
15601 2401
17101 27901
17101 25201
5701 13201
7201 27301
13501 17701
26101 13501
15601 25201
18001 10501
29101 1201
17101 5401
26101 2401
11101 18601
10201 23101
6301 21601
18301 22201
3001 4501
25501 28201
27601 14401
27901 18901
28801 4201
1801 19201
27901 5101
21601 19801
11401 26701
20101 14101
4201 16201
28801 26701
15001 11101
14701 5101
18901 301
6301 21301
6001 6601
12001 15301
6901 13801
5701 17401
12601 23401
5101 15301
1 25801
12901 5401
24001 21001
20701 24901
29101 13201
5101 10201
19501 15601
22801 7501
12301 27001
26401 3001
14401 9901
27901 601
9301 2101
19501 28801
10801 28201
29401 12901
23701 12301
28801 12301
20101 16201
20401 23101
1 9301
13501 28201
6601 10201
17701 9001
11401 17401
22801 27901
18301 4201
16201 1801
17701 6001
18301 23101
3001 7801
24001 17401
17701 15601
22501 5401
2701 4501
11101 21001
1 26101
18901 18301
1 10201
25801 301
7801 14701
22201 21301
16801 6901
22801 21601
601 21901
3901 20701
25501 2401
28501 5401
12601 15601
2401 14101
28201 8101
28501 25501
12601 11401
15901 24601
7801 12601
8401 3901
18001 7201
5401 9301
27601 13501
10801 14101
6001 1
24601 17701
18901 12001
12301 27601
7201 22801
21901 8701
22801 10501
4801 25801
8101 20401
28201 24901
18601 13801
25501 4501
22201 2701
21901 9301
5401 3601
3901 5101
18901 22501
27901 9301
13801 9301
7501 4201
17701 28201
13801 28201
24601 7201
19801 21901
4801 10201
26401 5101
26401 19801
24301 14401
24601 26401
16801 22801
27601 3601
3301 10201
20701 20101
3301 15001
24901 1
22201 7201
23401 12301
4501 16201
23401 26701
3001 17701
10201 12901
4801 15001
4501 11101
24601 11701
3301 22201
16501 6301
27301 17401
21001 2401
22201 3001
4801 8701
601 4801
18901 25801
15901 5101
15601 18601
25801 12601
23401 3301
2101 16201
1501 28201
22801 18001
25201 28801
7801 24601
28501 3901
28501 11401
15901 16801
29101 11101
10501 10801
9301 6901
15001 6001
4501 1501
12301 27301
10801 16801
26701 23101
26101 10501
24301 3901
29401 19501
23401 8101
11101 601
8701 23701
7801 15301
14101 14701
18001 18301
12001 21301
11701 1801
21301 15301
13501 10801
2101 26401
23101 11701
29101 5101
27301 24001
2701 10201
10501 4501
5401 5401
20701 18301
2101 29401
29401 11401
3901 6001
901 1801
9901 20701
22501 16201
17401 28501
4201 3601
7201 18001
6301 27001
7801 901
29401 15601
19801 19201
1501 4801
17701 24901
5701 17101
16501 21001
7801 6901
9901 26101
10801 13501
10501 14701
21001 4501
9901 22501
23401 28201
18901 12601
3601 14401
601 29401
11701 18001
7501 1
25201 601
15901 5701
23701 19801
29701 4801
13501 3301
24601 26701
21001 24301
20101 5701
22201 27601
24601 23401
18901 14401
24301 1
26401 8401
1501 25501
17401 901
21001 6901
11701 18301
26401 14701
20401 27601
12001 25201
2701 6901
25501 19801
12001 9001
13501 25501
18601 18601
12001 12001
24001 11101
6901 14701
28501 23101
301 12601
20401 19501
14401 24901
22801 17101
2701 15901
28801 26401
21901 23701
27601 15301
21001 18901
7201 6901
26701 6901
21901 29701
24901 16801
24901 21601
301 12301
6001 1501
19801 14701
12601 29101
2101 27301
9601 25501
25801 8401
2101 5401
20701 29101
20401 10801
15601 14401
12301 21001
4201 12601
14401 22501
29101 16201
4501 11401
13501 9001
10501 10501
21001 28201
4801 7501
15001 301
7201 11101
11701 26101
20401 26701
1801 20401
12301 4801
14701 6601
3601 29101
11401 4801
24901 29401
15601 1201
24901 29101
26101 2101
21901 15301
16801 3001
4201 9601
2701 11101
1801 2701
13501 11701
14101 10201
3001 17101
21901 11101
25801 5701
10501 9001
22801 12301
23401 4201
16201 21601
26701 15001
2401 9901
23701 14701
18001 2101
6901 17701
1501 7501
27301 17101
1501 301
10801 9301
16801 29401
25201 6001
12001 18001
9301 24901
10201 18901
17101 13201
18601 21601
601 12301
17101 29701
25201 20101
27601 16201
10801 14701
9301 23101
22201 10201
24601 24901
9601 9001
10801 3901
21601 17401
29401 22801
6601 24001
13801 17101
27601 25501
9001 23101
9901 12301
26401 15601
27301 19801
7501 27301
601 7201
10801 19201
7501 22501
5101 13801
25801 19801
22801 301
27001 21601
24601 1
4501 22801
3601 27901
18901 10201
8701 24301
14101 22201
14701 20101
1 17101
8401 29101
16801 20701
6901 9001
22501 29401
8401 24601
11401 14101
29401 15001
7501 8101
28201 27901
24301 22501
27901 1201
28201 14101
27901 13201
9301 13801
8101 13501
22801 19501
24901 17401
16201 9901
15601 4501
8701 23101
29401 22501
17701 8101
7801 6001
11701 21901
20701 13201
18001 6301
14401 14101
25201 10801
23401 18901
10801 2101
29401 29701
27901 22801
19501 25201
26401 27901
15901 12601
2401 29101
601 13201
26101 21301
23101 19201
3301 25501
26701 10501
27901 17401
24301 2401
5101 5401
22801 28201
22801 901
29701 9301
26701 4801
11701 3001
11101 3901
23401 10801
28501 11701
9301 18001
6901 1
14701 17701
18001 27001
1201 21601
12601 12601
27601 7501
3601 15901
24901 29701
4801 26401
24001 601
29401 3601
29701 15301
14701 13201
2401 9301
22501 24001
12901 27901
7501 7201
11701 10501
11101 14401
6301 7801
9301 18301
15901 21601
23101 12601
5101 12901
27601 10801
18901 6301
901 27001
16801 1801
27601 11701
3601 19801
21601 15001
8101 8701
5101 16201
21301 28501
15001 23701
1 17701
22801 26401
301 21001
601 26701
1 24601
29401 20101
9001 28201
14401 13501
28501 29701
18601 22801
21301 5701
20101 17401
7801 19501
17401 19801
2101 301
28801 15901
28501 16801
301 15001
12001 8401
9601 3001
15001 15301
8101 15601
8701 24901
1201 15601
24001 12601
23401 6901
24601 16201
13501 5401
18601 9601
27601 19801
23101 901
1801 28801
5401 11701
18301 14101
27001 10501
9301 4201
20101 29401
301 6901
28201 18601
23701 22201
14701 23101
14401 12601
21001 20401
6601 25501
27601 23701
26401 6601
24601 1201
28801 20101
18001 14401
21901 19201
1501 24301
11401 28801
18001 13801
19501 15301
24301 25501
7801 24301
28501 4801
21901 8101
27001 7501
13201 5401
28501 12901
4201 15901
8401 301
28801 28501
9001 1
17101 301
9601 18001
25501 14401
15601 15001
19201 28501
22801 24901
17401 16201
20701 13801
9601 901
17701 22801
15901 6901
1201 28501
7201 1801
17701 10501
29101 20701
25501 14101
29701 25801
23101 601
13801 16801
601 16201
23101 8701
28501 16201
20101 16501
601 18001
7501 24301
12901 15601
19201 20401
27601 18001
7201 25801
14401 3601
27901 16501
19801 6901
10501 24001
19201 17701
3301 28201
8701 19801
7801 21301
1201 12901
18901 2401
17101 2701
27001 22201
25201 301
24301 18301
15301 17401
27301 24901
25801 6001
8701 2401
11101 23701
3601 2701
12001 4501
10801 7801
3301 13201
14401 27301
23101 11101
4201 20701
3301 24001
18001 22201
26401 25201
24001 19201
14401 1
25201 21301
5401 8701
6301 27901
12901 6601
4501 901
8101 26701
12001 24301
8401 23401
3001 1801
5701 19201
28801 6901
7201 9301
28501 5701
12001 13201
601 24001
26701 14101
1801 22501
4801 601
5401 25501
1501 3601
1801 8101
14101 2101
11101 5401
601 18601
21001 4801
27601 14101
26101 18601
6301 21001
22801 7201
27601 20401
23701 4801
26701 20101
20701 14401
11101 12001
12601 24901
6001 23101
5101 10801
23701 27901
23701 23401
15301 5701
26101 301
5401 901
26401 6901
6301 4201
26101 21001
28501 13501
21301 3301
301 16501
17101 19201
28501 19201
23401 18301
25501 21901
1 13201
27301 29701
25201 16501
6001 4801
2701 8101
26701 28801
24901 14701
22801 23101
1 8701
1201 901
4501 5101
25201 5401
5101 3001
25801 17401
12301 2101
10201 20401
2701 12901
4201 15301
10801 4201
9901 25201
27901 18301
1501 5401
12001 24001
6901 29401
24901 27001
5701 1501
19501 20401
26101 10201
5101 7501
9601 26101
18001 17401
27001 16501
29701 17101
29401 18901
26401 1
28201 19201
23701 5101
3601 12901
11401 1501
4801 9601
26101 14101
7501 27001
13801 26401
7201 3901
23101 24001
6301 26101
18901 14701
6301 27601
25801 19201
22501 15301
22801 8101
21001 20701
1201 17701
21601 20101
28501 6601
29401 24001
13501 19801
1201 8101
26701 9301
28201 4801
27301 6601
4201 28501
13201 11101
21301 20101
26401 23401
2101 7201
28801 21301
21001 11401
5401 2401
8401 12901
21301 24301
8101 9001
17701 3601
29701 4201
29701 9001
2101 17701
18001 5101
12601 7201
17101 15601
18301 26401
14401 28801
24901 16501
27901 2701
1801 11101
27301 13501
10501 601
24001 9301
11701 26401
1201 10801
22801 27001
1501 14701
11101 13501
7801 1801
20401 9001
8101 19801
5701 16801
28501 6901
27901 4801
601 27301
9001 16801
21901 21001
13201 9601
17401 2101
6001 12001
27301 16501
19801 21301
5101 16501
20701 9001
1501 24001
6301 17701
10201 12301
23101 9301
22501 10201
4801 28801
2101 23401
7501 1801
7201 18301
20701 601
17101 14401
29401 14701
26101 14401
16501 5701
14101 5701
18001 26701
9001 23701
27601 8401
27901 11401
24901 21901
16201 20401
28201 18001
1801 15001
26401 11401
17701 19801
1801 11401
29101 9901
9301 18901
22801 4801
18901 1801
23401 29701
16201 2701
13201 19801
26701 901
17401 11101
19201 3301
24901 15001
1501 24901
4801 27601
18301 25501
16801 5401
5401 1801
15301 23701
1 26701
25201 16201
29701 24301
18301 22501
22501 8701
24301 12901
9601 6601
7201 23101
29101 8701
29701 5701
18001 12901
7201 2401
11101 15001
14701 29101
1 7801
2701 10501
2401 1
21901 3901
12001 16501
9001 4201
25201 27901
25801 21301
12001 23701
27601 6901
26701 22201
5401 19201
3901 3901
19801 25501
20101 11101
7501 10801
21001 18601
18601 26701
24601 29401
7201 12901
24601 21001
22201 22201
15301 15301
8401 12601
8401 13201
27001 5101
15601 11101
27601 25801
26701 17401
11701 23701
25801 16501
5401 26101
13501 4801
25801 15001
12601 23101
5701 23701
21301 2101
1 8401
18901 4501
28801 1201
1501 20101
25501 1
4801 2701
28201 26101
27901 27301
22501 4501
29101 29101
601 13801
301 7801
16501 13801
6901 3601
22501 10801
6601 601
11701 24301
2401 27001
25201 29401
22501 29701
21001 11101
10801 8101
4801 9301
19201 22801
25501 24301
19801 9901
24901 6301
4201 5101
17401 23101
13801 13501
29401 901
26401 4201
4201 18901
20401 25501
5401 29401
17101 17701
8701 29401
11701 14701
17401 16801
11701 19801
28501 8101
24001 3901
25801 21601
24001 23401
301 4801
23401 24901
28201 8401
27001 12901
22801 2101
7201 8701
10201 23401
12601 601
4801 3601
1501 901
1201 22501
6301 601
901 2101
10201 3901
16201 12001
4501 21901
16801 15601
15601 20701
25201 8101
3001 17401
2401 3301
1201 12301
29401 17101
1501 21301
10201 10501
14401 3901
29401 6901
5701 14401
1501 8701
1501 18301
15601 12001
19201 1201
3901 15001
1 3301
10801 1501
16801 15001
26101 25801
5101 1801
16501 8101
12001 15001
18301 10201
23401 2101
1801 12301
3901 16501
27301 901
7201 23701
28201 24301
21301 25801
27901 21601
28501 9001
11101 18901
29401 26701
26101 19801
9001 14701
2101 22501
27901 8401
13201 5101
23401 901
24001 2701
20101 9001
3601 301
901 20701
9601 16801
16501 28201
23101 20701
29101 24001
28201 16801
13201 3301
28201 25801
1201 1201
23701 26401
6301 6301
20701 17401
18301 16201
4801 22201
24901 6001
9601 26401
6901 7201
13501 18901
24901 13801
24901 22801
8701 20401
1801 2101
6901 18901
26101 28801
29701 18301
22501 18601
11701 11401
10501 17101
25501 19501
29101 3601
601 24601
27901 12301
28501 15601
21001 23401
2101 28201
27001 14101
14401 25801
1201 26101
15601 12901
18601 16801
22201 2401
7801 25201
14401 23101
14701 10801
29401 3301
3001 19501
13501 15001
4501 15601
13201 7801
15601 12301
12901 5701
13801 13201
27001 24601
12301 10801
21001 3001
12001 5101
7201 2101
5401 17701
28801 23401
7501 27601
25801 23401
27901 3901
6001 25801
1801 25801
6601 21001
15601 1801
24601 22201
23401 16801
20701 12001
22501 2401
2401 16501
6901 3901
24001 12301
24001 28801
8101 19201
22801 29401
3001 9001
601 3601
11101 1801
8101 4201
28801 22201
29401 1801
13201 18301
18901 9901
29101 8101
3001 20101
28501 24301
27601 22501
14401 14401
6601 7201
14401 12301
19501 11101
6601 18901
2701 17101
10801 18601
3601 2401
8701 28201
3601 5701
10501 2101
18601 4801
24601 7501
3301 3901
3601 26401
18001 21301
26101 26101
25801 3901
18301 16501
3601 3001
13201 2701
11701 21301
28201 23101
8401 7501
1801 19801
19201 24601
12001 24901
21001 29101
29701 28201
14701 16501
6901 11401
5401 24601
4201 16501
1501 12901
29101 12301
25501 27001
7201 21001
19201 6001
1801 19501
6001 4201
23401 25201
15301 25201
22501 18001
9601 22801
5401 8101
11701 15301
24301 5401
22201 18301
23701 27301
5701 26101
601 10801
10501 26401
20101 15001
7801 25501
26101 16801
5101 13201
24001 29701
16801 301
21901 20101
26701 22501
9901 2701
9901 16201
10801 10501
24301 12301
6601 9901
7501 25501
7501 13201
25801 1
2401 13201
10501 20701
2101 13801
4201 3001
2101 24301
26401 21901
16501 28801
11401 10201
15901 25201
4801 18901
6901 2401
5701 14101
9601 13201
15601 5101
8701 1201
301 29401
7501 19501
21901 14101
27001 12301
8701 12601
27301 601
19201 29101
8701 13201
301 11401
7801 9301
23101 26101
13501 17401
25501 11401
23701 1501
6901 5401
23701 9601
4501 1
26101 26701
19501 27601
17101 21601
26101 9601
9601 28501
25801 24901
21901 3301
12301 13801
17401 12301
6001 3601
7801 18301
24301 28201
17401 17701
17701 2401
301 14701
26401 20401
24001 16201
22501 27601
25201 22501
4801 7201
8701 7501
9301 3001
301 14401
7501 23701
6001 13201
22501 27001
12301 9901
21901 14701
13801 15901
24601 19801
29701 6301
27601 9001
22201 29401
15901 601
17401 2701
27901 18601
13501 601
17701 2701
10501 6601
18601 17701
6301 10801
28801 4801
15001 14701
8701 7201
23701 12001
23701 24301
4201 29401
12001 17701
18901 2701
7801 2701
24901 15301
25201 7801
25201 1501
14401 13201
11101 23101
16501 23101
16501 9301
1801 24601
3901 3601
29401 13201
5701 9901
26401 16201
27301 4501
1501 4201
5701 19501
22801 26101
28501 26101
26401 21601
13501 16501
11101 29701
2101 11401
27301 8101
19201 4201
27001 3001
8101 14401
7801 14101
26101 601
24001 8101
6301 5101
7801 12001
2101 6601
22501 24301
20701 24301
29701 3301
20401 901
23401 18001
2701 6601
6301 23101
2101 22201
21601 5701
8101 25801
22801 16801
901 15901
17401 21301
25501 20701
28801 20701
13201 12601
18301 18301
25201 19201
28501 23401
23101 28501
9901 27301
23701 15301
9301 15001
15901 10201
20401 1201
15601 21601
12001 1
22201 16801
29101 7201
6601 22501
20101 12901
23701 24601
29101 10501
15601 10801
1501 17101
17101 26401
26101 27601
1501 19801
8401 3601
19201 27901
8401 2101
13201 24601
21301 13501
8701 301
14401 6001
28801 25801
5401 18001
7801 25801
27301 21901
15001 3901
29101 5701
25801 3001
15601 7201
23101 22501
17401 9601
15601 25801
22801 9301
18901 18901
21901 17401
25201 25501
23101 27001
21601 15601
24301 25801
8701 22801
26101 20701
15901 8701
20701 7801
28501 29401
28501 21901
9001 15901
16801 7501
23101 29401
2701 26701
6901 8101
7501 11701
21601 8701
28201 29401
14401 21901
2701 9601
2701 14701
16201 601
9301 1801
27301 11101
13201 23401
26101 1801
23101 18001
25801 601
5101 3301
21601 23101
29101 29401
16501 21301
19501 16201
2101 10801
18901 27901
14401 13801
15901 17101
11701 5101
22201 24001
15601 9001
4801 15601
27001 10801
8101 11701
5401 16801
301 27001
21001 15001
21001 3301
7501 5101
1201 9601
11101 26101
4801 3301
3301 12601
8101 6901
28801 22501
9601 7501
11701 24601
9301 16501
13501 13501
29401 10801
12901 10801
20701 17101
2401 26401
17701 5101
8401 18601
6001 6301
3001 3901
25801 3301
1 22501
16801 1201
8401 23101
8401 5401
7501 18001
10801 29701
7201 24001
20101 4201
27901 12901
19801 1501
8101 10801
22801 601
14401 21001
10201 5101
9601 4501
29401 5101
27001 4501
4501 12001
22501 11701
22201 13501
28501 14701
2101 17101
29701 20101
15601 6601
4501 23101
10201 14401
26701 2101
1 14101
20401 11701
18001 301
25801 11401
22801 1801
7201 19501
12601 18601
29701 14401
20701 24601
9901 9601
11401 16201
5101 15601
5101 22801
11101 3301
26401 12001
9901 7801
6601 6901
7801 4201
3601 11701
10501 1801
29701 16801
3601 7501
18901 17101
9001 6901
28801 19801
15001 25201
19501 27001
24301 3001
29101 4501
15901 6601
19201 25801
7201 27001
18601 29401
6301 16501
301 3001
6001 23701
3601 2101
19801 2101
19501 21001
15301 22801
11401 29401
3301 16201
5101 26101
2701 15301
26701 12301
14401 9001
29401 26401
15001 5101
15001 28801
26101 22801
17101 29401
26101 29401
10501 5401
24601 24001
20101 23101
15301 26101
24601 6001
1201 27001
12601 22201
20701 18901
13501 301
18001 6601
14701 8701
11401 14401
3301 3001
3001 4801
25801 4801
901 20101
10501 29701
26101 12001
2701 5401
26701 8101
5401 6001
12901 16501
6001 16501
5101 26401
16201 4501
18001 18601
6901 19501
8401 27301
18301 8401
21601 20701
23701 18001
23101 12901
14701 19801
27901 3301
2101 12901
29401 5701
26401 16501
23401 13501
13801 8401
12601 2401
18601 13501
15301 2401
5701 25501
14101 14101
1201 14701
2401 11401
6601 29401
18301 25201
4501 13201
11701 13201
9601 18601
29101 3901
26101 17101
6601 2101
19501 18001
4201 24001
27901 7801
10501 23701
20401 18601
12001 2701
10801 22201
12001 13501
23401 4801
25501 9301
8701 10801
25801 9001
6301 17101
28801 3301
9601 28801
23101 14101
22501 22501
25501 15601
12601 5701
26401 2101
24601 5101
301 29101
2701 22501
17101 10501
21301 29101
3601 28201
1501 27901
17401 19501
25201 13201
4501 5401
23701 28801
14701 21001
10201 7201
23401 15301
19801 6001
3601 12601
14101 27301
15001 11401
18601 20701
17701 1201
16801 28801
27301 23101
2101 19201
24601 25801
12301 25801
26401 15301
3901 27001
2401 16201
16501 26701
9301 5701
26401 8101
9301 15301
6601 15601
10201 29101
3001 1501
3901 2401
4801 12601
5401 29701
29401 12301
7501 15001
5101 5701
20101 22201
13801 1501
5401 20101
11701 20701
601 25501
13501 9901
13201 6001
5401 8401
29401 7201
21901 18001
29701 12901
9601 1801
21901 20401
15001 15901
19501 18601
11401 17701
9901 22801
8701 15301
26401 2401
27301 21301
14101 18301
23701 27601
21601 27001
19801 28201
3901 18001
14101 13501
21901 2101
1201 11401
7501 8401
23101 18301
14701 11401
14701 6901
4201 10501
9601 8401
20701 12301
27601 26401
12601 20401
8701 12001
17101 28501
11101 11401
13501 18301
7801 12901
17701 12901
7501 2701
26701 23401
3001 22501
21901 3601
2401 12601
16201 7501
12601 18301
10201 9001
17401 23701
601 10201
15001 14401
14701 21601
8101 9601
9001 25801
20401 10501
23101 15901
1801 16201
11701 16201
12001 29701
23401 26101
7201 17101
25201 11401
301 9601
11701 19201
14401 17701
11701 12301
22201 26701
26101 8401
15301 15001
1 16801
11401 2401
6901 7501
11701 2401
25801 25201
301 19201
28501 3001
29701 3001
21001 1801
17101 19501
27601 25201
15901 22801
22501 20401
13801 10201
5401 28501
22501 21001
14401 8701
7201 13201
11101 22501
6901 19201
5401 22501
24001 27301
13801 28501
23101 27601
14101 17101
25801 14701
27601 29401
29401 14401
15001 27001
8401 20401
4801 1201
3901 28801
9301 7201
5101 27001
28501 3601
12901 24001
10201 1201
13801 7201
8701 15001
5701 29101
26101 4801
29701 22501
10801 6601
19801 5401
1 23701
8401 26401
22201 3301
20101 27901
14101 9301
17101 5701
27301 11401
15901 17701
8401 5101
12601 5401
27901 5701
9901 25801
3301 3601
6001 9301
6301 19801
23701 13801
23101 10501
28201 2701
21001 9601
14701 16201
27901 1
2701 8701
5101 7201
7501 4501
21601 25201
1501 18601
11101 8401
12301 22501
25801 20701
18001 22501
12301 3901
4801 24301
3301 17101
15301 24001
17401 6901
1801 12001
19201 23401
16801 16201
24901 10501
28801 28801
1501 26701
3601 8401
1 22201
6001 23401
13201 7201
19501 25801
23101 5401
9901 9001
7801 17101
29101 27001
19201 6301
20101 10501
3601 13801
18601 6001
13501 21001
21601 9601
11401 18001
2101 10501
7501 2401
4501 9601
9601 29401
2401 26701
4801 11101
12601 19201
29701 6601
13501 6901
29701 16201
28801 29401
6301 25201
29401 8401
10201 4201
17701 7801
28201 11101
14401 24601
13201 21301
6001 5701
13801 27901
11401 16501
15601 24001
22201 1
25201 26401
28801 29701
12301 11701
29101 3301
24001 22801
27901 22501
18601 6301
19801 1801
25201 20701
6901 23701
26401 301
26701 3901
6001 27901
6301 29101
19501 6601
21001 7801
6601 9601
29401 28501
23401 12601
18901 9601
20401 19801
1201 29101
6301 1501
2101 1201
28501 29101
19801 22201
25201 24601
10201 10801
1801 9901
15301 14101
18901 27001
24001 27001
2101 21601
8101 17401
29401 24301
27301 14101
2401 11101
18001 20401
7501 3601
15301 901
21301 2701
21901 1201
18601 7501
12001 21001
22201 4801
29101 15001
23101 7201
28801 20401
5101 18901
18301 19501
27601 18301
9301 15901
15301 1201
7201 11401
19501 10801
5401 24301
9001 7201
12601 10801
23701 1801
23701 22501
10201 21901
5101 28501
901 9901
28501 17701
15301 301
27001 5401
29701 2401
16201 8101
7501 5701
12901 9601
5701 18601
15601 29401
9901 21301
16201 5401
19201 18601
15001 18301
10201 9901
24601 4201
7501 9901
11401 24001
2101 16801
14701 18901
14101 11701
24901 3601
5701 27001
7501 21601
22801 27301
15001 8401
3601 18601
28801 301
14101 17401
9901 20101
17701 6901
4201 7801
27001 19501
15301 10501
27601 24901
20701 28501
15001 10801
6901 301
1801 28201
19501 19201
29701 21001
11101 22801
12601 21601
24301 26101
601 6001
18901 10501
22801 8701
7801 3001
5401 9601
1 24301
2401 28201
16501 26101
2101 1801
8401 16501
16801 27901
23401 6301
2701 15001
23401 1501
7501 10501
24601 8401
28201 301
8701 8101
13501 13801
18601 18301
901 20401
24601 4801
17101 9901
3001 6301
17101 28801
5101 8401
27001 20701
11401 1801
3601 6301
3901 15301
29101 14401
1 601
19501 15001
15301 19501
28501 27601
16501 17101
2101 14401
3601 27001
1 1801
20101 12301
18001 17101
5701 11401
18601 20401
12301 601
9301 29101
901 18001
24901 8101
25801 5101
13201 17701
1 15301
22801 9901
17401 29401
1501 6601
8101 18901
24601 1801
27901 6001
2101 27601
11401 5701
28201 17101
601 5101
25201 2401
26401 4801
8701 5101
27901 13801
12601 3001
18301 19801
19501 26101
12901 26101
21901 18601
7501 19201
5701 21001
6901 5701
15901 5401
6301 10501
6601 12901
9001 23401
18301 1201
6301 1801
10501 20101
26101 12601
21001 10201
3301 24601
27601 18601
26701 10801
25801 18601
2701 16801
1 3901
28201 2401
27601 29701
27601 15601
18601 2101
11401 9901
12001 14701
25501 2101
18001 2701
18301 12001
29401 24901
1501 2401
9601 20101
26701 29701
5101 21001
19801 15901
15301 3901
27901 28501
1501 15601
22201 28201
11101 11701
29401 10501
5701 24901
6901 6601
601 25201
601 9601
15001 12901
4501 28501
2401 10501
17701 26401
28201 14701
27001 9001
23701 1
10801 16201
6901 12001
14701 28501
18001 20701
10801 1801
26701 24901
16501 6001
18601 8101
1 18901
14401 9601
10201 26401
20701 1201
14101 4801
1 24001
13501 19501
9601 3301
14101 6601
23101 10801
2101 10201
9601 16501
27601 22201
16501 9901
12301 12901
22201 27901
3301 18601
23401 11101
7201 23401
22201 19501
3601 9601
901 12001
8401 4201
7501 23401
2701 20701
11101 4201
29701 22201
5101 20701
28801 6301
3301 13501
15901 29701
21301 18601
13201 901
26701 25501
8701 13501
24001 24601
28501 18001
18901 6001
21901 13201
7201 28501
12301 7801
901 16201
25501 9001
24901 9601
15901 7201
27301 5101
2401 24001
18001 18001
13201 21001
2401 21301
22501 21601
29101 601
21601 24601
17701 1
12301 1201
10201 11401
20101 901
21301 14401
20101 14401
27001 27601
27301 15001
1201 6001
21001 9001
3601 18901
29401 1501
3301 7501
21001 9301
7801 20401
18001 17701
15301 29101
28201 9601
1501 20401
22501 28501
601 25801
1501 6001
6001 12901
13501 8401
20701 5401
11701 25201
7201 6601
28501 12001
10201 2401
12601 19801
18601 14401
5701 16501
10201 8101
3901 3001
19801 25201
10501 5101
21301 3601
9601 11701
2101 1501
9901 7501
3301 14101
26401 19201
27901 10201
17101 18001
3601 9901
16501 3301
16501 3901
6601 19501
28801 10201
16501 12901
15301 21301
4801 5701
16801 28501
6001 24901
2101 20701
28501 5101
25501 14701
12601 17101
8101 17101
21301 8701
14101 16201
24301 901
9901 19801
21901 9001
11401 5101
24901 12301
3901 14401
301 24601
27601 27301
7801 14401
6601 2701
1501 9301
2701 29101
14401 5101
29701 11401
15601 4201
24901 14401
24301 18901
1801 10501
14701 14101
13501 27301
3601 22201
1501 10801
21901 10501
17701 16201
24901 901
25801 25801
20101 28801
9901 21601
9901 3301
3601 21001
14101 22801
27601 21601
15601 28801
18601 27901
5701 28501
21301 21001
5401 12001
17401 13501
3001 10201
28801 21001
8401 27001
29701 28801
5401 26401
11101 17401
13801 8701
15001 9901
25501 5701
15001 1501
28201 19501
21901 23101
24901 2401
26401 6001
1801 21601
14701 9001
22801 12901
26101 3301
2401 19501
6001 14101
11401 22501
18301 3001
9601 27301
22501 19201
17401 18601
18601 901
1 18001
11101 15601
14701 25801
29101 25201
17401 27601
15301 26401
14101 15901
7501 15901
15001 6601
17701 3301
13201 28801
23401 14101
6601 25201
3901 18601
14401 11701
6901 6901
27001 19201
25201 25801
3601 8701
24601 301
1501 9601
601 17701
5401 3901
23401 20701
22501 12301
19801 24001
15901 901
22501 1801
15301 27301
3601 29701
22201 26101
21301 9901
12301 301
14401 16501
6601 20701
2701 6301
3001 1201
22501 9601
3001 4201
1 301
18001 4201
13501 23101
15901 26101
4201 18301
12601 18901
29701 6001
8701 7801
27601 5401
28201 6601
4501 5701
9601 15001
15601 8401
13201 10201
28201 29101
3001 18301
21601 3601
25201 25201
29701 12001
12001 6601
22501 15901
8401 14101
25801 4501
17401 8401
27901 11701
23401 19801
7801 18901
2401 18601
25201 21001
15601 18301
24001 19501
1501 17701
21001 15901
24301 9601
24901 19501
27601 22801
26701 22801
901 26701
6001 11101
5701 21901
4501 26701
5401 1501
15001 25501
22201 12601
21301 1501
5701 10201
16801 15301
9601 7801
22801 15901
26401 2701
4501 24001
20401 12001
28501 24901
22201 14101
12001 19201
5701 17701
9001 10201
16801 21601
20401 28501
21001 16501
14701 10501
20101 18001
17401 7801
22501 26701
26701 5101
14701 901
2701 1
1 26401
7801 7801
26401 15001
4201 12901
28501 10201
14101 301
15601 13501
23401 9301
4201 23401
26701 9901
4501 18301
6601 17101
15901 20701
29401 3901
7801 17401
3901 22501
24601 20101
5701 21601
22801 8401
6601 6001
22201 15901
10201 15301
24901 2701
9601 601
14401 15901
301 1501
20701 16801
16501 7801
10501 901
7801 17701
21901 2701
15001 29101
28501 24001
27901 1801
13801 22801
16801 25501
13501 4201
18301 9301
16801 1
16501 25201
21001 13201
23101 16501
3601 17401
29401 4801
12901 22501
6901 22801
27001 901
601 8101
23701 13501
29401 28201
4201 19201
28501 13801
7801 16501
29101 26401
23401 1801
4801 12901
5101 12001
7501 26101
23401 18601
29401 2401
20101 601
7801 20101
19501 15901
901 14401
3901 17701
19801 1201
9901 20401
4801 1801
7801 27901
22501 17701
16501 16501
21301 10801
1 21001
26401 1501
6001 25501
23401 29401
28201 6001
24301 17401
4501 6001
12901 2401
901 28801
13801 7501
27901 26101
5401 21901
24601 9301
24601 14401
10201 25501
16801 2701
9001 26701
29401 7801
9901 16801
4201 23701
18001 26101
22201 1801
27901 9601
19801 17701
4201 3901
2401 15001
13201 28501
4501 20701
9601 4201
18001 25801
20701 8701
7201 6301
2101 2101
11401 10801
24301 12601
6901 20401
13801 6301
3601 29401
3301 14701
26701 26701
12601 13801
22801 21001
29701 11701
3601 15301
5101 6001
25201 901
10801 12901
26101 18001
19801 1
7501 11101
18301 12301
14101 12601
14101 25801
1801 26101
4801 27301
21601 21301
4501 16801
21901 7201
11101 16201
12901 4801
23701 23101
29101 24601
9001 12901
21001 12601
15601 1
22201 6301
23101 9001
24301 1801
21901 1801
18001 19201
27001 12601
901 18601
24001 9901
1201 301
2401 24601
6901 901
7801 601
12601 4801
28201 28501
26701 11701
4201 8701
19501 29101
29101 301
29401 2701
6601 16201
13501 16801
26401 6301
15901 23401
20401 24601
15001 9301
18001 23401
28201 17401
6901 1201
28801 18901
21001 26401
12001 9601
14101 24001
9001 27001
25801 6901
13801 14101
2701 9001
27001 6601
25201 12601
25801 9601
12901 25501
6601 301
12001 3001
16201 28201
8101 18301
19801 13501
13501 26101
6001 1201
10501 18901
8101 11401
28201 901
29101 8401
12001 11701
18001 7501
11101 13201
21601 901
26401 7501
28201 15601
5701 13801
25501 18301
3601 17101
28801 21601
11701 7801
3001 15301
25501 26701
29701 26701
5101 3601
21601 18301
12601 27301
10801 15301
8701 17401
2701 28501
6901 24901
301 20101
7501 8701
2401 9601
10801 17401
11101 28501
15301 8401
11401 1
1801 15301
8101 11101
9001 24301
27301 1801
14701 29401
9901 9901
2701 26401
26101 25201
4801 2401
6901 25201
7501 28801
7801 4801
28201 4501
12601 17701
19201 19801
3301 28801
11701 3601
6001 2401
21601 17701
3301 25801
12901 14701
3301 301
21601 26101
22501 14101
21601 3901
18601 25501
29101 11401
21601 11401
2701 24301
19501 17701
28201 4201
7201 14101
28501 28201
7201 1201
20701 9301
21901 26101
16501 15601
6301 17401
3001 12001
29701 3901
3301 15901
12901 7501
601 1801
15301 8701
6601 15301
3301 2401
29101 29701
8101 22501
26701 19201
8101 18001
27301 25201
5701 12301
301 9001
301 8101
13501 7801
1501 28501
15601 24301
9301 1
24901 18001
3901 9901
26101 7201
4801 24901
11701 13501
5101 23701
12601 9901
9601 5401
14401 18001
28201 7801
11101 2401
21301 22801
19801 601
9901 26701
17401 26101
9901 4501
29401 15301
27001 3301
16501 25801
17701 12001
12601 14401
4801 14101
13801 4201
29401 26101
24001 26701
22501 6001
28501 22501
24601 5701
27901 1501
25801 6601
17101 601
1201 23101
20401 7201
19201 23101
29701 18601
16801 18001
25201 15901
22801 14701
24001 19801
28501 25801
22801 21301
7201 26401
24001 5101
29101 7501
27301 12901
25201 7201
20401 14401
9001 18601
9301 21901
17101 19801
901 25201
15901 24301
4201 5401
22501 7501
17401 1201
4801 19801
27601 15001
3901 16201
17101 25501
4801 5101
27601 12001
19801 8701
29401 2101
16201 7801
301 1801
4801 1501
9001 22801
29401 4501
14701 1201
12901 21301
20101 21001
18901 901
6901 15601
1801 3001
27001 9901
10801 601
6001 7501
22201 11401
9301 6301
22501 14401
15901 23701
12601 20701
28501 22201
19501 24001
11101 8701
901 23101
21301 28201
13501 22201
5101 10501
23101 4801
21001 21001
12301 18301
4201 19501
27001 13201
8101 7801
18301 29101
18601 15001
12301 29401
12601 28801
21001 28501
20701 4801
5401 12901
8701 24601
13201 22501
9301 27301
27301 19501
4801 901
12901 16201
21001 5101
13801 5401
9301 19201
18301 25801
1801 7801
8101 15001
6901 28501
26101 12901
4801 8101
29101 17401
2401 12901
22801 6301
4801 12301
10501 301
14401 10801
10201 27301
1201 17101
27901 13501
7201 301
22201 3601
8101 3001
28201 22201
301 19801
4201 27901
12901 7201
18001 14701
13501 12601
13201 10801
6601 4201
8401 8701
6001 8401
901 6301
15601 10501
15301 16201
12001 14101
4201 601
15001 19501
27601 3901
14401 27601
4801 16201
24001 24001
6601 26701
29401 10201
11701 19501
9301 25201
22501 19501
22201 21601
6901 3001
27601 5101
1201 18601
6601 9001
3601 22501
13801 301
9001 25501
29701 8401
19501 8401
9901 6601
18601 22201
24601 2101
28801 14401
18901 21301
22501 3301
25501 18901
26101 27001
2101 3901
18001 8401
2401 16801
1501 10501
24601 3301
21601 15901
14101 26401
15901 2401
17101 21301
24601 28501
24901 27601
25501 6301
3601 6901
29101 4801
19501 9901
6601 5401
17701 20101
24301 2701
22801 4201
12901 301
27301 28201
3001 8101
28201 7201
24001 6601
6001 3001
3901 17401
9901 18601
19501 22801
25801 14101
24601 25201
6001 3901
2401 23401
24001 22201
6301 3001
27301 10201
23401 28801
21001 5701
19501 25501
29701 26401
24001 1201
27001 22801
21601 18001
28201 3601
22501 9901
19201 27001
6301 26701
5101 27901
1501 5101
1201 5401
19201 9601
27301 15901
5401 7801
15001 3601
2401 11701
3301 11701
29101 1
6301 23701
11101 12301
6601 21601
18301 5401
23701 18901
20101 9901
18901 26701
24001 5401
10801 12001
14101 3901
13201 20101
23101 23101
18001 4501
2701 21001
15001 20701
17401 26701
29401 1
20401 5701
22501 25801
21601 7801
12001 29401
1801 26401
3901 6301
10801 6301
29101 21601
4501 12601
3901 7201
27001 24301
17701 26101
25501 12301
1 15001
28501 7501
19801 18301
25801 29101
24601 8101
10801 5701
1 12001
14701 12601
12901 9301
901 17101
1501 13501
16201 13501
11401 13201
28501 13201
28501 3301
17101 22501
9601 28201
7801 1501
6301 901
1 3001
12901 24301
10801 22801
3901 8701
9001 28801
12301 13501
10201 25201
21301 29701
301 18901
3901 4201
6601 17701
20401 9901
13501 18601
8401 11101
1801 3301
23701 19501
21901 29101
26401 3601
11701 29101
21001 2701
7201 25501
29701 11101
3601 1501
18601 1501
6601 3001
20401 27901
4201 26101
10801 15001
21001 7501
301 6001
18301 1801
10801 25201
23101 6901
28201 26401
4201 13501
22501 1501
28501 22801
25501 12601
8401 12001
15301 6001
6001 16801
26401 21001
24601 3601
10801 12301
15001 28501
1 29401
11701 27601
10501 3601
20401 9601
4501 7501
6601 29701
27001 15001
4201 6301
10501 24601
8401 25201
14701 15901
27901 27001
16801 18301
13501 1
24901 27901
20701 27001
10501 27601
4201 27601
301 29701
5101 27601
6901 13501
5101 29701
15901 4501
26401 24901
11101 27901
12601 3601
4501 9901
20401 18001
3901 3301
21301 20401
23101 26701
18901 21601
9901 12001
29101 11701
14701 301
21601 6001
15601 14101
27601 901
19201 17401
8101 23701
4501 8101
28201 29701
10201 13801
17701 28501
12001 29101
28201 20401
4201 29701
1801 18601
3601 19501
19201 9301
10201 3301
2401 7501
3301 18301
24601 21601
10801 24901
1801 14101
28501 17401
5701 3601
21901 22801
2701 25201
12601 16201
19801 28801
18001 24301
15601 28501
18901 8701
4801 28501
17701 11401
901 29401
6901 4801
16501 4201
2101 9001
28801 2401
17701 25201
8701 21301
8701 27001
9301 5401
7201 5701
2101 24901
17101 901
2101 14701
25801 26701
8401 18001
13801 10501
1 19801
17401 13801
14401 15301
25501 22801
17401 22201
9901 24001
12301 10501
9901 9301
15301 20701
8401 7201
21301 21601
16501 20101
16801 28201
29701 14701
14701 22801
20101 13201
8401 25801
20401 17701
20701 27901
24001 6001
24001 24901
12301 23701
18301 11401
6601 1
25501 901
301 15901
12001 2101
20101 16801
5701 7801
20701 21601
9901 12901
18301 29401
13501 21901
27901 19201
16201 14401
16801 17401
18301 4801
8701 28501
24001 8701
10201 9601
8701 25501
2101 18001
15001 29401
3001 26401
20401 4201
14701 601
17101 2101
4201 17701
24301 4201
28801 8701
20401 24301
16501 22801
1801 1801
601 6601
27601 5701
19201 2101
2101 15601
27001 301
15301 17101
5701 6001
3601 25201
24901 4801
27901 24301
6001 21301
18601 8701
21601 25801
23701 29701
16801 14401
5101 11701
301 28501
16201 15001
28801 7801
18301 8701
23701 8401
10501 11701
29101 6901
14701 8401
1801 11701
12301 19201
1 22801
17101 3301
28201 12301
13201 23701
21601 11101
16501 14701
18601 3601
20401 29401
9601 23701
7501 2101
20401 14101
1801 6301
13801 23101
23101 11401
301 21601
301 301
23101 3001
23401 12901
