30000 1000
9365 5742
7266 8594
11425 10634
14050 12989
13896 1146
5018 27298
846 17228
4294 20188
11283 20646
13441 18186
12220 22735
4885 17163
14279 3351
19424 22916
13881 6136
2487 5237
431 15791
3010 9955
6123 29842
4953 8639
11393 8583
8385 21642
15772 15840
13221 12820
17666 10878
13519 22402
12790 13345
9504 13418
5307 25265
8681 17978
10612 15389
17707 5237
1994 17699
498 22437
12633 7905
14938 27556
5957 492
1427 28771
7990 25754
12638 23095
4808 11187
827 13218
18828 1737
3967 12281
2009 15062
4801 10580
15671 17405
1850 6016
14797 2309
12581 14970
11584 3893
957 26336
12264 28443
9145 14839
3008 20986
16841 4587
9008 11136
1137 29966
14816 28340
17737 22450
19204 12340
3455 8670
16671 7695
2287 3236
11925 16957
1177 6594
120 21883
16236 18574
8468 16048
2297 4101
13918 3174
11625 11393
12640 9064
18970 23440
17084 16053
19473 8769
6251 18963
3509 712
4192 24516
1237 5180
3305 3714
13552 11091
12710 13494
1986 16738
13163 24854
2382 10713
10130 20163
8783 17491
17330 26350
1538 18527
9534 17441
6520 24777
6586 12859
767 24490
3395 7533
16146 17486
4123 23664
1004 6796
9858 9750
15554 19290
7704 9466
2878 15877
7274 29352
5905 2386
2715 1163
7985 15682
3816 20311
1836 18687
9256 26440
18026 7965
11804 26155
14785 26647
167 26672
2934 23320
18498 14090
16465 28009
14016 13410
2019 10677
15778 4800
11937 21469
14238 11917
4357 2123
19753 1812
9713 8675
12112 24881
6106 19291
10687 28629
9736 23798
16220 2284
3359 9957
8563 13170
9753 3034
11479 8670
9329 15124
16024 7935
8315 26656
6223 17164
10897 19340
2540 12386
11692 10051
10322 10611
3434 15458
16837 18697
14993 29134
9885 12338
6267 13809
2707 26793
16856 286
1380 16480
4366 18881
19403 25187
13335 27064
13350 20151
11515 25965
8270 29847
17965 17284
5087 20917
13221 20512
14447 15343
4892 12685
4875 24388
18299 13164
10395 4683
64 22367
11278 7588
1142 21245
4253 390
14038 19684
11516 10195
7083 27595
2687 1536
19702 10249
14804 24377
13811 21655
3617 28781
1253 11533
3105 2693
2379 19403
13523 25495
9653 16477
16135 961
16790 11722
9527 3200
7686 27378
7095 4781
13482 1821
13383 29983
14350 25179
19353 27909
12505 13088
599 22544
3992 3907
12898 8515
10586 10319
1961 3879
979 11714
18828 5207
1991 11781
19466 10666
17228 989
10700 15110
4561 25788
8865 26508
6124 5022
16918 24221
19199 13199
9049 19767
3697 6651
2275 27922
13614 29238
1363 26828
3312 20598
4898 16996
5754 21275
4515 24813
512 18842
6225 21718
8948 9489
14 6676
8605 3773
787 13228
6618 19552
6375 21420
4807 16056
13608 15265
18066 14
5021 27459
10390 14406
3726 8436
14443 11602
195 1024
15368 24929
8290 21218
1543 22746
14365 5103
12143 24847
1820 16472
15337 15199
16589 17744
3525 18294
212 9126
7325 9581
14748 15400
4775 25520
6161 10981
19757 9628
3885 22584
11145 10216
14761 22493
6599 1742
7643 3162
18188 19843
3070 11751
19899 940
13628 1213
19459 18576
1582 8229
2063 20916
1836 27074
2054 14876
4793 5617
13527 14629
8008 18727
7446 15899
14935 27516
18885 21899
6726 3955
7328 27422
15628 2236
4144 11353
3014 17131
10098 29896
19874 4748
7405 12137
2427 20928
12085 1820
14636 5702
17890 10535
16649 29711
222 27772
17318 6809
1235 22864
8054 25511
8795 9242
245 13955
13124 12061
13425 26333
2345 5716
14436 25296
17107 22255
2275 12393
2230 19609
13617 1254
6935 19821
10787 20724
10683 24253
9113 15898
12609 20216
14519 11672
5967 9677
5518 11238
1116 24487
4839 7169
14879 16099
678 22044
6219 5970
7972 2791
19777 15975
12839 14145
13994 12114
8803 28746
14286 1482
11051 5323
14142 23984
19185 10605
14227 24358
3132 16074
14722 24449
7407 4024
15539 11054
9939 24046
10409 22909
18843 22333
14819 10235
2871 3833
3499 9194
14349 15381
14541 2295
18143 22137
3013 4253
6555 22493
17515 11109
8528 15305
12355 26032
2019 11031
14461 2183
19910 21619
15674 11359
18307 11434
11844 7105
5150 22840
18590 2454
7577 14000
13809 26041
13127 17179
1955 28165
15013 23578
18861 2070
4173 29298
12179 6003
11439 13339
14410 13447
16457 29970
10432 13079
11288 24405
9826 14592
2359 9212
7427 28092
9449 11767
1931 26193
8376 21736
9218 29920
3423 25915
3182 12649
10432 10896
15905 14551
12728 12368
12592 10863
12820 8925
9686 3354
3649 20379
7426 8279
16597 227
17831 16976
7057 13592
17635 13642
10623 5243
7511 1502
3311 28796
2156 29213
354 19495
4374 13396
14066 15882
15253 25576
5951 9914
18708 14788
17703 28124
9467 3299
6211 1556
9042 14684
5537 20575
160 27435
5654 2393
13559 12355
6355 8415
16032 11740
8266 8767
17997 26420
3687 12461
5542 13945
16475 19200
8001 10099
10197 15367
3849 230
19147 8702
8557 6285
13775 17458
17925 3182
76 28757
4013 9940
10837 19713
19917 19118
13396 24568
7277 11422
9143 25595
11260 20086
8912 14875
3720 13991
6785 22623
4971 1322
11518 29493
13755 15599
17184 14454
13958 22777
17947 21068
6798 21827
6967 19843
3668 16868
4650 2783
10047 2785
18715 20610
19903 20473
250 25484
1616 26377
12647 6935
3240 1571
10140 26172
528 24576
7764 25111
1185 9640
5181 16807
1373 23678
5478 13945
4275 12395
3945 3458
10330 20937
104 11979
4482 1255
3858 24737
17376 576
7368 14547
1779 11912
420 12270
1906 21538
11092 21529
6398 7480
2387 25854
1776 25768
4516 23273
19332 22909
12418 20979
16608 4267
4113 1429
9501 3422
12049 27940
5007 9731
17898 5318
1872 8028
19563 25952
10694 14845
6030 11918
5994 10109
17869 5046
4076 9116
1450 12180
11081 2262
4856 9018
357 25752
6718 3388
82 25645
12532 4238
8940 26678
6831 9390
9310 23770
16904 15285
10529 15818
14240 2739
710 15421
7712 29905
14424 13468
887 18888
7262 25856
4603 1448
1665 224
16074 22136
312 3630
14082 20757
15943 20478
9928 18961
16400 25200
677 26445
16146 12520
5199 6337
19390 7910
13090 668
1445 29911
10400 28872
12493 4439
19270 13219
9397 6379
18199 18454
17705 11467
2922 19325
3237 5649
15866 14696
6762 18752
931 4100
9419 17003
18350 14490
1253 7049
9381 6152
7528 23028
4436 28291
19439 457
16094 8803
10175 7653
931 14949
5447 24764
15092 14278
6662 23922
1663 16221
9466 23220
15945 9754
16981 22999
9144 11569
3896 17062
14360 10038
1915 13181
19651 786
9318 4982
3525 6009
4999 15754
10837 11932
15761 14172
17215 26131
16193 1339
4243 17239
11621 27289
4331 20895
1466 17019
7289 28380
3064 5796
15007 28492
9126 23021
5357 29665
19746 29119
14650 780
5051 15578
3553 20420
15725 22787
11955 9160
13993 29534
4070 12081
17341 14469
2428 225
13619 8361
3476 25804
14512 10385
12180 999
8159 20931
10042 21903
8996 8186
17887 9858
7836 27972
12598 16924
4705 23168
17852 25558
6048 18150
18516 3718
11620 19565
16471 28188
12779 26023
2721 16
14616 18354
9620 23927
7807 18139
3135 22188
18116 23623
6303 7219
1916 2610
19839 144
17634 16029
13744 20938
1103 2446
12805 24813
2746 15568
10406 1574
10156 14094
832 13733
17767 15210
17761 29083
5553 13272
401 17243
15288 16661
18860 18931
4972 17676
4372 6721
10456 12011
11411 1942
19086 4504
14735 9222
13428 6786
9966 10900
9708 29465
3911 13468
2470 26498
8820 11520
18951 16261
7445 10415
16513 17078
19656 3117
17630 2986
18017 19057
1721 29353
2056 3108
9302 28671
765 29307
5386 2635
411 3530
5520 15678
5906 4934
16449 23578
9316 20417
9895 24103
4200 18631
12960 18958
12938 9382
11263 21078
10775 14300
3123 4779
9583 20980
14605 4705
6343 6873
8280 2064
13007 6334
7267 15264
11481 19698
4360 15172
14613 2577
17978 22173
18619 3537
16980 19176
8498 15190
18855 11533
18058 1657
17814 25262
18744 16853
16917 24782
12202 23495
5120 29246
16874 28853
19662 12910
13005 1832
11079 9958
11523 5552
5190 26424
8718 23916
2466 20534
17885 7350
3083 10799
12025 2847
2709 337
13204 27474
4915 2023
4597 368
2852 13828
3748 27987
2943 8965
15324 11556
9070 6087
98 14797
4034 27659
10138 5044
1979 29588
646 15143
13983 19687
14674 6428
4154 23461
10412 3074
2902 18428
8078 1570
1652 9119
10196 22721
15887 21661
11209 13686
1914 23946
5326 1297
13708 9286
14412 26104
1918 15524
11084 13186
648 20205
6566 9090
5181 19676
9202 15348
11374 22456
4135 16354
9750 5110
4894 22355
13627 20048
2639 8378
11413 11280
3237 8275
4265 22754
17868 2608
14384 13212
8414 29949
9161 26376
14372 15923
2070 25431
5325 3723
3051 24490
7827 29973
18042 10024
8131 18721
5583 5944
11115 10905
5090 12470
4530 2883
19649 6827
11553 6862
3613 11365
3391 27389
4862 17214
15610 3040
9945 27970
12127 23778
14951 13600
9854 18964
9814 1974
18468 21819
12505 28260
14617 7901
9306 23631
7128 11596
6679 19084
4738 21941
17768 24153
16088 5711
2767 14976
9318 24847
4651 29097
19766 22102
2525 19175
5931 28670
9382 18053
8311 6219
6531 27537
7804 19757
16339 15624
3079 7587
8399 17969
13489 29855
13348 3460
6487 4092
5742 21463
1056 16882
18317 5639
5422 24090
4394 8254
6102 29709
18109 27272
14308 14583
16388 11540
7043 25082
7366 14296
8790 2026
7945 12098
14591 15899
16431 17851
9081 7396
4130 1018
16591 6106
2473 2021
10058 29921
1047 3371
8815 6463
6487 19412
7063 13976
5504 6342
3323 7761
17289 1579
5828 21287
10625 27398
12846 8997
4523 2006
15810 15266
12523 18498
18454 28282
1533 15605
13624 7228
14365 27767
1975 20105
13768 10668
9466 17953
11693 18018
8701 9964
9222 16969
13034 6920
14346 11876
19456 28648
7846 3251
6179 21746
16890 12833
19941 3849
10525 3727
1252 7506
11923 23911
17710 496
16290 16568
13430 25970
727 3284
8238 26100
16194 26628
17225 826
2384 26415
5666 14705
8517 22856
15592 6903
15094 3573
15665 10193
17074 12440
10827 21361
14819 7350
2750 15617
12678 10233
16170 536
2985 12765
5972 8976
18533 17103
18949 521
3642 7347
10312 10588
19891 1734
17141 26852
18659 8935
10313 13801
11358 10933
14130 19852
11994 16851
17265 7062
9066 24620
4153 25918
10929 7818
2067 26698
12550 645
3699 22451
17424 4141
19184 23424
10556 24270
7851 19764
15458 3029
15669 21943
11664 18975
11073 1742
8098 13000
12341 906
9091 27381
5447 5621
3643 14393
14750 12637
10659 25210
12641 19938
17468 24601
5561 231
12022 21331
1034 7612
15245 18523
587 11479
7455 27984
241 27148
18374 12312
13783 29315
1113 12654
16694 19597
17072 9550
10159 2762
13623 13489
3784 17951
9312 2130
4979 5978
2646 11426
18370 24307
4595 6496
7842 23102
15238 5603
12029 23116
12923 3530
2333 27206
7427 25909
7674 3236
10742 25194
19893 8108
3484 12348
2936 6909
9527 8022
254 23761
9146 5792
8809 24805
6626 20095
17265 22821
6416 27308
12412 12924
19075 23213
3078 267
12005 10849
15261 1614
4980 12919
18372 14906
6927 25854
2336 23186
7794 10783
18768 21369
11525 26724
18084 25231
5254 17430
707 13685
16254 28336
16919 29647
5006 26272
10577 27490
11260 4639
9759 9448
15424 19670
11418 23838
17768 7312
15103 28712
5252 11329
2470 21659
15458 21876
13778 11034
8289 26769
8587 9304
14821 1816
17921 7232
2708 23886
6692 27955
2669 19652
3893 27632
4243 18954
2360 29768
19345 6542
757 28581
11452 2646
19647 5963
6037 5824
15209 6864
10197 14894
12781 5336
4769 988
4598 5550
13541 12123
5780 2051
14303 7728
967 21651
171 13603
5241 6762
13861 23818
18136 21245
11706 9215
18325 24679
12659 7007
6036 4572
1311 22454
11222 28368
14274 18412
15833 8752
8898 22193
5833 28976
8802 24663
316 29787
7979 1264
8908 16651
8179 24605
16940 15019
2377 19751
5245 9550
6982 1892
18879 13327
9547 28527
16548 6936
10420 1873
14172 26655
11932 3161
13300 3080
9574 191
8294 28422
18507 22968
6884 27029
587 9693
