30 300
8 27 49
26 8 31
26 11 18
27 22 58
15 8 55
22 12 69
22 5 1
30 12 64
19 11 48
12 24 14
8 25 97
11 23 45
16 24 46
26 28 33
17 26 35
5 21 77
18 8 82
7 15 30
29 22 31
24 6 15
3 11 70
1 30 20
2 29 29
16 13 75
21 10 50
2 9 72
29 14 43
4 30 68
20 21 83
1 13 4
6 3 49
6 14 35
16 25 19
15 25 88
6 5 28
17 13 25
14 14 67
29 13 42
1 5 100
10 4 83
3 27 3
5 7 95
22 25 92
12 16 2
10 1 98
1 22 11
28 4 77
16 26 6
4 23 94
20 28 26
18 18 32
29 30 10
14 7 12
4 1 49
19 4 76
3 16 34
4 29 11
17 24 94
7 4 76
22 10 46
12 25 18
26 13 5
18 29 34
23 16 71
10 24 77
3 7 67
3 1 83
6 15 8
20 16 15
27 19 44
4 4 82
14 13 26
1 11 7
11 24 48
15 9 21
24 24 99
15 27 98
22 9 91
5 5 13
27 24 20
5 10 3
27 20 79
19 9 54
18 25 29
6 8 73
3 5 37
16 22 37
2 28 12
28 22 62
12 27 90
25 6 91
16 11 78
7 29 40
14 20 19
10 28 29
11 6 34
3 29 67
26 18 26
24 2 35
21 29 29
20 29 92
24 1 23
2 3 43
13 21 50
20 7 13
5 19 12
25 13 77
23 10 35
5 13 98
4 5 96
24 20 36
25 20 62
7 22 84
23 12 79
18 3 89
16 30 29
6 9 71
20 6 61
22 23 7
12 5 47
15 10 41
5 26 98
17 7 86
1 21 93
11 9 39
23 13 16
27 11 12
9 12 45
21 12 29
29 11 87
18 11 72
16 14 89
17 1 69
27 9 21
11 25 9
25 3 87
19 20 37
12 14 4
18 14 52
6 22 27
25 29 9
15 11 29
13 13 83
20 26 29
6 27 59
4 26 91
3 4 52
10 11 100
18 13 17
11 21 77
8 8 85
12 13 33
24 9 75
24 21 52
19 7 24
8 7 93
2 6 12
27 28 100
20 9 95
18 9 29
22 8 5
17 27 56
20 17 62
29 8 59
30 17 98
27 25 24
17 3 84
18 21 62
26 24 53
29 24 41
12 12 53
30 7 36
18 28 86
7 7 4
28 5 72
4 25 38
3 20 19
26 6 44
23 18 11
7 27 25
21 4 61
19 25 83
4 22 20
3 19 96
21 6 100
27 4 60
20 4 1
21 16 28
16 18 7
9 21 16
20 1 71
11 12 58
19 14 31
14 24 50
29 27 66
26 23 49
25 24 52
8 1 18
8 16 32
17 2 42
10 18 59
27 14 2
22 14 47
27 5 52
13 15 48
17 4 75
30 9 36
8 11 38
25 10 75
6 29 98
9 14 11
1 16 66
11 30 89
3 3 33
12 15 41
10 16 99
11 20 58
12 17 57
22 18 79
8 19 83
14 15 66
19 13 1
5 20 81
28 23 59
2 18 28
8 13 15
21 19 44
17 5 43
13 3 37
12 8 13
7 13 33
9 28 75
28 6 11
19 1 13
18 30 11
25 28 65
29 29 89
15 17 96
8 5 38
14 5 47
28 13 16
21 26 81
30 20 27
1 18 44
2 4 7
22 24 72
22 26 15
22 22 64
23 19 59
19 2 94
30 27 11
13 4 99
10 12 38
22 17 9
10 19 39
2 2 3
19 19 7
29 28 86
29 17 52
19 30 94
30 26 69
1 15 9
7 26 51
14 10 7
22 11 47
7 28 57
9 10 80
20 2 45
29 1 5
14 17 100
7 2 100
28 17 93
28 1 82
24 18 28
5 18 6
11 5 3
26 26 58
16 16 13
25 26 48
4 11 37
4 15 78
21 23 54
12 28 45
30 22 25
26 19 57
15 26 16
24 15 5
6 16 66
23 1 44
10 29 45
20 23 3
15 2 71
18 17 62
21 3 29
1 12 98
8 17 24
27 21 79
15 23 73
15 20 15
16 4 65
