200 500
3 4
31 7
37 39
57 53
26 19
8 39
17 21
44 9
55 43
17 53
10 18
24 32
52 37
5 44
45 33
19 54
15 17
23 47
50 31
16 37
35 52
36 18
48 47
54 37
8 15
19 8
30 45
53 41
39 59
24 18
28 19
7 2
60 37
33 33
51 43
44 45
27 24
52 57
23 26
40 47
33 28
42 35
9 36
54 4
15 53
25 47
54 59
17 43
40 38
39 31
45 3
1 29
21 48
14 21
36 37
1 52
19 9
6 9
14 16
9 57
2 3
24 0
10 33
24 47
8 12
11 47
10 37
26 40
28 51
20 54
6 28
48 51
40 36
27 19
20 38
48 36
31 36
2 41
4 44
18 13
41 14
48 10
41 27
46 38
35 50
58 60
49 37
11 48
56 3
41 43
21 37
4 20
36 25
41 24
16 44
17 1
35 14
60 14
7 3
30 19
41 6
16 45
57 25
11 22
9 59
52 4
1 51
22 31
34 56
56 52
17 26
39 5
34 36
29 45
31 51
28 43
24 17
8 17
18 30
35 44
49 28
1 57
46 57
33 39
50 32
6 10
18 20
33 15
8 5
14 12
18 29
49 17
42 50
29 37
9 43
18 31
38 60
58 28
7 54
58 8
10 38
54 13
4 31
26 21
3 14
56 4
38 40
10 15
27 53
7 52
27 57
22 24
34 33
37 26
12 41
4 17
43 17
50 21
40 12
50 13
44 53
58 56
39 45
32 46
52 5
23 18
8 48
6 12
54 51
39 54
41 41
51 11
2 22
26 44
60 27
10 3
10 47
48 60
34 4
31 15
14 56
28 41
42 25
6 13
50 20
13 6
3 13
12 3
10 59
20 30
36 34
26 56
25 39
45 58
31 4
9 46
45 44
29 34
28 47
25 27
