500 10000
113 265
177 114
85 6
9 96
253 165
217 161
93 190
271 280
243 10
280 143
91 123
0 55
64 242
136 175
299 77
196 197
152 152
275 95
32 182
114 235
183 108
200 245
195 160
230 208
78 235
52 288
59 41
260 150
167 5
27 48
289 45
33 128
43 139
300 17
134 38
217 295
25 28
42 36
98 223
38 191
251 123
185 257
33 90
97 213
9 135
149 285
294 296
187 10
30 207
158 76
296 196
211 183
158 61
16 165
43 283
203 62
20 244
298 235
176 154
158 186
38 18
240 203
42 212
49 98
191 112
254 211
198 220
267 185
292 195
169 269
69 1
212 228
143 34
275 156
207 171
68 206
261 12
128 79
81 110
289 226
79 246
120 250
104 287
204 60
141 261
188 151
99 260
237 92
132 209
269 20
56 226
11 255
235 181
150 225
25 239
130 9
171 226
0 247
2 216
214 59
260 247
196 286
68 82
116 140
22 269
156 175
34 161
6 257
191 131
180 27
64 60
298 157
201 158
98 182
166 282
138 22
99 106
266 11
146 31
107 222
251 48
115 46
293 236
206 264
280 149
204 204
222 74
143 195
150 73
102 55
224 259
71 248
273 101
242 83
244 153
14 253
192 71
197 175
226 263
257 154
106 265
261 53
246 202
224 196
46 9
270 122
273 217
61 70
6 166
187 115
154 253
106 65
79 261
101 113
25 209
273 214
125 49
141 273
240 205
266 108
286 154
243 24
106 207
282 192
51 257
269 37
106 170
186 155
294 139
112 92
132 18
247 122
42 34
255 62
169 214
46 0
281 241
140 191
205 157
88 292
147 255
22 262
70 89
167 280
278 276
79 146
202 232
190 284
11 277
82 28
39 22
42 199
198 176
190 94
33 204
71 146
5 13
271 26
282 101
167 274
105 110
32 123
180 218
275 226
169 57
28 78
48 106
23 93
264 100
219 202
219 176
208 244
123 43
223 66
227 207
233 9
217 170
210 106
264 136
222 35
180 178
135 127
163 249
263 142
110 230
188 236
264 244
80 50
67 49
55 279
6 113
246 295
177 206
87 27
168 35
22 147
27 259
253 227
166 152
100 47
138 116
118 234
144 176
114 160
269 241
267 52
139 90
130 155
103 277
14 168
116 113
25 137
73 228
287 118
43 166
24 191
263 43
154 248
99 92
204 214
144 288
167 287
37 180
38 91
46 154
158 231
139 60
53 272
278 34
26 123
299 170
72 49
265 207
34 53
128 195
40 100
179 227
262 117
280 91
274 67
141 26
193 102
85 195
211 11
44 230
11 55
163 131
53 199
188 201
135 143
259 186
249 244
131 22
8 165
82 163
293 244
48 150
216 176
228 52
170 187
289 109
55 85
192 262
164 164
117 31
212 22
247 132
273 58
50 256
67 151
101 9
233 224
282 21
120 112
152 300
80 245
283 54
107 68
103 63
240 268
204 210
185 195
265 262
265 151
257 195
275 252
259 25
100 290
190 69
111 99
248 279
232 17
207 95
36 60
249 252
38 189
33 35
295 60
9 42
1 80
0 109
104 229
97 268
277 148
0 233
225 45
236 27
31 272
250 7
24 178
61 249
229 192
184 108
66 137
50 109
140 292
20 47
206 144
35 122
211 289
46 38
239 207
12 136
134 11
76 296
131 12
45 184
233 247
145 224
53 99
146 112
284 92
85 44
83 194
52 131
93 133
249 268
159 11
298 222
91 179
282 114
126 49
126 280
236 107
291 234
105 121
98 61
141 197
166 108
153 241
68 102
218 294
248 118
15 204
140 240
168 266
155 75
37 144
281 116
96 30
174 101
31 63
29 175
94 70
194 275
101 173
132 212
247 239
94 183
203 4
81 269
106 107
244 77
147 36
107 46
217 18
227 181
18 253
20 112
60 115
130 162
265 134
245 13
153 210
255 216
221 69
249 94
265 97
52 258
183 183
191 17
46 118
242 216
166 117
246 298
251 216
254 179
86 173
212 5
0 73
47 31
83 84
235 58
87 61
95 64
118 139
176 209
201 40
44 21
67 242
247 189
137 168
47 283
85 51
150 187
64 45
48 174
95 28
135 78
154 45
187 254
112 37
263 1
118 168
161 206
222 263
189 231
209 124
164 269
294 145
79 71
280 7
87 279
16 127
283 198
207 97
144 231
42 59
192 288
144 200
154 47
152 251
256 166
75 1
241 69
285 98
75 230
177 281
71 2
146 198
138 140
139 109
165 109
65 196
186 150
248 241
289 140
292 27
64 34
220 66
