1000 10000
299 151
213 8
147 144
200 201
175 213
98 96
27 11
97 42
29 244
12 247
148 130
133 262
238 265
185 220
96 32
150 180
246 213
255 185
267 4
24 120
81 201
176 159
295 295
282 294
99 116
55 5
271 52
101 71
229 134
294 79
200 168
246 228
98 210
196 88
237 28
281 77
234 199
265 143
181 254
210 153
27 12
12 168
201 24
156 253
26 173
103 22
275 140
13 129
233 159
2 133
277 10
48 209
289 40
298 109
164 72
278 270
235 157
22 286
192 3
158 82
112 65
184 77
59 29
50 171
33 221
57 163
171 296
57 295
298 291
42 182
105 58
147 267
67 290
55 99
236 177
258 191
300 70
107 255
39 230
199 75
112 272
149 124
37 98
221 250
284 96
227 276
243 187
142 287
88 239
221 98
205 12
184 36
262 119
278 4
241 251
204 270
107 69
117 196
282 12
290 180
51 294
123 50
300 134
117 217
80 286
160 63
132 242
258 115
174 7
296 233
112 268
74 69
244 84
51 171
277 253
186 139
293 298
297 197
77 73
81 141
199 106
210 141
232 18
38 48
66 83
92 42
172 115
55 176
52 70
162 72
190 75
126 113
80 9
217 242
140 2
0 229
162 133
124 170
125 189
176 236
1 38
41 156
273 75
89 267
187 178
60 62
102 275
120 287
146 291
278 167
104 251
158 245
45 291
177 83
291 157
287 191
120 75
46 79
173 21
240 209
202 251
85 135
208 47
135 127
72 196
155 253
254 110
249 169
193 234
275 163
115 46
272 298
151 246
259 246
277 131
148 189
236 185
56 253
169 134
269 89
287 229
225 95
214 115
286 231
236 94
43 224
289 163
262 70
255 141
256 218
9 169
138 239
170 103
296 177
236 123
24 268
54 249
40 268
215 87
107 25
272 227
31 94
151 61
234 185
153 110
255 77
136 224
105 177
106 283
246 30
18 292
197 77
115 257
230 220
291 211
36 296
171 34
155 46
199 199
84 122
99 130
102 217
277 77
36 275
199 67
245 151
131 126
55 91
181 84
157 36
217 146
53 194
284 119
146 214
102 249
17 141
192 5
100 3
294 139
287 249
180 188
217 14
23 197
72 206
152 105
74 47
239 300
51 246
46 265
239 148
60 115
146 172
31 56
244 258
200 200
83 111
41 214
124 152
43 272
239 290
77 241
232 41
148 218
88 152
222 255
222 227
217 160
113 212
102 257
225 220
102 210
167 28
135 37
25 136
241 273
73 84
112 135
96 93
0 177
269 186
107 30
19 18
38 7
250 233
128 87
18 126
270 226
251 35
188 31
193 236
66 71
198 293
177 33
253 222
286 147
235 288
143 132
209 64
292 110
176 10
242 243
22 7
296 44
192 207
96 148
158 25
158 181
16 75
82 65
143 58
183 144
181 171
294 250
288 201
118 244
10 53
42 96
6 261
197 185
73 290
224 241
108 66
98 29
238 242
183 281
134 245
258 112
76 246
187 12
102 281
159 181
27 68
299 87
282 115
237 60
271 115
180 11
78 0
51 67
78 32
72 66
67 106
167 123
296 26
261 39
41 131
35 122
93 200
291 117
46 123
136 267
222 120
164 279
240 113
82 267
40 84
244 198
1 65
108 34
158 265
244 32
101 45
224 41
290 248
26 261
49 45
151 203
95 60
277 128
218 219
272 60
93 189
200 162
239 163
108 32
76 43
287 50
75 13
126 10
274 171
22 214
26 65
24 19
259 62
96 200
162 42
247 39
4 185
78 230
138 120
228 226
122 223
59 83
225 59
84 219
163 102
59 152
271 160
17 112
185 107
81 233
215 57
53 7
141 264
85 77
151 127
171 114
108 10
175 47
183 267
186 99
153 195
196 119
9 256
298 204
145 18
30 96
142 18
18 153
283 285
210 0
81 294
218 186
19 13
202 141
46 168
63 179
296 271
141 280
135 161
30 225
192 170
143 70
57 56
121 262
208 260
296 108
78 48
218 181
167 225
1 207
269 214
203 160
260 268
63 4
131 130
77 196
123 171
182 134
253 102
270 33
220 147
283 273
52 145
245 42
254 251
117 202
253 283
84 176
15 138
39 236
135 244
221 120
64 13
129 56
60 188
244 180
187 45
285 192
12 250
68 276
173 103
165 194
195 251
202 261
117 239
3 141
212 279
208 107
269 142
217 204
47 19
13 101
109 198
266 17
169 236
115 34
104 72
215 22
177 87
243 286
79 39
257 85
188 163
251 177
22 154
266 289
191 109
166 234
140 112
12 155
170 7
83 58
64 99
267 84
121 293
247 118
41 160
184 231
212 250
214 2
60 27
159 256
142 142
121 289
269 273
181 215
86 41
288 98
37 278
229 91
9 197
143 24
108 186
169 180
130 193
235 70
26 75
234 110
83 200
95 137
291 0
153 67
183 23
208 121
53 219
204 254
140 217
121 141
262 291
216 87
133 44
193 248
112 49
107 220
33 190
99 137
26 204
3 277
181 213
96 150
13 30
63 261
123 208
122 298
15 56
261 93
249 251
118 122
37 119
199 213
2 2
152 135
286 288
14 57
78 144
288 257
17 11
18 70
163 67
289 93
297 23
178 55
132 139
224 49
134 53
51 189
210 272
264 139
254 82
251 196
196 71
138 286
80 206
106 298
226 175
18 131
236 145
284 110
203 104
164 216
110 201
258 239
192 130
235 174
99 200
3 43
221 39
250 251
117 137
39 46
79 227
122 126
116 119
270 183
21 116
218 248
12 242
199 181
56 256
64 298
264 206
270 185
24 10
97 163
258 107
213 189
298 184
227 239
190 127
127 255
250 89
126 261
268 224
246 21
5 27
48 101
191 205
209 97
36 160
94 17
76 56
169 9
168 232
148 123
42 111
259 109
293 118
263 31
42 119
219 187
85 21
206 294
289 241
159 274
119 22
280 143
110 210
12 284
106 289
144 65
76 254
298 223
78 166
77 183
64 186
191 271
77 300
187 153
100 220
56 252
260 145
103 218
112 22
244 45
272 52
17 151
71 81
62 188
221 234
231 171
192 218
177 165
29 57
136 28
187 261
266 205
102 189
220 228
109 221
60 166
212 255
98 218
2 179
181 264
152 133
74 16
43 27
46 19
63 88
206 263
183 28
39 251
267 251
150 63
271 297
54 143
64 89
124 294
37 243
282 8
185 262
282 167
114 267
228 97
35 235
75 205
101 108
67 182
262 123
189 32
287 133
104 275
298 174
137 162
209 240
217 260
290 175
51 226
159 210
212 258
88 90
294 82
66 69
10 188
38 255
50 266
151 37
94 14
221 119
120 13
30 82
91 141
67 146
33 67
197 132
223 226
91 235
129 125
52 133
139 284
120 252
242 76
213 6
30 124
63 8
161 263
29 264
94 268
192 296
107 12
5 114
250 181
274 274
183 285
67 161
5 25
3 60
202 217
203 259
179 228
286 83
284 279
234 136
299 30
15 184
128 26
130 130
154 133
213 297
273 152
85 119
19 200
237 9
86 61
255 32
133 71
14 273
40 228
153 114
174 28
28 214
6 232
207 163
210 27
148 180
16 170
95 26
254 81
165 210
34 213
185 173
132 220
300 187
27 95
296 132
221 95
24 72
10 126
197 110
222 291
113 155
49 160
67 298
290 152
111 175
296 218
249 222
273 180
33 42
295 159
148 138
253 269
3 274
202 6
177 146
49 237
53 99
195 42
17 291
156 233
183 215
157 61
107 156
231 169
132 33
30 233
94 244
220 120
174 257
79 276
71 179
247 117
95 93
251 109
183 275
184 62
79 7
72 210
82 10
43 180
137 113
263 161
70 265
102 128
109 10
158 24
256 144
204 157
231 122
261 166
107 242
134 135
189 220
247 149
228 278
125 76
151 107
58 205
68 230
139 289
113 93
98 86
90 42
199 53
4 266
41 264
202 245
189 162
150 143
141 43
204 239
289 112
223 243
35 159
270 205
247 284
270 177
182 293
253 33
50 176
277 251
34 25
43 161
46 85
243 58
121 297
136 225
294 137
84 292
115 173
113 13
117 288
76 76
53 152
32 161
76 78
106 224
182 68
61 300
238 61
144 145
297 207
15 71
153 259
107 46
201 80
162 243
243 236
277 168
249 147
292 105
261 215
69 112
177 212
211 292
69 16
171 287
117 222
252 271
24 79
130 201
144 264
108 290
175 300
270 97
77 185
55 56
190 147
21 144
51 130
157 266
157 274
293 263
278 217
164 155
223 29
51 269
213 289
272 90
19 245
186 233
71 278
12 39
131 296
162 90
127 36
208 138
111 289
298 61
233 68
162 62
21 130
28 210
218 294
143 31
287 16
31 270
259 174
83 231
177 227
0 62
39 133
111 126
263 61
36 95
231 113
264 288
39 203
171 36
176 283
128 116
98 265
209 18
151 36
86 220
103 41
120 140
288 225
118 216
152 227
86 272
18 267
19 107
236 23
93 58
57 125
137 44
97 94
110 207
109 158
65 246
29 270
51 9
3 206
49 273
44 251
56 243
193 47
15 234
