1000 5000
750 294
301 583
280 586
192 907
365 661
653 97
387 692
641 813
927 243
680 460
634 644
779 537
553 691
552 826
720 833
68 519
403 998
962 517
157 76
256 604
321 404
762 14
274 641
350 376
982 601
99 963
897 174
270 352
193 984
634 329
891 655
591 52
800 761
183 29
71 491
407 958
171 760
387 491
414 639
750 694
647 520
43 50
231 462
445 471
131 599
930 179
929 349
442 830
16 891
115 70
656 979
904 686
74 232
713 565
828 990
499 731
811 15
91 837
774 956
304 856
621 701
284 783
548 626
862 737
502 574
50 953
645 325
841 948
658 195
988 218
176 702
991 905
441 70
838 26
556 809
529 19
534 614
486 946
1 917
699 204
1 21
628 350
432 890
705 665
166 174
385 623
256 251
309 108
780 458
506 250
565 991
911 79
190 553
102 989
623 155
131 85
459 22
767 777
363 950
860 367
541 309
961 778
313 447
171 515
708 43
142 292
385 125
79 156
909 753
186 391
376 357
283 303
370 31
608 617
543 919
785 273
833 100
100 525
489 787
186 781
83 217
635 299
591 35
396 65
919 354
926 1000
946 633
479 802
152 735
451 229
18 606
439 978
737 809
373 167
333 205
835 172
848 181
170 242
253 99
479 891
818 305
428 612
710 451
989 773
875 958
239 4
543 604
551 324
501 25
547 919
184 961
303 959
154 188
732 85
48 149
386 404
194 210
104 327
578 421
874 606
323 598
615 64
11 948
655 374
246 317
692 693
620 766
838 112
914 369
7 235
894 650
689 588
848 822
975 360
220 99
394 981
92 911
566 800
917 448
988 406
973 524
141 748
211 645
387 436
510 269
425 363
42 308
911 354
489 976
47 238
920 875
910 948
967 876
543 830
944 622
145 838
590 544
738 804
776 644
292 553
118 887
815 633
642 814
264 539
616 867
601 18
208 95
282 187
45 419
4 771
745 669
185 140
547 775
458 793
732 701
689 196
243 877
642 586
979 627
8 444
710 146
288 987
544 722
749 318
833 594
410 45
494 99
162 218
395 675
527 918
354 31
511 259
213 215
318 568
464 650
699 544
425 751
272 423
206 573
13 614
144 171
409 31
160 814
803 448
812 627
772 171
717 611
552 221
186 126
946 155
45 996
903 303
311 545
252 490
846 97
262 165
611 215
780 91
306 95
335 741
972 767
992 39
492 32
337 969
606 574
126 108
650 915
85 868
440 356
336 292
909 355
363 65
276 376
884 63
376 473
991 621
922 888
698 494
606 837
621 349
936 902
382 277
74 669
986 49
756 579
118 452
614 451
441 308
652 203
705 365
308 461
722 442
27 323
870 368
660 620
411 942
768 706
256 903
265 670
988 896
454 369
705 244
287 851
154 416
730 856
346 708
410 452
896 607
193 354
169 374
909 561
346 712
756 301
713 71
120 75
716 201
243 936
669 850
957 249
490 286
606 603
41 279
960 659
127 778
743 890
855 160
176 239
167 925
821 201
444 86
951 294
429 918
903 201
285 739
450 101
745 598
681 653
303 389
229 180
886 234
190 755
743 331
442 541
255 925
743 835
256 348
645 941
200 541
383 815
435 302
311 879
178 858
856 819
28 816
832 127
654 176
473 268
502 352
356 497
765 100
469 424
126 556
103 951
158 700
866 252
579 669
374 626
372 770
323 994
687 813
154 504
723 277
193 171
820 219
847 820
442 807
553 800
116 287
896 362
742 657
48 536
590 871
497 829
454 452
876 9
479 268
117 589
879 724
314 313
489 168
817 146
629 664
67 352
182 756
992 478
349 552
555 215
805 764
908 251
56 324
427 922
527 339
274 254
628 241
801 430
663 41
492 660
748 459
108 470
744 786
550 3
207 208
874 124
428 264
280 69
386 743
828 813
938 834
172 636
238 135
698 957
347 77
793 172
340 787
575 773
409 843
931 95
721 901
444 122
416 937
779 467
281 823
445 358
436 958
964 290
39 242
952 954
4 432
235 979
673 725
829 890
106 675
327 70
619 792
74 862
624 282
659 958
261 99
420 117
945 357
626 766
324 799
607 246
481 40
801 520
816 943
729 119
177 622
951 239
434 541
892 814
619 690
219 913
375 626
133 129
820 974
657 60
477 145
178 710
134 908
870 961
714 941
85 123
586 179
995 950
48 888
404 996
94 644
332 738
984 255
134 528
520 575
621 135
383 271
243 728
178 440
934 743
793 241
30 509
515 18
343 939
12 845
724 714
955 306
533 53
378 418
209 682
727 801
517 820
771 349
982 858
20 823
943 255
889 760
245 228
627 899
131 216
662 895
674 373
907 788
152 141
169 834
86 938
225 914
79 525
983 967
508 445
771 760
409 679
949 173
583 202
213 14
762 987
654 447
3 571
992 188
135 994
181 218
615 161
474 932
27 168
868 567
1000 190
432 526
176 243
330 558
316 1000
533 421
984 613
409 332
917 234
315 606
972 345
153 188
239 26
862 727
392 79
684 229
110 869
555 36
534 85
791 760
20 29
277 606
986 605
452 217
873 89
550 812
588 604
583 446
347 832
742 641
784 379
208 787
372 941
410 486
639 700
143 99
459 996
710 262
190 611
582 920
776 637
442 488
896 693
729 563
42 309
238 445
435 704
230 227
482 29
545 719
145 714
903 604
512 605
239 308
373 350
788 387
428 123
368 46
784 265
670 113
242 821
601 553
599 517
71 317
944 102
248 473
376 278
771 766
255 825
718 502
543 773
140 895
251 290
923 788
449 866
141 606
69 319
840 187
724 457
254 928
925 593
756 714
159 587
432 490
554 388
833 965
832 915
744 293
511 789
465 417
424 121
945 35
887 414
657 220
23 832
671 78
764 668
931 463
828 357
50 68
255 475
187 5
666 307
312 564
847 968
776 330
427 69
944 635
877 719
173 895
81 552
112 928
263 558
945 791
958 382
564 279
222 102
181 690
40 309
433 394
954 276
363 705
617 203
15 380
151 938
334 311
490 578
424 282
721 704
802 963
196 766
934 330
17 21
355 193
837 706
315 477
952 924
787 390
863 729
237 52
331 222
567 686
999 679
489 34
648 86
932 242
437 602
396 903
464 611
822 816
441 224
426 714
427 705
160 520
716 972
982 723
128 630
123 403
844 694
95 540
222 441
475 205
126 78
182 233
999 931
122 211
320 162
850 347
131 893
330 574
12 856
269 587
509 969
298 501
195 761
815 348
848 354
899 873
154 539
472 858
385 382
714 838
298 245
206 751
122 759
26 365
642 774
234 674
948 49
692 205
542 769
777 819
226 815
983 496
201 123
278 913
44 821
81 186
87 532
367 762
762 426
140 304
517 105
208 678
208 974
239 668
601 55
791 676
350 841
509 334
63 367
887 578
299 764
622 559
452 206
773 308
622 848
610 639
957 995
343 353
635 520
626 979
975 759
229 958
478 289
142 91
690 659
74 514
831 898
446 113
189 482
303 524
509 712
329 464
22 665
955 781
387 11
3 547
298 348
381 360
911 147
369 815
1000 249
356 619
928 407
741 266
860 785
528 498
842 275
641 120
629 681
303 65
389 526
662 758
340 369
744 149
536 898
201 544
769 874
124 308
234 106
724 270
972 975
542 14
629 586
447 102
447 501
621 552
3 425
896 369
13 254
638 410
167 197
275 284
242 820
523 865
52 546
250 299
603 499
650 489
193 582
564 980
2 307
318 341
329 319
412 625
331 40
864 187
210 937
610 586
112 577
6 977
271 323
968 216
157 710
521 856
444 977
229 778
163 804
55 96
518 783
441 735
405 327
916 814
956 195
103 21
824 887
170 202
893 767
976 922
25 210
111 475
671 624
261 928
636 912
108 156
390 123
869 4
386 262
945 41
315 698
462 587
935 518
877 867
176 894
901 597
145 368
352 924
119 55
224 906
773 634
804 154
640 703
121 732
879 134
161 381
683 441
826 28
235 847
171 410
408 339
331 780
311 635
567 43
994 203
281 11
102 596
941 798
420 757
154 89
821 312
326 86
711 900
461 754
693 653
789 948
405 232
906 242
260 631
591 992
963 297
791 552
202 227
28 920
409 740
742 199
290 309
450 749
875 965
762 390
600 150
242 655
225 264
206 541
183 607
117 363
791 365
415 789
504 19
614 855
143 549
803 617
391 472
43 671
47 797
218 548
104 400
354 493
825 349
208 335
683 400
703 276
252 507
579 368
89 446
603 305
909 375
129 304
572 97
865 730
905 243
910 600
982 698
351 834
495 588
851 164
731 882
409 240
12 914
441 585
579 295
577 172
194 187
43 654
451 410
336 768
859 327
251 655
117 945
246 433
301 824
695 312
74 710
308 531
209 379
542 543
75 180
931 474
978 135
756 467
903 150
562 474
320 92
602 105
405 693
464 675
796 144
898 631
151 283
871 241
751 273
801 536
499 140
569 493
54 636
496 809
82 931
95 195
889 568
450 844
418 18
977 771
213 370
307 880
291 902
923 605
444 723
937 457
784 158
804 28
335 654
479 655
243 779
553 775
392 564
422 848
752 767
277 828
27 714
806 72
370 935
194 381
165 989
197 711
280 788
998 155
230 994
752 938
365 97
352 346
601 309
500 522
3 937
679 295
577 627
201 961
972 110
232 177
824 860
309 65
642 968
270 421
33 330
185 129
559 240
652 769
172 8
719 951
32 851
496 798
155 50
631 553
517 593
471 797
735 29
3 64
716 580
191 352
881 946
989 331
558 149
188 541
141 579
20 25
552 824
653 728
618 292
362 741
991 585
14 538
392 364
114 145
864 45
20 577
654 248
579 839
171 221
639 542
299 800
9 451
924 811
959 791
299 8
498 871
548 170
483 332
541 357
732 318
453 594
948 776
269 120
874 654
577 327
577 522
46 929
614 726
251 838
690 225
416 233
683 602
431 18
671 392
243 683
474 539
785 423
882 313
958 437
390 921
773 317
722 689
812 7
407 224
799 662
660 565
909 79
21 210
910 624
774 158
510 535
133 90
484 545
244 33
653 716
485 815
718 697
378 509
999 100
110 76
951 240
181 988
915 394
304 51
738 241
717 595
721 171
920 331
897 41
309 995
478 883
374 904
214 271
193 537
840 99
407 63
456 597
874 528
605 404
438 782
593 148
848 909
149 827
874 541
369 628
244 462
308 845
495 746
137 747
861 733
331 440
7 250
534 355
924 938
260 16
26 692
75 592
752 55
680 706
582 302
729 406
286 534
970 1000
429 536
618 77
919 783
680 223
702 661
550 37
804 890
309 823
642 809
245 723
36 411
162 578
38 673
734 140
609 727
369 674
463 687
102 24
746 523
232 208
449 351
778 773
260 56
582 644
159 420
813 8
184 254
710 636
40 561
901 397
239 467
897 279
795 763
904 663
721 846
212 60
123 609
724 140
237 149
797 879
264 838
576 271
69 536
286 561
637 643
836 842
258 860
122 743
92 472
696 257
269 685
602 138
998 162
1 438
401 524
176 218
194 736
165 431
679 18
856 893
559 874
995 245
352 95
340 723
420 53
542 409
318 345
201 423
352 822
995 707
329 438
152 503
76 561
267 923
258 578
231 593
166 995
324 278
152 158
673 765
298 657
639 420
904 423
861 785
472 125
980 64
97 179
125 545
855 900
378 953
239 223
536 349
648 87
526 59
47 901
167 490
416 999
874 326
704 569
784 501
857 590
768 930
453 620
313 150
271 102
105 856
812 658
738 63
685 461
497 683
394 789
265 659
591 761
614 899
24 649
47 770
699 995
167 787
200 316
780 486
628 583
875 715
715 528
855 117
50 189
682 592
297 212
907 712
640 337
1000 469
693 870
665 463
363 327
213 680
450 546
251 385
544 698
887 914
697 338
695 705
528 163
245 884
26 763
704 726
685 299
494 281
268 488
631 446
763 420
39 659
587 136
624 443
459 822
286 833
319 601
334 803
203 916
802 538
733 997
186 47
666 160
731 104
652 325
176 697
855 668
900 391
404 365
673 871
299 664
175 555
937 145
761 180
839 553
952 456
905 66
982 776
592 538
867 507
957 755
904 901
72 840
661 112
37 128
475 118
549 3
275 794
392 830
62 664
305 236
345 556
924 533
638 299
182 473
940 852
483 329
106 705
62 766
671 289
973 571
219 716
230 873
597 739
478 134
512 636
575 329
43 177
101 148
110 419
752 655
231 6
677 382
10 254
605 226
848 787
481 696
86 459
501 715
171 242
594 108
934 995
794 969
576 791
476 406
920 764
554 455
979 387
82 197
491 528
871 150
145 794
916 826
564 645
542 299
51 493
293 471
67 545
427 522
442 630
480 233
237 723
468 707
247 314
464 779
679 634
196 566
501 695
68 534
96 206
796 797
214 450
549 522
706 730
317 153
959 509
454 198
368 472
493 14
692 196
372 222
320 724
846 209
611 195
729 173
131 931
587 863
313 745
313 378
208 988
471 789
461 282
310 197
403 378
730 41
667 265
897 339
861 774
968 691
621 56
326 247
478 713
810 434
337 74
984 948
30 990
52 154
803 885
352 343
996 137
505 776
741 459
763 612
654 597
397 678
729 399
661 326
145 511
783 155
887 949
172 553
944 688
905 399
508 624
716 959
60 642
558 641
470 115
573 308
611 125
546 568
740 690
737 141
778 832
575 472
4 698
917 502
489 933
474 101
15 982
377 568
862 47
223 540
61 356
583 98
436 673
766 567
22 563
676 971
766 255
509 154
813 176
110 967
19 666
251 687
653 66
33 868
450 567
25 215
352 1000
626 491
503 257
349 425
10 230
592 574
346 705
191 984
311 476
832 84
289 744
167 957
773 753
581 647
710 521
793 972
454 14
210 595
507 66
33 956
28 599
159 77
464 104
16 553
651 211
980 647
235 675
274 503
143 537
502 244
375 886
280 452
576 684
667 744
476 851
262 569
945 706
547 903
188 305
767 397
981 879
762 80
995 660
819 640
26 851
663 349
215 929
92 745
249 657
702 667
265 573
443 219
347 467
245 350
754 924
200 153
420 984
457 255
660 1000
189 386
840 472
942 697
93 496
607 566
409 164
708 764
104 591
570 234
419 737
936 901
666 696
661 108
941 768
968 877
554 380
808 119
5 341
458 322
129 387
380 509
252 44
659 554
33 54
153 945
546 830
168 170
303 87
260 721
558 782
886 64
834 260
808 641
356 311
363 89
11 285
602 35
786 928
876 321
342 556
964 515
883 671
397 808
140 278
954 962
610 35
306 713
747 410
659 162
232 51
706 635
232 167
65 653
246 137
743 872
340 136
661 182
771 285
828 468
804 949
865 703
147 110
857 51
440 101
276 298
484 128
691 481
198 68
939 80
669 734
729 452
280 331
198 376
823 327
428 954
817 75
255 931
265 162
357 736
598 322
744 646
636 202
423 833
708 332
337 454
811 100
544 140
249 340
136 592
88 290
53 496
573 213
22 47
145 30
293 903
677 282
921 183
259 510
194 899
354 123
686 759
368 735
984 275
683 710
988 368
554 109
359 167
915 677
833 585
731 873
78 160
890 570
758 145
942 619
540 274
747 776
840 249
374 739
70 699
981 546
283 862
172 931
519 711
957 696
106 455
820 291
847 13
122 622
39 967
310 371
508 927
400 331
389 720
543 223
245 257
780 84
578 222
698 201
175 339
43 950
327 348
607 615
506 930
708 438
282 600
529 587
765 637
608 842
201 453
3 332
552 522
773 618
807 59
70 995
846 844
476 285
733 960
475 13
493 370
544 855
472 178
95 548
559 273
722 761
884 959
243 727
689 84
414 213
592 209
177 639
517 368
259 593
949 609
812 441
80 345
886 938
545 458
848 709
27 1
215 451
319 165
92 490
407 495
208 784
498 769
977 346
384 665
445 535
352 801
846 438
11 47
53 157
281 569
976 454
403 519
765 315
328 848
155 676
42 818
921 167
274 501
399 100
951 613
685 361
511 861
234 584
144 650
190 222
665 422
240 127
653 660
524 164
786 834
607 339
521 148
112 188
39 896
927 491
840 421
668 728
680 191
854 56
635 92
787 36
796 408
66 951
888 285
176 256
50 230
74 123
233 946
421 418
160 423
775 159
611 785
447 22
331 367
270 857
568 31
706 689
639 705
30 745
871 796
720 189
81 300
494 112
415 178
166 597
554 1
785 139
142 395
229 473
67 43
318 35
605 417
785 122
508 854
116 726
594 541
513 107
423 353
698 582
91 185
262 352
733 205
159 297
585 905
127 640
533 679
321 627
632 991
165 411
458 801
687 457
628 934
295 564
479 713
727 907
332 810
177 881
669 814
704 486
751 750
196 546
922 203
364 847
907 229
395 642
325 781
744 498
143 370
738 53
621 483
183 894
967 388
946 980
641 60
753 521
30 212
554 587
199 574
769 554
430 933
997 271
333 921
18 478
322 320
990 373
851 802
60 116
808 774
183 276
645 162
293 399
687 334
772 161
524 442
75 222
16 830
989 127
165 611
805 10
103 268
536 377
209 495
267 178
740 272
249 878
727 507
878 256
303 654
32 441
187 822
244 547
856 883
561 686
955 948
14 43
544 186
960 499
471 899
52 188
1 94
397 609
45 957
167 606
926 601
687 867
863 460
136 58
575 960
473 936
169 582
775 170
604 100
395 643
904 549
524 695
955 646
415 127
766 696
173 810
6 815
705 701
360 977
566 3
449 74
830 717
848 991
478 357
89 104
506 553
877 523
743 760
458 684
918 634
898 202
880 704
239 23
654 459
755 780
640 885
554 968
975 568
731 815
830 829
527 756
260 404
959 82
673 778
420 582
773 540
426 315
538 314
290 104
533 460
987 166
723 238
791 394
185 900
308 208
384 810
530 395
935 806
485 635
274 563
851 279
667 243
698 807
313 798
791 357
522 408
897 902
38 561
62 245
492 791
274 581
23 980
660 593
379 127
155 953
173 917
433 716
176 778
239 718
848 759
91 868
740 149
757 463
937 834
912 860
559 682
83 827
96 604
602 92
806 617
622 133
607 483
93 424
700 814
736 821
186 261
176 7
931 840
372 709
414 254
18 737
294 507
917 534
743 819
29 807
565 928
303 477
631 65
586 915
97 512
71 543
822 883
732 316
102 137
475 802
277 392
382 972
930 831
679 542
263 239
199 620
982 703
155 618
97 200
511 329
442 135
259 59
323 861
833 608
407 873
140 881
404 302
594 776
788 819
105 606
535 364
443 144
355 454
396 358
332 623
392 314
859 567
267 578
893 913
103 837
717 311
266 365
844 510
112 61
83 160
636 205
11 356
993 554
948 352
105 784
202 698
506 520
544 541
449 490
102 900
120 90
262 791
420 522
248 990
100 651
75 928
669 818
59 85
695 711
642 763
884 340
591 219
413 687
859 559
690 262
611 528
593 927
990 208
835 531
525 707
529 838
488 470
110 504
696 132
65 974
220 676
541 378
288 563
725 809
222 903
489 173
28 535
901 488
846 658
242 269
86 569
84 678
455 102
94 667
334 554
625 940
297 838
30 996
546 729
433 354
136 618
823 164
544 102
812 342
867 287
298 480
835 286
783 390
587 821
692 616
532 609
715 20
136 463
856 334
352 772
117 969
612 526
921 832
805 698
418 388
51 787
754 416
184 302
599 650
942 145
6 355
950 904
939 568
731 180
155 673
785 955
938 418
590 496
998 541
395 366
149 419
207 59
267 813
826 961
476 639
813 73
552 868
730 578
930 988
808 416
524 209
603 597
999 545
481 229
106 393
166 23
902 815
437 892
157 676
492 609
596 181
821 392
166 884
578 219
621 462
750 287
93 194
906 554
409 918
544 677
90 813
762 133
484 891
803 125
421 824
469 340
273 491
804 788
701 105
428 639
228 994
211 659
407 461
336 248
501 38
606 432
712 83
549 822
325 786
705 652
646 710
503 384
64 956
951 797
285 526
122 116
519 647
286 958
490 825
488 149
543 934
597 904
811 368
54 415
789 268
38 181
303 829
722 771
139 593
817 418
715 903
737 572
10 875
174 121
239 120
453 423
90 347
897 576
399 309
598 802
439 395
582 566
685 778
849 154
574 295
528 613
646 761
249 709
332 299
443 887
350 815
955 917
171 435
945 132
381 61
531 14
543 303
386 658
870 353
119 297
629 541
355 45
117 118
25 763
900 464
751 809
294 947
705 815
104 536
234 210
156 426
435 619
873 396
735 822
643 386
944 338
892 183
419 551
976 636
217 483
14 272
135 288
27 476
137 799
815 193
25 583
406 644
121 401
370 405
877 165
935 3
929 835
675 678
992 364
513 200
921 578
827 645
671 328
272 807
69 840
325 154
150 60
401 755
572 988
983 825
323 518
106 2
459 707
562 330
597 692
831 214
344 578
859 492
911 197
51 177
126 747
95 289
856 324
104 388
249 566
26 624
709 543
625 588
133 390
985 714
228 697
916 554
690 139
777 962
601 29
476 16
942 907
401 705
624 901
621 809
193 678
181 604
204 659
589 176
272 583
266 767
281 605
155 283
681 438
124 474
939 342
679 584
462 779
327 850
32 724
690 594
633 398
56 626
984 146
926 716
87 554
315 955
788 402
571 330
787 635
843 324
196 205
464 365
281 805
6 137
735 403
715 303
595 506
461 133
456 161
426 448
378 226
82 234
195 728
481 583
726 995
497 341
35 441
318 130
406 293
743 939
414 776
689 861
269 355
205 736
896 476
841 913
548 308
46 577
816 579
734 686
670 21
154 371
275 345
901 540
626 271
538 672
334 691
704 510
570 84
568 317
22 453
841 980
849 147
773 453
67 117
949 279
970 123
829 111
498 870
260 784
400 910
57 768
712 837
256 300
596 969
667 999
249 482
504 268
209 890
249 98
127 292
568 84
485 66
156 788
18 537
848 231
964 497
593 617
953 951
256 731
747 949
464 283
558 219
509 722
172 998
694 363
95 810
550 437
245 439
764 128
465 296
932 757
758 61
597 7
628 442
535 662
159 229
800 298
747 165
766 866
881 860
814 572
342 531
829 69
834 254
812 321
966 629
37 238
360 817
632 677
377 4
444 644
661 236
809 271
478 935
882 584
716 362
81 48
566 127
199 889
639 455
399 734
297 922
110 878
958 518
283 84
689 412
144 261
329 854
435 725
877 139
211 170
404 460
268 863
784 841
665 731
578 288
30 352
171 149
322 987
401 382
595 168
17 299
654 796
812 890
887 840
911 562
481 132
168 405
355 702
910 772
129 391
130 917
964 432
711 458
516 190
175 728
837 977
733 401
159 162
579 950
877 903
809 370
414 96
23 415
795 326
23 154
656 708
242 759
74 893
737 973
134 654
901 158
208 538
804 920
918 983
69 276
911 238
299 496
713 977
724 4
260 651
222 273
831 317
104 773
335 1
848 855
604 791
63 155
184 278
324 661
690 174
212 144
758 686
939 763
367 135
676 423
958 595
225 556
728 71
651 7
502 717
643 534
303 319
660 572
202 718
110 219
305 973
251 387
239 699
263 409
608 924
769 835
75 848
463 814
939 957
864 249
391 932
574 593
214 604
50 450
46 97
754 60
744 521
199 960
566 974
184 297
803 497
616 327
43 565
380 816
975 824
468 132
628 293
22 445
932 971
726 179
977 848
791 924
99 94
284 577
869 769
965 595
435 767
181 709
674 508
414 741
897 600
805 112
617 859
397 484
943 984
121 149
154 806
155 594
599 846
93 91
977 471
623 269
436 428
426 98
750 25
379 532
559 668
613 578
247 280
480 694
123 458
162 590
454 503
876 282
895 500
549 796
390 687
972 642
355 848
295 69
765 810
780 168
97 377
198 929
293 742
955 192
915 545
902 958
318 150
18 544
581 301
329 279
213 568
409 855
287 33
900 877
773 214
581 411
790 251
782 374
351 383
352 282
884 600
562 547
54 231
270 470
62 621
430 631
821 680
447 847
212 611
291 302
495 37
150 735
416 995
70 928
397 50
610 364
524 196
597 634
174 457
399 521
909 702
684 325
274 898
330 8
664 492
192 268
739 205
229 520
242 166
927 129
128 47
153 244
382 786
969 858
816 734
627 726
289 988
132 378
451 459
333 847
603 352
523 613
525 21
893 358
314 174
299 999
410 357
669 366
115 441
832 414
839 675
354 93
79 857
273 337
815 418
708 664
292 437
702 409
583 725
584 146
442 199
12 219
984 224
427 334
149 657
557 153
643 107
330 600
855 264
872 741
156 220
955 252
611 205
505 980
483 865
820 245
602 643
870 751
955 660
916 79
762 611
117 648
315 28
656 432
246 697
860 463
553 957
160 825
801 262
98 600
724 366
242 625
243 21
415 518
986 390
259 709
171 828
103 269
828 354
144 642
504 963
307 441
526 399
824 114
623 80
292 672
154 338
565 903
125 283
78 280
948 384
774 643
230 282
152 373
292 472
379 125
689 421
560 937
213 167
219 926
380 91
531 506
220 828
679 35
254 353
601 611
625 895
7 727
434 47
47 912
566 539
528 325
408 554
213 476
296 447
542 10
483 592
835 846
425 565
317 354
440 926
623 761
845 981
499 954
643 619
15 91
287 476
220 119
664 845
980 187
749 205
328 945
668 958
292 145
743 35
897 310
613 631
113 859
466 452
409 677
264 176
569 492
553 607
901 560
651 225
930 555
497 212
850 286
689 609
764 755
382 890
725 37
876 164
972 651
995 689
105 435
493 636
367 715
314 376
673 350
840 782
860 111
746 528
520 498
790 721
419 207
230 260
229 774
146 481
873 836
180 498
51 440
445 240
704 221
169 959
123 378
211 39
107 395
689 383
293 752
80 700
149 584
199 732
639 47
43 134
600 458
768 897
542 741
172 432
521 534
518 315
581 450
794 291
649 837
604 356
593 417
175 371
613 805
794 397
193 445
795 730
13 639
308 774
790 447
994 914
34 397
677 149
460 747
812 760
601 576
210 507
602 986
745 102
429 210
743 141
932 1000
804 800
834 286
156 717
241 720
181 900
530 320
281 653
413 870
883 747
506 378
331 328
795 790
903 836
360 535
11 611
68 27
827 91
883 618
917 787
446 946
509 962
389 422
204 377
938 132
357 347
38 297
607 659
570 463
381 35
484 821
463 67
941 414
866 786
487 71
70 643
518 982
886 331
268 861
315 645
991 753
569 107
492 761
633 902
190 905
352 556
677 861
534 683
225 599
146 250
248 474
325 366
219 613
849 413
88 392
415 639
64 26
132 237
882 260
367 349
107 484
746 238
977 165
549 394
263 603
763 144
628 300
426 445
689 487
543 545
289 805
300 102
180 815
970 45
384 611
174 687
513 787
188 956
647 565
554 580
383 303
178 700
282 252
824 654
708 994
458 482
412 623
908 20
803 469
469 41
146 390
194 467
479 656
313 693
570 635
502 533
668 88
316 305
871 155
720 969
449 857
716 815
782 795
705 74
549 483
236 883
134 602
6 278
771 20
747 2
33 660
804 674
348 646
345 18
706 206
821 325
369 922
886 275
872 383
944 413
761 499
155 967
104 585
915 150
692 486
537 158
307 535
643 444
450 914
154 598
227 278
919 778
722 935
314 510
758 912
857 913
474 119
405 415
774 148
103 935
748 869
846 562
269 551
831 329
342 747
305 101
139 895
751 445
95 805
201 811
484 755
668 245
637 661
113 978
604 655
349 828
149 674
806 519
872 216
666 773
612 783
382 484
19 844
102 681
387 790
89 88
700 274
949 527
366 967
675 948
135 344
153 387
489 70
688 619
736 261
301 502
232 804
218 413
613 255
614 395
278 659
137 206
539 446
721 101
975 615
553 999
600 620
676 997
769 443
934 972
956 533
126 88
297 834
272 692
636 577
541 616
554 307
146 670
579 665
320 916
182 881
424 925
825 544
851 11
414 803
274 78
851 662
254 101
885 682
756 685
562 888
883 182
104 542
197 337
891 946
13 840
435 625
321 636
182 903
416 862
61 246
961 199
398 853
770 571
749 227
616 979
932 632
376 37
254 823
470 23
405 379
637 747
900 441
905 100
554 150
936 739
243 694
319 192
282 116
336 469
265 688
325 661
604 327
236 112
188 255
529 68
527 347
903 528
185 995
781 884
536 62
621 614
100 282
969 180
135 90
792 534
521 276
291 604
47 180
393 928
542 949
291 33
389 544
717 137
129 151
830 265
274 887
288 719
993 923
349 283
102 203
254 656
936 441
347 836
832 38
903 454
360 653
128 900
363 673
266 392
494 505
406 345
634 799
863 168
330 177
935 403
986 522
710 921
278 372
952 337
996 901
836 291
380 228
351 272
554 790
237 995
476 317
705 188
685 511
795 10
262 501
808 494
702 478
653 5
913 365
875 869
607 272
983 645
746 750
356 635
114 316
117 435
394 747
771 287
931 589
831 337
139 810
149 467
603 567
549 411
785 298
121 340
292 731
780 64
309 645
989 986
694 642
513 452
709 893
21 135
561 806
95 462
239 861
731 847
19 287
808 776
971 919
651 238
496 878
49 125
464 246
161 868
596 606
629 196
539 901
58 94
637 205
503 282
77 760
528 233
885 493
545 93
819 898
13 167
243 721
394 755
415 460
771 774
145 399
115 569
989 500
186 595
447 176
396 242
308 275
815 516
768 418
832 190
544 568
371 284
148 384
911 741
79 589
944 211
25 465
87 586
517 652
662 631
871 550
75 304
463 752
94 515
875 534
21 625
630 464
515 206
260 397
523 770
924 1000
314 745
350 281
82 995
193 437
319 335
22 677
344 611
427 253
39 969
926 384
711 537
374 738
188 66
705 994
170 277
886 200
212 318
487 79
441 656
150 524
515 851
145 968
113 199
433 37
441 354
127 262
336 610
690 440
106 63
838 979
818 14
917 676
350 949
79 743
1000 610
488 744
8 93
437 200
644 357
242 137
702 249
143 756
453 907
427 436
616 158
914 87
561 373
928 341
300 491
65 100
853 361
457 938
371 792
239 98
136 87
99 255
38 933
934 281
458 302
849 45
259 864
752 95
411 710
186 963
188 583
328 957
233 548
972 511
354 804
213 594
574 930
79 35
33 804
512 433
303 901
617 122
99 720
887 913
867 698
493 321
587 988
632 779
819 903
207 571
978 539
4 447
113 979
255 42
968 308
579 437
772 252
136 998
353 337
31 308
842 222
348 232
860 950
56 606
47 302
473 363
564 887
997 798
480 116
44 726
906 93
864 721
910 930
508 548
6 948
862 154
879 8
209 838
925 112
664 278
75 147
161 379
676 737
25 128
114 612
407 570
537 979
645 56
621 272
454 663
300 23
182 208
154 8
623 846
513 878
578 629
848 336
85 369
867 173
963 230
459 496
503 916
799 713
847 542
780 315
465 948
868 464
409 355
145 589
514 332
146 867
188 468
540 657
728 449
694 783
42 681
172 112
15 516
635 320
611 192
946 968
914 354
63 436
42 7
118 944
927 384
79 153
141 723
932 800
718 280
549 209
321 922
242 299
71 328
3 504
559 424
642 507
577 154
63 161
38 626
534 317
110 604
69 509
872 585
945 634
82 776
303 432
301 331
799 90
693 656
549 552
245 167
552 573
710 136
621 266
839 500
611 764
730 677
10 40
915 157
693 68
220 203
288 471
276 14
129 935
224 378
244 18
140 593
496 508
961 134
895 468
56 741
953 212
443 232
841 361
836 529
667 624
279 782
74 251
890 820
848 879
877 288
919 525
850 582
427 41
312 540
540 55
616 851
239 561
594 538
899 931
422 979
615 492
173 721
26 620
736 34
817 737
893 145
126 426
815 466
412 199
287 435
898 437
534 519
982 541
963 935
618 305
476 169
362 80
851 192
987 724
695 548
652 918
880 436
270 54
814 227
827 420
66 604
807 788
12 460
357 821
795 916
973 873
628 930
164 730
597 215
161 216
222 384
560 752
763 310
408 841
470 515
477 532
545 923
675 515
68 112
38 225
925 947
357 394
651 522
189 182
467 371
326 909
807 999
943 974
593 225
888 604
511 689
940 27
934 101
260 885
318 789
119 853
32 116
312 43
246 145
323 338
908 799
342 218
275 988
198 67
157 816
642 549
753 430
553 473
759 385
446 862
534 156
167 935
512 775
676 120
932 592
447 933
471 427
101 430
742 635
891 882
25 349
101 341
262 576
119 156
994 990
252 284
698 555
264 78
13 530
819 860
395 128
107 481
967 192
936 886
607 894
69 756
507 734
471 417
266 639
715 754
238 222
687 425
930 423
414 612
911 16
428 271
15 848
945 988
352 541
679 625
625 203
895 634
731 167
610 65
533 766
705 510
596 306
932 867
485 457
555 456
294 155
381 339
568 731
112 370
898 743
472 28
970 46
258 424
5 285
376 19
521 773
315 143
465 160
845 466
100 928
139 415
387 523
111 986
883 986
380 624
981 97
817 612
314 196
312 300
25 529
288 567
360 594
521 516
54 639
679 873
705 686
807 633
248 425
475 133
174 28
265 996
479 40
19 145
773 376
645 461
284 766
410 580
156 797
348 336
280 122
967 393
127 257
369 905
394 175
298 647
545 251
857 461
732 148
353 989
663 303
78 90
243 639
53 243
28 997
231 966
193 928
696 606
396 323
152 125
533 224
20 860
811 80
611 316
42 536
833 271
763 669
883 489
536 203
150 424
797 182
911 457
669 874
334 674
899 377
95 927
158 953
259 851
43 993
252 843
9 267
926 906
883 774
948 831
975 438
11 862
185 7
53 859
640 559
296 395
664 997
148 776
767 18
794 168
950 30
460 178
704 492
344 231
827 188
94 55
819 834
603 17
88 562
959 834
30 917
948 216
367 645
644 511
891 118
70 461
942 82
215 471
878 423
505 611
355 311
483 323
698 700
155 836
182 274
221 347
333 602
888 375
193 11
139 916
409 659
264 121
83 117
545 663
754 458
260 863
648 259
213 333
70 330
840 880
189 157
127 747
115 254
97 639
1000 946
606 23
501 769
917 685
698 688
162 403
156 635
299 83
147 891
425 737
703 226
542 598
703 223
321 402
37 22
938 97
276 194
602 505
923 869
43 121
454 441
818 698
146 745
650 948
627 916
84 93
104 610
930 856
993 416
447 525
203 409
475 119
642 817
958 840
601 370
382 730
774 235
526 573
567 467
562 393
85 461
570 268
230 927
334 649
31 415
910 533
145 844
574 595
811 596
958 933
570 346
959 309
264 607
502 619
662 720
392 317
417 624
609 795
90 541
415 215
293 107
67 800
94 534
853 820
199 703
880 905
272 301
642 219
646 586
413 303
469 352
969 531
297 795
854 305
915 630
587 938
69 591
437 494
269 796
538 931
706 987
949 306
691 976
849 362
621 116
471 988
276 100
76 454
347 740
815 297
789 55
3 764
112 630
476 175
112 45
242 241
474 448
947 631
204 682
596 194
18 294
909 402
605 780
153 915
94 645
960 707
154 748
292 946
688 187
55 296
41 833
949 544
282 898
511 508
433 646
154 245
397 761
674 546
777 258
441 201
636 106
47 672
73 508
308 413
893 306
522 205
401 209
63 277
425 332
833 182
275 88
56 81
873 11
321 90
260 37
710 193
387 521
322 181
871 527
832 212
629 834
38 824
383 463
451 280
17 428
502 610
10 62
393 819
31 555
419 722
317 754
736 461
923 750
441 767
17 666
889 344
721 949
343 243
231 547
486 105
733 407
659 721
554 115
25 699
685 273
29 611
838 768
517 26
78 153
982 217
245 511
760 325
343 141
570 379
118 604
744 16
337 930
386 508
464 149
107 446
270 191
312 642
330 730
355 767
174 304
834 3
733 553
631 25
924 400
887 646
718 84
910 841
149 354
947 834
721 184
132 154
535 131
573 243
979 859
798 988
731 781
665 252
83 915
796 423
387 845
605 631
950 456
114 691
267 51
639 331
773 931
189 25
255 600
223 567
903 398
343 869
34 315
13 505
328 495
371 796
995 248
119 828
731 543
668 569
405 447
150 459
74 63
206 499
997 961
296 250
773 974
234 291
710 939
764 344
786 993
213 311
408 995
204 425
291 133
586 599
51 931
721 48
627 639
485 541
210 576
418 195
473 816
213 301
188 607
161 229
505 127
69 539
955 307
279 517
113 896
55 995
447 862
662 641
783 608
141 875
346 76
178 865
784 10
840 495
191 149
747 114
477 218
838 646
720 108
743 402
95 870
405 87
358 895
320 612
979 141
433 74
382 611
102 249
44 996
698 80
932 953
762 520
203 67
741 74
494 683
147 671
378 89
91 715
101 931
102 337
670 334
392 179
882 623
646 413
396 727
333 245
515 35
823 88
57 445
16 624
4 709
588 100
509 952
151 6
308 860
965 995
259 90
263 726
747 363
410 772
952 627
581 254
306 172
110 927
534 977
935 905
411 937
261 779
915 704
398 742
753 532
513 867
459 523
680 780
126 345
722 553
320 222
299 212
794 413
218 581
274 392
749 104
642 467
337 821
498 135
228 227
833 774
301 684
331 77
248 72
472 547
822 284
997 69
205 407
924 235
760 363
698 856
663 758
123 666
364 188
980 409
399 30
924 693
725 481
155 386
185 943
703 250
776 707
256 189
459 168
188 100
698 254
171 249
757 662
374 322
5 791
970 2
869 747
249 324
484 27
631 835
477 259
763 908
679 133
92 81
43 371
713 359
225 697
216 268
76 796
446 421
449 188
638 977
16 929
262 342
419 783
346 528
465 289
133 574
971 567
72 102
466 88
591 15
912 351
848 224
595 735
20 516
963 331
33 893
591 762
598 858
707 659
132 691
166 79
144 582
328 355
738 181
706 778
990 91
452 268
346 255
436 391
298 654
467 841
806 235
5 689
600 107
622 907
350 251
241 481
961 770
268 843
159 312
775 855
282 811
68 606
843 224
527 640
919 204
894 864
843 313
654 354
890 958
422 556
915 813
987 565
334 2
624 111
729 816
566 909
676 465
460 855
791 540
773 998
578 139
403 157
503 242
924 756
104 743
817 494
151 232
243 461
527 298
35 227
348 811
541 788
793 969
296 849
21 375
880 967
842 69
816 141
613 252
679 426
509 456
507 297
566 553
350 275
8 776
224 100
84 376
795 839
498 263
785 22
469 25
390 490
946 254
309 529
133 421
777 884
754 563
614 104
277 897
230 416
973 244
302 149
231 149
56 972
717 767
387 354
724 794
166 501
570 173
478 233
566 340
154 485
344 808
791 271
458 550
54 649
473 964
79 178
869 863
390 99
965 763
944 218
802 821
567 850
424 662
211 888
491 771
166 313
854 961
771 635
460 938
180 415
509 441
849 756
69 159
978 747
942 171
402 634
302 403
848 989
826 939
646 149
60 184
853 999
91 323
894 262
66 56
441 97
184 743
431 442
470 689
519 984
134 303
662 987
608 729
191 562
685 579
684 260
104 966
46 217
434 570
825 751
850 737
578 370
367 232
351 692
701 450
532 11
478 591
72 986
845 267
835 347
359 289
629 873
198 860
783 269
24 734
783 165
144 293
250 427
731 108
586 59
28 673
768 968
796 567
571 201
555 154
298 878
308 651
496 788
470 234
85 429
172 680
278 50
459 393
334 206
414 738
540 134
290 971
543 577
605 957
311 713
838 455
794 300
535 26
462 107
66 117
241 501
944 225
77 840
30 612
578 31
553 495
123 929
173 408
913 592
668 354
792 467
545 548
282 227
922 588
962 973
99 445
962 151
783 306
702 487
818 948
310 369
806 190
309 371
691 270
582 96
478 452
216 978
833 227
996 342
928 376
243 190
150 838
100 719
280 112
466 626
409 672
459 397
715 120
27 148
736 31
616 435
532 677
355 283
14 167
65 193
30 944
291 428
779 84
813 96
396 927
824 318
112 513
362 851
470 330
173 510
596 973
401 615
615 473
809 945
737 801
291 606
334 7
243 38
230 957
564 402
450 489
462 366
360 968
151 927
883 82
95 676
452 162
960 448
843 486
556 616
339 201
874 155
256 133
121 376
938 370
952 825
943 914
993 479
831 586
36 149
101 932
245 696
503 930
890 903
764 602
89 20
100 13
930 62
978 662
176 210
473 642
903 676
660 173
402 554
868 184
392 144
618 701
117 243
579 58
627 490
149 590
11 417
89 504
241 347
244 785
763 975
531 63
862 369
7 640
804 233
487 595
480 75
233 470
127 206
468 635
872 713
76 82
478 283
281 895
565 569
768 564
167 448
450 289
425 480
281 402
420 577
844 419
737 352
566 424
249 611
488 895
816 203
522 291
924 979
596 216
599 207
827 519
74 664
481 851
649 931
876 666
324 645
921 568
787 494
359 955
233 498
70 337
243 914
437 7
666 288
138 925
24 954
590 525
383 975
548 578
350 848
674 659
743 439
511 41
201 483
681 815
191 218
663 51
465 620
791 401
581 365
455 80
7 822
873 743
884 342
312 30
232 571
1 292
860 156
328 595
6 879
997 162
769 438
71 786
518 740
830 578
362 657
209 911
866 782
768 556
724 213
285 818
181 813
218 240
538 387
158 251
25 127
205 130
173 707
781 888
700 966
938 953
484 738
727 599
262 914
819 100
466 851
907 416
169 892
1 461
922 534
557 245
506 634
450 613
208 86
20 258
816 219
537 366
520 88
194 76
52 936
990 764
816 891
786 952
746 421
343 899
831 93
711 743
246 460
708 178
514 906
177 469
198 638
80 834
680 916
95 912
486 931
639 449
631 506
729 58
588 308
204 334
43 145
22 769
719 507
864 776
809 776
450 732
77 244
99 544
450 246
843 743
912 121
683 158
66 918
491 453
71 423
720 340
595 118
309 933
221 942
374 769
946 78
49 622
526 422
889 569
109 169
659 474
491 143
955 242
442 59
991 384
100 61
37 40
583 174
978 526
78 604
360 70
804 29
889 581
208 878
904 849
173 476
686 447
817 353
222 855
47 960
649 705
383 96
157 133
475 484
830 4
4 817
753 140
151 346
494 784
639 932
93 932
435 939
894 848
306 797
981 51
787 210
125 228
618 376
88 626
273 873
466 631
889 695
747 245
101 765
12 18
431 574
8 454
224 307
945 45
11 588
980 444
69 50
447 572
889 592
717 833
890 771
324 767
141 109
859 882
398 760
245 175
429 125
7 448
574 663
72 974
607 630
410 673
646 276
622 241
267 592
447 69
489 741
700 849
662 643
995 826
922 766
210 512
589 85
751 768
800 699
599 188
459 905
405 824
779 871
730 52
273 324
424 306
398 922
140 122
377 898
373 878
822 499
550 583
492 268
410 351
819 252
516 736
288 48
561 959
631 507
768 464
18 882
275 565
530 282
448 110
690 226
234 452
738 64
516 480
487 392
211 646
659 148
180 777
601 76
956 958
664 148
427 172
822 519
678 629
895 685
100 448
246 139
905 376
457 49
887 955
923 116
940 602
88 57
162 861
856 369
643 62
343 204
813 930
965 262
924 889
572 66
841 281
424 997
723 448
95 464
715 328
14 300
7 288
444 640
433 56
578 181
648 181
497 981
849 63
43 514
690 636
748 490
723 449
321 421
641 265
595 818
973 621
885 106
840 658
393 710
565 784
679 711
623 116
915 187
275 71
444 776
773 150
926 481
74 140
96 340
629 9
272 385
688 149
592 909
478 953
701 585
726 371
71 334
443 811
99 636
705 692
622 431
13 508
332 685
443 773
723 171
348 43
802 927
61 944
593 498
892 604
276 992
614 491
833 675
387 468
800 543
216 282
666 856
695 166
159 685
623 854
785 857
419 273
331 712
985 681
796 972
944 331
80 121
83 35
472 821
633 642
348 255
300 750
34 915
774 486
541 497
787 364
912 712
400 688
847 92
846 321
142 791
404 753
726 404
1000 409
196 382
251 401
402 874
773 406
537 931
344 59
265 452
660 286
780 774
349 32
286 772
665 314
622 369
35 173
551 61
559 168
433 499
288 99
606 860
425 276
898 102
387 611
130 283
490 717
289 575
440 790
883 995
848 549
795 727
167 195
95 970
519 14
768 769
714 488
856 890
500 534
466 688
701 927
413 59
663 828
197 779
895 911
528 843
165 840
173 260
115 639
819 462
421 861
161 895
768 598
187 932
824 761
80 537
214 404
470 274
860 578
266 732
869 719
796 736
261 154
579 226
577 614
474 196
9 181
70 992
157 353
609 735
99 113
720 745
247 140
686 626
123 163
205 409
332 652
365 538
794 554
770 544
536 878
497 716
620 351
851 480
547 818
297 285
948 554
910 149
693 463
856 838
156 526
257 641
891 440
129 623
543 160
596 526
535 827
346 923
526 727
245 361
285 742
163 769
74 747
408 948
214 777
28 492
158 372
555 101
113 152
154 334
23 41
841 222
565 597
399 21
519 846
764 875
245 171
321 875
1 606
576 473
502 376
903 535
288 791
648 656
297 208
81 639
606 433
617 969
389 943
304 227
8 948
275 855
452 8
790 825
250 331
232 497
293 615
554 855
211 73
440 455
110 38
146 99
927 262
299 919
956 316
272 629
27 977
608 845
182 763
341 184
402 801
427 152
17 870
426 91
150 695
239 682
956 852
21 20
39 239
180 303
436 972
811 899
839 373
660 793
456 827
237 324
331 26
635 467
970 412
300 260
587 252
621 522
167 784
522 691
339 276
325 94
475 246
298 771
