500 2000
190 238
208 332
289 444
130 328
275 170
474 321
235 290
427 281
464 104
157 404
466 163
320 81
465 444
483 482
195 394
447 79
102 3
203 256
84 46
460 364
487 36
279 349
124 343
443 263
218 333
225 320
24 414
275 153
158 21
160 14
281 156
61 466
236 265
267 303
159 371
9 315
62 363
201 337
364 223
198 71
146 102
179 184
500 340
385 484
443 87
306 254
485 122
360 435
426 126
128 197
337 140
40 411
346 39
367 204
390 187
165 125
419 416
17 70
197 90
362 397
105 150
476 402
307 153
175 296
193 201
226 134
465 279
416 184
251 428
99 113
268 351
226 216
170 153
146 245
288 156
415 170
378 286
36 95
280 24
223 219
90 425
30 413
425 477
174 385
44 276
155 389
460 386
302 104
489 478
269 122
84 326
197 401
210 374
183 181
247 81
435 174
2 188
458 416
83 169
69 480
108 402
42 432
84 496
446 382
143 99
260 200
471 200
367 187
489 30
128 419
26 445
149 12
409 148
451 62
401 322
400 369
166 470
220 106
309 334
130 132
234 53
107 422
151 222
447 455
389 169
418 468
293 103
146 340
439 155
31 400
374 278
26 154
81 32
334 426
8 308
429 351
327 331
472 123
355 166
19 431
500 146
259 294
299 314
205 461
207 166
473 470
417 309
104 243
480 387
303 362
167 347
253 155
360 149
485 375
416 322
310 182
89 301
14 139
212 436
92 388
225 247
103 98
135 27
33 114
366 413
266 487
425 249
313 78
403 428
282 18
410 479
470 101
349 87
194 476
191 332
194 493
199 13
193 7
145 276
129 197
108 461
235 244
355 470
62 66
300 75
427 448
135 286
28 449
89 441
161 43
95 148
379 482
392 51
471 11
42 230
32 156
451 231
369 76
301 178
13 2
145 133
116 385
323 234
39 227
294 287
245 255
19 371
274 199
178 302
177 465
20 433
110 187
162 446
331 261
267 112
257 256
255 468
357 117
337 145
371 39
367 390
321 481
444 424
391 147
196 174
419 401
312 357
152 125
286 486
254 348
214 109
93 472
241 204
308 421
406 35
408 498
434 19
422 43
129 458
113 367
138 410
7 348
132 91
383 228
129 401
248 223
59 39
406 86
96 329
272 321
330 400
410 94
75 445
224 243
454 496
279 444
15 185
244 260
498 196
476 108
229 407
345 89
156 232
214 373
185 191
13 334
177 475
95 387
271 229
40 298
339 19
433 64
414 382
479 409
67 486
29 192
243 212
376 331
54 421
311 108
224 212
390 204
481 54
84 454
421 376
217 282
296 325
115 119
151 312
65 267
178 33
211 460
414 372
499 196
35 58
495 18
97 356
287 447
30 478
455 316
326 141
223 462
379 311
33 302
139 4
219 210
493 108
189 294
126 303
130 222
243 436
35 45
49 65
155 169
128 461
398 229
113 110
448 232
344 284
440 266
415 239
461 197
465 443
144 489
180 1
356 76
474 164
299 436
350 490
294 492
212 299
296 131
401 184
388 64
432 383
408 202
98 178
183 35
316 432
59 371
216 77
177 444
32 288
211 248
410 69
365 49
366 478
359 292
57 35
27 438
212 420
76 422
409 387
243 218
408 198
450 266
90 179
79 42
483 491
336 379
418 5
454 141
450 291
279 475
157 123
420 299
233 180
345 98
472 57
101 201
236 366
221 253
492 295
121 259
217 258
141 310
404 57
452 459
331 430
204 423
309 2
243 420
24 162
98 33
224 299
207 473
154 251
481 213
67 286
67 225
7 337
320 318
330 97
231 157
390 408
149 196
139 324
155 146
285 331
348 37
370 422
104 224
440 25
281 92
307 170
452 63
144 265
440 487
217 233
244 211
248 456
190 456
250 49
142 287
380 384
361 463
336 28
314 19
226 429
37 140
340 169
272 8
61 387
133 293
335 432
315 355
206 355
348 209
453 8
150 231
117 60
236 457
112 323
229 122
427 32
346 371
12 196
234 82
419 458
379 449
353 461
312 132
376 189
219 399
158 249
273 415
338 115
104 420
143 488
287 455
5 118
258 233
364 190
469 134
174 358
437 392
256 414
100 73
385 396
427 288
269 407
101 412
430 492
67 182
419 197
235 347
317 460
445 154
497 34
199 334
259 492
239 160
108 128
316 335
476 353
1 109
33 464
402 205
215 494
337 168
181 45
469 151
211 352
138 36
401 416
349 450
477 226
488 64
205 419
491 476
485 9
90 322
117 313
265 489
72 158
201 348
250 365
451 220
109 265
265 413
143 147
3 255
262 304
316 42
445 403
439 253
107 175
306 348
486 320
430 142
474 481
51 474
280 162
107 319
403 68
136 350
238 219
448 281
466 124
188 65
235 195
354 6
77 242
392 191
54 305
193 254
79 316
390 423
335 40
50 238
192 385
28 379
74 473
417 334
237 221
228 257
28 482
176 495
476 493
22 331
449 491
407 375
388 110
57 342
305 285
156 391
403 217
140 145
462 219
365 188
162 382
56 75
163 237
486 318
261 294
393 489
366 30
419 129
421 285
76 43
14 4
136 62
459 270
322 158
272 453
118 13
176 282
340 245
16 273
106 57
164 481
124 237
309 49
25 410
181 84
72 21
491 493
310 486
199 365
1 144
8 305
289 475
225 318
239 338
123 183
499 12
141 283
432 452
73 315
285 189
64 113
116 167
371 31
73 207
121 189
119 4
304 445
68 258
312 222
21 268
357 240
278 122
443 349
247 318
50 219
44 145
223 238
241 408
82 28
34 392
83 389
167 484
49 267
7 37
486 27
353 205
96 75
442 295
240 313
480 61
127 373
446 463
276 345
136 150
99 64
412 201
110 246
479 61
42 494
38 15
373 1
210 229
259 442
361 446
248 364
38 497
157 57
154 428
398 278
483 194
339 159
321 54
55 170
469 429
329 154
317 364
411 257
51 164
427 156
380 139
289 279
147 433
51 332
85 293
393 30
438 288
490 231
185 392
276 85
255 5
38 185
355 473
196 192
206 166
137 432
97 370
163 439
86 84
152 370
339 59
350 363
205 197
219 271
169 418
271 210
180 214
195 244
237 253
144 366
495 180
65 323
467 325
410 36
180 252
260 471
36 480
264 52
263 266
56 96
46 283
131 415
157 342
72 425
218 436
424 25
107 76
292 15
177 289
265 30
400 125
362 47
123 181
42 383
47 483
385 167
253 83
309 250
148 124
81 281
306 37
457 489
238 120
404 342
371 227
383 40
456 219
230 452
191 164
483 449
459 63
200 386
485 100
183 86
237 439
23 133
145 23
214 1
194 377
184 425
301 302
317 190
476 377
474 272
86 454
462 271
26 403
101 254
380 324
8 213
245 468
55 239
21 226
399 374
455 42
328 240
218 314
273 131
420 314
199 309
92 20
100 315
324 292
140 209
216 312
466 17
195 11
237 500
160 380
118 417
16 131
2 426
16 325
396 195
42 335
428 217
263 25
385 358
102 418
183 58
109 457
90 184
384 52
75 154
252 457
291 266
136 490
275 160
184 72
208 191
280 256
91 328
421 121
336 397
172 34
495 127
88 127
58 326
149 29
41 136
405 13
208 272
44 168
191 474
376 261
461 129
172 437
193 306
457 393
395 274
422 319
131 239
180 127
348 337
241 423
494 230
300 445
17 237
411 277
465 475
474 453
82 47
324 359
37 337
263 291
500 155
460 248
468 395
314 59
144 393
69 61
319 43
378 135
264 38
138 94
165 152
388 113
260 11
240 117
204 198
45 326
287 354
435 192
87 263
415 275
188 267
279 443
117 78
347 260
82 379
320 427
308 22
36 61
473 101
386 190
323 53
153 139
68 176
278 375
316 494
27 318
400 152
56 300
268 226
9 73
154 176
442 354
314 339
358 484
144 457
41 451
436 339
73 381
68 48
487 480
406 183
415 55
250 334
330 125
196 435
399 271
261 259
54 308
101 306
182 27
231 472
340 389
290 394
79 335
92 99
29 116
238 399
259 295
298 203
214 252
257 24
363 231
141 46
299 333
75 329
428 258
285 261
169 3
341 38
289 443
371 165
52 497
66 472
184 477
481 308
62 220
239 170
418 3
215 79
139 264
230 63
103 33
40 63
220 472
223 50
295 447
372 304
396 290
459 298
403 251
8 54
444 443
57 406
274 405
413 284
413 344
374 229
262 96
103 441
189 430
488 367
73 74
294 354
478 344
426 323
431 227
106 342
262 26
332 474
500 83
215 316
93 404
148 237
478 413
342 86
434 59
457 366
35 181
1 236
15 34
242 132
46 67
216 351
491 108
39 400
453 481
277 203
454 46
134 242
454 283
171 396
190 223
491 377
292 497
283 135
405 199
468 118
131 55
318 438
365 2
369 370
166 193
230 383
6 316
12 116
245 5
116 171
346 431
339 346
63 277
91 240
255 395
209 23
196 116
313 186
198 498
237 343
373 236
63 411
345 103
96 445
126 323
222 357
41 350
166 412
324 264
389 102
116 358
102 245
284 177
125 356
295 287
335 383
453 308
276 293
224 420
274 118
423 408
65 112
462 238
122 375
478 284
132 240
63 270
163 221
444 349
88 180
240 80
260 352
123 35
247 438
36 479
430 294
496 46
140 23
116 174
423 198
352 386
14 324
432 40
73 206
31 125
493 402
53 397
281 288
174 171
295 6
283 378
106 123
420 436
88 373
207 101
491 353
413 177
148 70
162 463
206 473
233 48
292 341
332 453
338 14
38 172
405 309
262 300
435 29
438 281
377 353
318 448
29 385
120 398
407 9
412 348
490 62
392 332
357 60
120 210
168 145
133 85
442 6
378 67
66 157
315 207
394 260
105 136
122 73
430 442
45 84
134 77
405 417
135 182
395 199
363 66
268 216
105 490
94 479
354 455
437 185
88 214
438 448
299 434
102 468
122 9
277 257
167 396
6 455
388 433
495 88
47 449
478 177
359 384
332 272
283 182
292 38
261 142
229 485
189 142
125 369
210 398
477 21
389 3
387 17
373 144
300 304
153 119
68 233
43 467
394 11
60 80
13 250
463 300
351 242
448 156
182 286
17 124
50 399
313 10
201 140
118 405
429 216
330 165
415 307
484 235
120 374
475 443
156 143
414 56
331 189
413 173
133 103
406 58
23 85
104 212
127 109
314 346
108 205
58 496
229 9
471 317
370 76
462 399
386 223
236 393
221 500
53 362
217 176
490 220
416 72
24 361
351 134
222 240
217 68
150 62
343 83
424 263
304 329
3 5
328 117
298 280
354 215
26 251
131 275
472 157
21 216
277 24
286 27
230 40
133 345
327 285
366 489
341 437
214 127
480 95
264 292
492 354
354 79
323 303
278 100
185 51
38 437
346 227
62 231
146 389
315 74
295 354
6 447
445 428
31 330
22 285
494 452
445 329
430 259
98 302
202 71
164 8
11 352
408 360
247 427
309 365
449 194
492 442
211 317
387 466
249 21
360 499
425 268
61 409
429 134
83 155
463 56
478 173
40 228
70 163
258 88
395 405
142 492
93 106
83 340
414 262
300 96
177 279
200 460
77 130
111 350
227 152
461 458
165 369
174 396
439 500
372 382
487 69
110 241
225 27
379 483
273 296
70 237
326 378
458 401
220 157
302 224
21 469
152 369
20 388
169 245
147 64
91 117
407 122
46 378
25 266
277 361
142 295
398 374
201 7
294 295
131 307
124 163
34 332
65 303
9 381
240 60
254 201
307 275
386 364
341 15
32 281
23 276
447 137
83 146
372 300
61 95
258 282
181 86
291 138
159 39
249 429
99 388
484 195
198 360
193 412
393 366
377 205
23 297
360 12
154 68
310 135
99 433
115 139
270 277
334 365
460 223
25 94
437 51
59 159
409 17
248 190
149 435
75 26
143 433
267 234
275 115
60 186
322 184
119 324
364 50
222 328
7 140
137 230
360 196
497 172
374 485
184 158
347 290
58 45
90 72
129 90
108 353
283 67
208 164
261 492
145 85
342 181
81 438
29 358
6 215
469 351
362 28
27 81
69 479
82 449
136 451
202 149
192 116
412 7
311 491
402 461
19 59
197 458
5 405
103 178
311 377
384 341
365 426
188 426
113 390
270 203
441 114
479 387
340 102
81 427
402 419
328 60
395 118
464 224
5 417
401 90
468 405
221 83
420 333
353 419
333 339
375 73
325 131
343 155
362 336
182 225
391 92
342 183
296 415
126 53
111 150
417 250
213 327
94 480
2 267
264 497
32 232
431 159
438 427
119 359
449 482
266 36
333 19
311 493
456 238
74 207
120 269
455 215
439 146
465 349
63 298
271 398
272 54
432 230
461 401
124 221
59 346
135 225
334 49
196 29
242 222
418 255
230 459
114 224
143 388
20 143
277 280
205 458
246 367
211 386
372 56
286 247
115 14
420 434
396 347
498 149
280 203
147 388
280 361
180 373
315 381
11 200
87 424
164 272
202 499
484 394
257 203
241 390
371 330
352 364
244 471
21 429
436 333
141 378
200 352
252 236
418 395
125 97
269 278
325 415
444 87
98 301
81 448
480 479
356 107
148 221
350 62
168 297
150 451
437 34
409 466
336 47
301 33
436 314
475 444
349 291
350 451
187 423
482 476
337 44
164 321
307 338
326 46
348 140
37 209
118 199
204 202
271 374
404 123
440 410
66 404
282 233
45 141
380 359
497 15
222 91
386 248
447 316
433 113
268 429
120 271
436 434
74 166
268 469
352 248
98 114
124 439
342 406
34 51
219 398
71 499
421 327
251 217
499 29
421 22
471 211
2 65
254 7
138 487
17 148
299 339
250 2
468 274
37 44
190 50
190 462
54 213
292 52
381 207
395 417
231 66
310 67
43 273
91 313
347 244
495 214
494 383
141 67
142 294
251 176
7 44
490 451
31 152
324 384
391 20
382 300
353 402
329 403
87 440
352 460
334 2
323 336
380 4
433 246
251 258
407 485
181 58
139 359
263 440
285 376
234 336
216 151
328 313
353 128
137 335
361 162
394 471
319 175
31 165
151 130
4 264
319 467
441 301
282 48
105 41
184 249
165 400
158 226
301 464
442 447
135 486
417 13
86 58
288 92
254 37
209 145
185 34
291 25
256 463
387 124
175 43
69 409
244 200
383 63
95 409
282 88
171 235
404 406
134 312
290 471
269 485
52 172
345 293
157 106
276 297
234 397
114 104
444 450
231 220
132 328
19 159
19 346
71 360
44 209
247 32
256 446
344 177
311 476
310 286
126 362
411 270
287 215
450 25
394 244
213 421
484 347
232 92
257 280
370 356
338 119
36 69
175 16
49 188
70 343
438 32
263 138
113 241
17 163
140 168
273 325
424 291
265 366
197 416
47 379
109 144
58 454
308 213
315 206
156 20
232 20
341 172
48 18
37 168
53 336
13 309
250 188
253 146
192 174
111 105
306 7
22 327
159 31
107 161
60 78
473 412
479 466
477 469
153 115
178 104
174 167
159 330
172 51
384 292
236 144
55 275
155 102
356 319
402 128
424 440
176 48
249 226
241 187
203 446
105 350
293 89
178 464
199 250
336 82
25 487
384 264
66 106
306 201
204 408
355 193
160 153
262 75
153 380
128 205
205 129
431 31
381 206
344 465
118 309
481 305
232 147
498 12
195 260
179 72
304 26
66 93
161 273
305 327
412 306
362 82
378 310
317 248
469 216
210 269
321 453
206 470
113 246
349 424
75 403
121 331
388 488
104 218
253 500
243 299
365 65
50 462
303 336
452 228
255 274
229 278
267 126
340 418
5 274
467 16
85 89
401 179
82 483
283 310
39 330
496 310
297 293
22 121
72 249
441 178
87 291
96 403
326 496
396 235
100 74
273 55
166 101
467 296
232 391
487 410
130 91
477 268
168 23
175 467
338 153
297 345
212 333
482 491
356 422
232 143
165 97
48 180
163 253
227 31
114 464
170 160
423 202
111 41
128 129
53 82
185 208
332 321
350 150
346 159
30 284
112 234
321 8
393 478
28 483
248 50
331 142
434 339
123 342
382 96
89 98
435 116
406 181
399 120
171 347
349 263
71 149
125 107
242 357
39 165
359 52
43 325
442 287
457 265
488 113
417 199
483 311
1 457
142 442
450 263
226 469
433 488
59 431
493 377
74 355
200 211
89 103
132 357
175 273
329 217
466 148
303 53
47 482
374 269
223 456
191 321
46 310
94 36
173 279
161 175
326 283
497 437
387 148
397 483
489 284
194 491
173 475
321 308
209 297
376 430
97 76
375 315
249 469
405 250
109 236
389 245
58 84
410 480
308 327
428 68
87 450
330 152
488 246
23 345
289 465
302 464
281 232
148 163
453 54
158 268
297 89
446 56
266 410
181 454
413 289
359 341
398 407
215 42
484 290
258 48
187 408
302 243
15 392
494 335
161 16
51 208
35 86
45 454
499 149
382 262
496 141
393 265
394 200
119 139
462 120
114 302
305 421
304 96
22 376
265 478
282 495
456 50
242 91
291 440
445 251
4 324
435 385
369 422
463 382
64 367
70 124
425 21
325 307
284 173
252 144
152 97
342 35
198 202
40 459
457 30
220 93
328 78
54 22
2 49
200 317
163 343
373 252
127 1
13 365
93 157
153 14
304 75
85 441
334 188
440 138
228 270
396 484
114 243
443 450
55 307
52 341
172 392
189 261
160 115
256 162
121 430
137 42
351 77
115 4
392 208
63 228
341 497
428 176
106 404
84 141
210 407
497 185
364 456
367 423
375 74
4 384
313 368
287 6
249 268
270 280
392 474
376 121
27 320
370 107
51 191
76 161
481 8
452 40
449 311
290 195
426 267
198 499
91 60
3 468
125 370
303 397
11 211
110 367
402 129
295 455
358 167
397 28
264 341
191 272
3 274
351 151
439 83
293 98
370 319
150 363
468 5
369 356
221 439
386 456
246 390
298 270
225 81
121 261
94 69
252 1
246 204
85 345
25 138
49 426
319 161
18 127
459 411
357 328
233 18
34 191
434 346
117 186
112 303
359 264
452 411
127 252
461 419
373 109
500 389
18 214
215 137
