70
54701 17093 223214 299944 217211 178975 186852 47107 44012 160312 269559 58284 31858 13653 225021 219084 296997 178027 16229 225460 196463 10564 184675 71978 81120 122693 119525 256987 242757 255002 364485 371926 421451 478135 362102 324349 382388 327533 493067 475621 606858 352993 374786 581729 604388 347289 516104 524581 390803 333250 357040 493719 553486 469906 473344 521307 514998 477288 494655 559984 420565 586896 556644 351949 338807 609950 398606 371338 441897 422337
12180 44821 225114 107619 253951 193796 44432 298517 75828 159271 59312 183320 3278 263376 175487 219262 248560 206699 171124 107083 97020 77987 23855 201151 173298 222090 135390 74266 452689 575367 342874 598392 480976 355690 465763 476838 330322 567757 607614 526599 419671 422211 453131 475969 471227 401131 561649 332049 416369 455833 418786 372290 508658 537007 419375 468353 434388 311861 360146 445359 424547 398770 465352 595815 444835 327545 480376 315959 514779 357202
101290 60619 130212 189110 117221 202185 152416 9437 222719 238774 72777 266689 205799 130456 118162 290328 61434 108077 126599 283030 211461 265810 165330 224141 152781 429955 487513 465842 456686 392731 338065 381222 533413 400076 322023 402331 541026 587290 576145 450445 455833 396349 330262 320698 415810 591898 365077 432092 354688 569823 556838 330285 405812 453654 399151 438258 504873 492890 468756 444891 478346 561337 469396 555450 505202 566204 478689 420958 609471 401064
257102 118060 32924 207395 250156 182580 192201 288932 93670 201437 154307 204142 122134 285493 96296 266972 102163 54605 198251 176649 108562 223267 63270 275811 18992 192237 229110 218998 165736 464480 546959 547403 561409 593324 419512 335388 482218 458245 459990 534369 418387 466265 564181 396511 328427 431184 356420 344527 457510 428609 352767 409269 591746 472438 457895 550343 342575 538531 388886 356885 310777 358588 524727 570546 318399 416470 328927 540749 458817 486121
289908 95243 11182 101355 223010 210765 9098 17749 128864 187798 227092 7261 91412 59703 81631 270838 127657 131887 295726 30962 264230 190545 83341 52116 289706 17718 2940 600857 233026 509284 577845 457047 492897 465144 538475 367474 481393 483677 339465 447905 552220 322052 360725 442616 363891 481882 366498 449833 412718 427039 333592 592010 569290 378706 331151 505651 479464 407212 344345 394672 334196 380713 319858 383453 559136 413213 340588 406025 376860 598020
263021 22429 1019 110609 167731 81775 123476 283872 290189 184582 12092 145917 209918 230856 1338 203723 55679 174478 284116 207517 113348 206116 16166 191505 64965 92807 210304 515210 264558 519118 481985 597801 560300 429533 562941 416318 563281 459846 573156 434290 578269 339535 510788 581398 456137 342765 531240 379825 394724 572692 373922 429631 313366 317032 582267 592882 485389 514082 603855 342567 607966 508256 485406 435242 583391 449895 419401 501794 416946 460304
206337 102455 220 237933 191324 94157 270868 183917 243773 94633 76978 906 248098 92507 290558 293068 89353 205720 248342 169872 169089 131515 230383 276389 48664 314211 405468 440530 498578 553718 422158 544060 454328 532873 588126 372731 390479 524307 329991 491900 319235 513350 555354 542558 577578 457264 503239 520623 564737 336148 591265 511610 359225 517879 489883 333026 332835 435634 552817 489772 606641 388386 499639 334738 546148 553621 363377 499902 331917 591783
132443 50259 288024 274273 215155 262349 106662 156768 242378 61123 263076 92280 184673 200899 172565 200964 103738 273810 255484 90451 200320 188091 263585 501072 558287 503116 378589 392526 595844 428334 567551 395692 473608 341936 396260 565935 557835 570924 547863 547670 567465 607210 442893 418912 378417 547781 432639 465456 418080 362707 500593 459521 332147 497304 448581 382988 342092 324527 395928 461186 313312 549763 578553 349019 337575 584281 522025 446069 475392 394578
212117 31667 205242 204076 87481 174462 284953 44260 247420 39640 256523 27182 210999 189581 286880 157143 56584 53588 287479 75251 51527 135470 268141 113142 100429 337689 537849 474379 566963 465441 574379 395140 380910 312381 475846 561973 563109 437773 508501 412456 328884 443708 513242 377343 427701 461268 405976 318822 468364 455355 443837 462358 552564 488739 508237 458720 418277 445006 559625 437432 416828 429615 363786 435857 489136 356613 383935 552936 446052 466511
197108 63630 30156 18553 32894 127363 126878 159301 281155 205144 189539 210199 118585 55248 240088 61520 21386 209608 49864 252333 263901 293198 117715 15084 6838 39126 462422 593196 559005 462512 558912 352222 467025 520404 558127 603294 415135 476693 605524 385289 454678 535281 520893 442224 548091 447570 376221 589491 379325 332316 576687 499769 594859 439932 560052 597141 552321 413589 486577 452026 386976 564510 404185 422232 590016 448147 606202 383220 447298 436657
236258 9067 13314 84040 15419 151934 255557 83290 11939 253035 33730 40630 130765 61016 103389 23580 227844 205273 183628 189290 281833 232627 116940 62879 66911 124597 413592 470728 453110 417688 344101 433430 525038 331518 379764 572726 436959 593368 384837 323017 583620 398406 591455 541519 536474 462916 375402 462200 326753 571140 589424 548013 313267 474043 569526 501782 599980 428629 330864 593666 390651 444260 439003 567619 314849 489548 463354 405942 338537 448354
60180 52283 242465 143668 33324 98663 114192 37946 266354 206342 58899 239687 196677 96128 246312 249892 116619 77534 253720 240133 297437 162168 96611 25927 67950 132073 539296 327783 471994 366241 454610 451205 370252 429643 489682 534610 338149 466637 395911 442077 498955 599828 465746 489813 601291 411556 411605 409761 525723 475830 436908 547615 487357 560899 319514 397664 555412 355486 600378 455759 432049 500302 329978 366580 407856 497192 414400 383520 591962 435856
89147 160845 205858 100902 96711 298900 275321 198821 124913 143626 254652 191059 9368 172650 270168 201038 74951 97703 172457 12793 290987 41984 182516 10201 245551 226585 131716 132834 601355 606480 552248 362780 402728 340353 499675 461886 368106 469174 521622 608984 469619 413536 546675 520759 325223 424775 411596 527739 486811 537635 567628 367298 516455 346661 456914 366666 553027 566627 585360 392047 549645 340615 398869 499621 514349 607913 515341 408705 528718 576526
108583 49183 10299 120149 276623 296409 234588 237804 273822 146730 71443 96732 266211 163418 185806 95894 200944 34169 273644 71305 42550 237472 116150 132799 231870 24984 189467 269902 13061 343972 402606 513316 408515 523994 373707 559051 379249 491719 516236 316658 388139 607624 447556 490284 347644 512916 361610 373173 585515 537091 374491 340257 509973 496575 407832 605664 410358 462281 533966 588539 553399 602801 589384 605002 399970 472310 543730 445575 345336 526846
158833 204653 134275 151892 159385 102383 247110 293658 104139 292849 234280 177200 81138 112374 66412 2226 222338 196960 29133 218556 40569 292971 81516 5822 26573 254220 385750 518267 397146 590417 412646 497548 600655 436398 487493 319240 438873 458580 529209 417581 409527 521145 605020 375513 436398 428574 447527 333273 575999 423202 339620 500746 594358 377754 403360 502290 550304 349785 518968 345178 501009 459944 340055 521104 361958 326496 473760 580491 420119 458956
73017 80492 196130 176218 294448 60301 262182 126982 230459 245107 205001 235526 184952 275992 238460 214268 289907 195615 121862 243087 118551 207516 165118 33397 124938 190274 358668 117163 37292 5129 581915 556508 476213 548886 599748 375295 390661 316957 569714 469105 401132 578019 310422 386758 522769 352060 567226 542008 545728 486267 576427 354796 459507 364163 563786 334681 399803 379874 550194 400661 335852 426564 609994 420515 572772 433571 339294 599722 452068 539341
60642 131074 262601 26315 175251 232408 230449 50049 192122 246549 46710 94923 81201 167238 162843 165602 112705 37389 91106 91687 165579 154443 164869 20430 3403 479660 455554 148785 91581 182714 420805 447071 488636 388613 365105 566705 446243 422257 387059 511051 549886 586542 438072 364210 380096 317168 317440 315172 429241 358813 393596 543657 504420 604798 537122 412872 316999 600310 455019 515130 479790 340501 352355 433552 561855 459238 465572 439936 331699 354312
42148 68367 1502 139887 121457 203596 100469 40150 51099 231144 266300 73938 11046 46894 177999 244083 47243 126793 87985 196377 83520 30953 128491 328487 599446 472725 401464 571828 462724 468416 506985 529694 393825 458002 543612 333420 460724 600156 507129 518869 539436 495710 407243 573875 318841 350220 439027 447165 598294 362325 347127 464560 563280 379871 585335 556058 390938 409761 431118 318473 366267 551890 506383 484003 467927 350701 433362 535088 374416 373659
255597 187350 35645 100351 55679 220660 39456 84442 69270 21706 201191 114258 87476 181597 204090 45717 66065 100108 183917 182153 107055 385324 280155 320840 605122 595109 398961 379927 601510 609208 608240 468192 480468 419539 353085 376035 316550 548288 458949 463881 545879 348978 344220 497953 430527 348762 363197 314421 397357 589020 367050 487020 486313 381177 544643 339110 498361 592805 397668 376898 497248 420916 474605 562377 391458 515056 550342 466562 329334 414737
117348 249575 203808 185577 149575 296905 241544 227996 156068 13971 273982 113737 109806 234876 267913 40014 186472 100014 173936 203531 227527 417052 550531 461817 476394 569363 319602 321447 457308 389202 521912 499943 536421 510040 429953 446663 471527 538736 351614 441659 499973 501589 390979 564056 437006 460244 513882 482420 578799 604091 396842 606224 370329 538914 397785 523125 542452 465683 453839 515934 398584 505089 432695 585461 554762 389675 330062 550730 513123 390205
259619 81058 299932 249381 238456 41624 207057 52221 269789 264747 39921 101485 166316 101965 249462 206639 127186 225100 166542 146640 157186 232133 423385 529421 479361 337491 338229 608790 443738 417194 512939 433886 573042 351617 373773 330290 481109 359437 521866 530288 591103 440276 437837 599295 566558 579981 505432 327854 530680 342455 447757 319275 343482 350156 363176 339619 381995 339413 394804 439762 433827 376840 336932 588038 423652 352957 495388 448896 605772 505201
295038 157144 84320 246958 202240 208787 148340 153976 244089 191174 188606 258734 7547 71721 209661 154284 175118 42265 296639 259079 384176 377773 329521 461748 247773 583451 443071 591157 330516 507111 511710 553640 419799 481108 562311 582561 575913 386417 342931 528595 437772 575330 574291 362489 493848 503304 502095 414091 578489 544044 391728 381877 416486 455431 391150 329065 447137 314673 465010 490929 312445 447143 403017 361530 349310 448337 539063 518740 519000 457325
95675 94603 82808 227604 172465 260210 269195 20963 229083 269402 166100 157035 109750 228373 267116 196650 238419 55990 259844 73588 184611 427603 465415 412718 580426 320369 566841 582322 515696 504100 578575 376935 545571 510168 396603 355228 541249 474948 437723 365977 388448 363310 453697 357789 568250 360717 533760 506150 370844 501038 342659 555181 591064 477983 381838 559330 439985 428764 523546 401937 445307 454076 387198 364624 597840 393863 406477 406461 465842 533091
95217 203915 473 250643 252504 231251 289538 197744 100448 775 102828 259586 196623 285609 214423 56841 192094 91039 75634 98687 195560 277292 567674 421962 410704 587380 441514 529210 346840 320734 504422 427396 314268 416641 504856 452990 392541 608943 469337 442594 514229 587460 407689 567181 537260 585940 470302 349505 482293 344556 555251 563319 495909 581828 593438 350279 573526 473019 393350 387604 476762 353282 412666 585991 419767 513619 329581 356768 327473 404990
293015 44028 212044 15489 181795 186193 168739 209107 268788 113028 95701 150070 252878 175939 230219 81798 28948 285808 195430 81899 113661 7905 116509 350230 596943 483764 316726 468392 342278 601475 437133 491132 418185 500576 343056 422745 513494 441494 454418 336777 466007 337489 608504 473173 319419 598942 561103 471593 559889 475788 487234 608461 521292 371493 427641 422886 417543 506732 336267 469154 495270 414198 424328 492695 462680 477252 605467 568323 334882 319841
183239 87249 217257 266532 275537 14581 280045 245624 57204 279366 27493 181727 92349 33619 122758 230680 62884 29745 40526 285786 132814 8418 242181 257684 94738 276818 119845 406364 557579 383333 350900 337297 438493 366799 561122 370468 519292 343711 505302 607353 341209 394515 535339 327689 311975 527149 386079 579562 468813 339700 529404 542140 359819 328083 406151 324678 442426 354352 371393 569760 494725 567555 388548 509996 424818 427979 447427 389666 360670 392638
241458 42098 192469 171143 135872 66381 223587 293031 219529 222128 274364 274815 53483 180468 272282 58875 181310 246567 184112 279785 280390 197385 4472 173342 102294 256275 594243 475325 588205 463278 570632 354853 340242 330300 346143 541683 340506 438031 499984 523293 334816 561856 598279 534220 395945 371653 344663 348500 341362 428207 547968 388405 592502 560988 489996 445612 337699 435683 472228 459367 471987 407687 366931 601066 395154 531299 419667 426801 574616 540720
63593 223029 223734 59694 133661 231253 28077 235872 203729 243027 138548 288695 54719 238609 78133 256105 57316 207494 265799 217696 235687 208120 88279 271465 257872 513715 355186 454797 395058 597494 435717 499802 569014 391617 516136 400268 422094 546526 388027 571986 482874 520017 519608 467392 500899 595162 442959 348449 563753 327234 591931 355780 408815 451628 511372 569528 596487 315852 418527 372942 600236 363916 526876 463058 432762 325681 601063 540938 372345 388790
281287 108933 30775 41718 43646 17757 263930 234465 62056 9988 7435 24052 208086 204878 74326 161297 60192 202486 49537 82785 67191 189632 69339 32035 253665 159942 483375 311779 569827 506442 350957 546813 407933 462204 410647 343533 594960 519414 353976 585245 486281 384275 519673 558218 461014 530853 465096 487163 453391 351670 383971 607585 547328 457775 560261 551031 335431 573826 397494 583221 502029 403381 579244 540864 434404 459672 564129 404443 561210 584053
288156 250752 154239 13202 107017 37360 112575 257283 197026 114434 240734 55828 16188 30170 283970 249978 289623 72055 89535 191671 195042 63798 67772 201516 198053 165053 483308 591286 486733 330685 506313 447531 354973 564027 402391 559417 500938 521118 329416 353948 517817 501378 465569 366481 468619 521851 472069 600461 393717 511557 601763 566172 553528 390574 360905 605092 415096 401113 322766 396575 508696 406406 534509 509465 324531 501928 376275 340035 560027 460938
143361 39426 274584 281518 185254 194421 103646 113764 187528 130533 215457 205011 136111 80949 206617 259557 60846 156925 181606 193041 92152 72127 269884 455 14576 61965 484914 453260 490901 415862 562812 521711 482055 416074 398198 442894 482899 583896 416327 557520 595826 501877 461460 450705 413148 555397 397136 459144 382523 339458 344789 539707 545483 347710 573957 457678 337630 438575 513886 586239 495952 482301 461025 530874 456837 601532 447598 578782 488965 497891
278255 76095 206768 189744 143318 95500 224203 170099 261429 115586 78485 20400 15474 275351 265607 215816 186792 56427 143899 214204 102948 176806 275207 115827 270314 44387 580859 385737 601775 589031 583816 511322 577761 462201 472979 582980 424802 481099 410570 409510 360668 568684 546639 341471 566690 457866 414518 359804 457364 351785 547958 488246 535659 341231 333672 507540 372484 513267 496730 310200 500730 320768 526341 568728 359408 318614 519639 521324 526775 534844
123085 190563 112508 13961 179047 275535 254093 299700 241706 167004 264253 122081 182863 21963 194015 230902 266340 226689 55524 136749 191880 67120 164879 67844 125432 367280 383719 409516 601379 319392 326521 376579 563776 415823 460648 403618 489181 551363 313476 419320 531957 423534 602624 329707 518516 593885 318948 514909 557572 568293 350132 483014 375865 360057 319993 315739 573016 516232 573922 336619 418210 476859 380426 531464 400065 498641 444721 551372 405175 499257
272016 293393 9262 4218 58974 75722 14084 55457 24875 83344 23816 110777 44484 59296 61558 73468 220207 102542 63128 287602 102691 231018 186312 234147 84051 411909 362905 464558 557329 507390 458747 394450 576600 321603 438647 345595 605669 359430 530411 589600 572812 467284 407308 418294 583577 485301 513608 607728 348935 399238 317626 389476 586928 394839 462758 486772 487849 422821 583621 435922 605788 354455 310586 489350 350104 499183 326303 433114 347304 360368
240792 259252 156858 276527 98957 285694 290172 12130 251090 106360 204783 204087 25240 244807 43397 94618 68882 127907 242163 210585 268566 111255 34682 53744 78936 449541 87658 559554 459528 549125 600509 375614 498738 446532 542927 591726 482535 599958 454951 355367 355605 482686 354027 311593 537180 467302 416650 317973 332461 389787 336180 551665 511322 484930 531108 608675 422407 416166 433409 328241 495287 607836 339630 359485 581914 507001 371037 352419 392643 385869
237062 223101 66076 24402 10223 119455 155140 191963 241715 30136 232218 190913 90051 83729 174794 203710 230528 225461 237731 30562 191454 56145 87502 97213 267260 41853 135616 536260 576276 585691 583143 317912 522448 384881 372726 378433 529275 555189 518533 563194 398757 513035 514204 503568 356919 392591 333530 524341 555754 332632 363474 470843 537158 353148 538664 352555 380532 484264 429751 411673 392578 471712 563649 397669 493774 445257 497094 460128 495750 506135
136219 228453 204325 14622 226318 7805 284171 127893 258165 179181 183551 239087 181998 211707 7512 282028 290772 34142 217674 56222 289139 115564 149210 242271 66096 252166 85235 79492 17247 606977 523683 411487 451475 565016 404986 488075 591922 545978 551596 344238 577649 475649 419221 317795 511038 371603 589054 451026 363632 319895 339596 468745 448760 570586 527106 388329 585630 360524 374090 393831 462000 398863 360204 359277 596801 532862 499901 495581 480401 528668
246244 18192 238513 68751 64336 87720 115121 8860 227699 195634 171058 123900 97990 148821 85663 26265 109032 299593 172479 148735 147122 124568 285210 148117 243691 39133 233553 239812 411632 582959 456714 510541 378067 497540 367146 601093 461185 499227 406488 430407 477621 524421 501397 441356 442243 469608 454670 567327 527638 382910 492987 347121 375716 455406 350778 572838 447221 405935 523099 524075 401738 554759 366518 494584 604251 372803 456761 431721 374953 576584
108834 271404 117717 92900 29808 198346 78981 114477 4360 281008 287977 175462 246508 286045 31773 60126 144157 227218 23650 242081 140974 207478 29887 102934 29804 262440 98200 287668 211108 454011 368476 462823 490292 608020 483090 532259 528937 443214 591935 329694 313901 329533 526560 528052 392777 379185 576471 343750 426900 332076 310191 482728 429244 326747 538293 318336 596774 593916 496962 580636 520225 499953 367421 502033 594662 576243 566363 331858 556776 391910
154564 114941 119172 189435 199689 67130 256079 44564 75596 82646 129440 158848 133836 121795 271986 120663 60307 47565 205691 286486 250603 16260 135299 173584 256480 108109 42110 139805 19616 310427 363419 413224 544623 486071 537486 593957 398486 407363 372470 594475 602552 381544 380823 586040 319595 601610 410690 580601 487949 442070 382608 581935 598449 419372 533288 444589 380067 552816 401047 517680 455223 331150 572590 560600 550033 435617 592794 342184 455671 497820
94236 127822 287704 261105 113056 66003 183608 51657 204610 70029 279597 29703 207053 56501 206447 217661 89886 107652 186731 263076 28474 90966 49684 39829 45307 168882 247503 165796 171449 223928 113348 573509 418446 487635 497944 539631 355814 439549 479854 519619 426056 538976 465823 570273 425565 332959 597461 395424 376117 330309 525339 386599 408459 554135 409406 607286 485893 362277 507828 528163 514150 394015 320913 562636 321373 416787 547722 439967 348533 482657
110584 224123 231451 44657 193364 16717 101528 80266 108221 182404 153899 162801 75403 234851 183417 224582 61111 72916 21265 185870 266568 258227 207626 42257 246940 163137 177441 16812 285704 339387 219499 414723 592152 316674 407167 340239 344085 433223 423044 351891 550847 508104 562521 462007 588840 355007 427217 521431 342021 594858 582345 374650 415952 472882 529889 529990 609830 501352 349535 401776 322208 573529 457206 590996 581044 325905 553299 315668 313039 375954
94692 111902 177989 198791 277592 1982 186308 67865 187085 163092 95754 258059 22797 298223 153011 8407 231281 127453 87810 97502 87599 255646 99575 60386 52390 168950 6823 271405 238697 539051 92957 426234 450947 436527 464540 358957 418278 410611 555666 600502 528892 328595 537247 482318 399689 470079 500487 323615 606063 400819 598824 415366 561944 416900 492399 449354 504631 597780 425508 400159 517264 403185 428413 438251 395973 342437 544057 353560 595451 404757
124053 10351 101747 74831 63785 46931 178621 41979 56101 26215 191631 162773 261409 129633 69020 256988 120026 144217 175743 81823 74463 255640 136578 254450 224934 294984 199323 575215 349674 431469 402125 600098 376622 524322 489930 470785 535374 575802 470461 447563 424661 533849 434519 316077 335000 322577 451254 323132 415483 595277 368305 546498 496030 455463 497949 531869 590616 557994 314980 377832 452535 401662 414494 319061 409570 593137 533553 481803 356582 554742
217896 14520 273841 117804 38674 255666 170380 236169 57516 283525 9406 157542 171133 254636 10499 229543 41151 158440 187277 56180 49052 156751 70861 22742 148316 103292 237988 225759 534240 564874 423504 513168 378185 591858 558184 484917 494700 449426 564239 374554 509000 473697 377608 564970 337206 342025 504957 456435 479994 481705 549598 541145 575633 519894 397615 472257 434394 505914 466590 607964 596078 317547 315388 497729 603289 582373 374082 341148 382651 312048
201377 78537 155237 58761 5088 47463 226644 244830 64488 252967 204554 270398 161046 104676 247169 175516 69467 243584 44325 176369 56756 19250 163385 204581 198459 171651 121215 153331 335591 487559 346998 453478 473423 360170 378213 415205 389913 344874 331592 346036 367993 545872 408616 387592 539145 513375 341727 389073 595674 344478 548827 313646 505469 585057 326489 569175 320514 466627 503164 414200 350956 521307 529833 585365 462895 557142 430917 364187 394477 508347
151886 292971 152324 125859 32361 132456 47002 247268 182056 211729 39204 240730 133212 150390 246436 175629 160036 40146 255614 239365 256099 12637 222376 195672 174291 264306 1274 229313 509000 374929 589174 430539 328611 401910 560480 504563 555529 575112 400328 573631 496056 330053 464534 425489 538546 468823 419521 392165 398785 584198 486104 338934 338243 398197 521592 471167 428446 474729 354357 605554 414677 570363 310341 325401 389771 521366 383471 454489 591549 340154
52797 110579 164522 115601 90999 191674 124842 163401 78863 6934 191416 38122 228773 148421 3405 262636 196069 65698 214126 173030 73314 281518 188877 94491 290486 95934 255089 394216 328891 134813 399792 399265 430196 416509 591565 564570 362945 424474 507145 474475 417055 575230 368775 583595 336200 432197 355004 606431 318509 465476 348216 430092 386069 331407 368275 488956 348988 518976 352614 461524 326628 589413 349713 313686 423619 327989 541767 336845 527390 541433
139782 203067 113804 239524 124080 102491 42671 224081 70894 127868 238208 45032 202732 233854 208048 72088 136337 83349 112884 228565 201659 288494 114648 148479 242200 259110 312684 546740 169976 33885 464735 549152 404558 438786 494418 544369 386510 409622 333055 451861 420615 520859 543911 572637 528550 485291 391079 449315 341199 456569 484753 541403 347763 560344 487915 446669 547773 345511 572258 310150 416194 533443 481730 341803 317801 606593 510322 461705 607063 333726
138196 216500 71889 174368 71758 278121 118587 215456 20691 146156 172038 208178 208089 33467 126666 202148 137095 87911 19265 89374 135485 170268 296545 109168 90927 272414 248486 288972 252176 212460 221186 6724 45312 293075 468892 322005 313617 593695 248878 491589 527057 454069 536603 553925 324104 594174 485616 394453 373335 581071 601227 478179 364692 413080 334301 543577 560236 414234 472274 561497 422577 454401 597782 366387 367462 564762 392887 415641 537604 448380
250022 49787 83239 199145 236416 153975 274934 241546 278158 54987 265942 191716 270524 160605 18171 211582 278900 117040 101126 86167 168086 35835 114621 142208 15856 268854 213774 29299 94284 201373 291621 260658 251160 291212 398800 588132 317395 433733 345649 608040 498798 577386 557322 416096 542435 324990 485726 376226 438112 580169 463074 601893 403227 496615 382897 413930 335159 426845 406709 393325 473906 495551 413764 531635 541095 485886 518033 530275 319661 509394
219781 106944 185807 283899 99898 190534 149836 220786 257809 49165 142801 27603 32933 17003 212019 158908 207061 281640 198658 126419 61898 56133 253750 102814 164768 72293 136238 293684 252376 220752 168074 88509 244048 270234 354714 401960 160768 454543 575513 395014 379186 556425 569132 220695 257242 190903 383131 524436 583240 447266 330901 366996 511889 350016 587255 413725 591911 399882 375394 441545 378683 417719 447479 324722 313409 489276 482557 457956 337509 352721
241317 254531 168973 220202 175226 126215 27457 87533 290518 116353 198499 113945 267147 65599 191121 137107 13819 256943 143305 172075 191494 70256 31109 130906 157607 244026 142726 205256 150414 293143 50343 8084 247674 219316 228286 39252 45531 366281 126786 252401 462192 25285 66346 255596 7236 173820 92704 541283 362633 312552 322145 361016 510720 536494 480238 316793 601782 376084 553592 328885 608512 526093 491392 312173 608961 325231 439909 535435 468077 451330
2128 164651 9792 284827 120247 17028 158647 212951 254436 205762 148961 280270 60724 71578 37214 46591 151803 254536 175185 269988 22273 296923 222164 14445 199039 10008 234904 140407 143383 111106 208562 145511 275757 218354 130338 96004 151734 395975 518384 106170 111100 74269 2793 88176 62199 40007 134767 319467 411109 415548 358403 483309 411568 516346 523943 389912 534153 388776 534379 404378 574824 532083 548061 552217 448143 499527 362232 488218 478977 539692
96551 133593 246723 99344 138121 8922 55704 272888 55629 266600 282841 72323 199769 206069 11182 280087 244688 260048 78958 123715 268650 205286 211303 122763 140076 49950 239918 170870 123979 262411 126972 136882 12356 290047 236227 150477 215321 291931 123366 270950 258531 22559 43274 74652 144981 54456 54739 398305 462265 393478 337856 314157 312815 485895 564540 388800 365013 464523 383294 401349 485263 418969 310138 519212 601068 516349 347711 337035 591659 607072
18629 287596 282415 278255 278600 127396 249063 249692 133417 179919 299741 263154 295778 87781 4194 18047 99545 11536 112939 198531 142857 253891 40841 111060 23551 256846 231843 160040 220877 260908 119896 155858 164857 18663 50465 59809 62411 299528 9501 195828 95799 225595 75334 91577 13376 79528 25977 29274 519024 381488 352738 511312 467853 391702 540419 405874 417052 325016 318045 564846 532973 384944 331210 441765 569479 439739 453833 569527 424254 605030
38605 197077 111960 113940 205006 41689 109820 230983 287315 117237 286252 131472 183862 211763 16471 277900 160826 74669 220133 186281 53743 39627 247984 105028 23977 111998 290425 284489 254775 91703 254503 209732 205132 282815 23672 110138 240856 133493 257474 228171 167082 160078 59644 267296 71841 76115 245197 149019 407037 381501 35300 120880 121309 446828 315623 457818 357247 527723 539849 373027 373401 398279 437834 452533 525706 575362 493279 498820 524077 486593
68827 249445 106267 128471 216742 178108 120938 78291 27128 188075 159973 278780 225307 281283 178417 151215 126570 190051 200252 172698 289165 124641 89682 81659 170513 289481 114177 159228 130136 196541 189065 115315 62338 295332 160138 195432 89793 197429 273723 33273 85504 50049 12053 227163 31332 106822 294730 74254 213226 194982 163304 202391 430921 553873 344970 387807 390715 418971 604515 530661 461197 499887 433592 542893 546134 534427 374540 556563 569460 549683
22237 296399 241720 250643 223562 189404 57465 218292 263658 270691 29626 43314 173082 265602 212653 289836 288443 71472 220768 170512 276780 264592 157999 213756 287107 140819 10870 205055 46135 221765 96726 68373 218164 254798 235368 58078 144202 292833 192722 24212 179877 222348 67526 52959 104302 280179 259148 92745 268004 179916 263258 161136 60860 338263 554589 424980 492968 491851 583740 362041 393988 325358 448311 598470 562108 542106 329008 566417 570738 537871
5665 233719 280600 289543 203031 84902 186075 162179 177648 70431 42095 57258 231567 19307 94867 222812 67275 273296 224926 236650 114212 281510 202751 23501 256257 40002 168158 205435 21455 222000 47334 243472 155720 244286 149368 58751 29189 251795 137282 123189 22226 95729 96799 170145 115036 191666 92957 98664 81314 17884 35314 195526 452660 492673 518590 546486 399177 508746 381067 520884 379077 459455 535723 213962 527783 564483 475625 549061 430671 548076
54141 164497 122076 150940 34643 237112 258959 127600 35776 40273 61836 287443 235800 277582 141861 71179 149586 252633 291069 227024 1213 49311 268149 209618 263273 253561 183742 152338 184513 109662 95037 155007 274159 217113 222299 8802 70577 181258 52755 106354 221532 114591 93797 73684 92174 152010 61215 241760 20995 52284 85136 22209 357335 444426 148179 415969 556688 606225 512301 547386 498281 467462 323415 32095 442143 326526 579959 517032 439630 321603
155344 36865 124596 165493 26901 133122 233855 88117 291234 254850 56753 292722 193411 74701 262360 41590 272273 101911 73512 22184 42328 131447 83483 54103 163542 145544 71826 37144 110886 187160 47148 266230 140377 88096 48075 167279 137570 281930 255396 128804 153132 228501 121527 46544 219554 239 88134 191828 102151 77998 214012 60831 209446 297495 114934 336813 378171 333432 485299 387749 546708 412244 384038 47002 593002 358539 423563 310953 472549 86029
177160 68701 14531 298687 31597 150437 298927 119731 42265 17430 114082 172629 294613 23528 86477 25899 229220 62220 129012 255705 148850 35637 162042 201709 298992 72827 135348 213273 204831 267268 215655 81992 35969 146538 297031 283918 296975 212310 20002 39241 229740 134084 128222 224353 157612 214699 250253 3184 276920 295617 175241 125770 247607 37283 243831 246599 110111 517674 343834 231294 420861 208231 229638 298769 318523 336914 512020 421849 332976 219042
223690 285073 53126 51912 125778 127090 266612 292383 130274 243532 204353 5516 285654 68312 259151 229485 231263 285614 225017 7487 216909 187817 132071 146547 102938 103192 289569 1978 71289 44902 137372 294979 246327 106850 46892 288457 233940 229856 280841 280567 173388 101546 202435 159042 169858 77938 4879 101121 63553 229896 24960 196814 117713 157031 259713 137004 366891 346104 362537 247865 210537 192707 159197 156864 299557 206089 315556 149850 135945 42514
130417 225685 144060 249204 1079 13918 27142 5958 31391 7047 152207 56352 203861 186272 213383 163575 23276 89959 29210 78611 254177 239747 271318 113374 96611 187227 235815 158284 37077 288112 117151 83846 213797 261211 33050 131228 191482 276545 137186 222873 199944 289393 279225 103806 175666 108961 183733 115294 115272 212943 193905 285801 152690 81575 99175 165653 268803 556262 407190 222232 239454 57440 6079 69603 235004 255481 200831 42838 148378 254370
265711 48323 160115 161289 152129 252133 186602 252214 67428 218226 165157 177685 204028 234199 175613 219555 16204 60768 170898 256493 283000 26704 230286 289079 96308 165290 244561 213491 208128 92939 84213 90191 141262 244329 167832 209743 112814 54434 161957 96594 189013 243466 274280 93041 177665 66245 12596 110221 127013 99846 66715 110013 126551 213353 15445 139211 294995 176358 379164 203123 269297 53268 209666 26912 213949 77499 153007 26763 48285 231317
123358 237298 174783 13990 246691 268801 80235 259288 79022 123600 275486 62089 233613 102037 275442 165410 157600 270437 41768 126655 89912 227418 96275 215931 170682 10224 209782 23689 36987 258067 171358 76697 111718 262494 7039 58409 231295 87274 17697 226669 127226 209536 205111 60840 11573 96905 142602 169174 67343 184371 212181 73607 111789 8456 289538 282471 18680 199320 222512 272019 73740 10223 265069 185458 272717 272108 243867 120364 275735 177917
263385 102961 87453 168496 80153 15378 265402 222756 100904 249097 107127 13085 22704 135268 237893 228595 34091 256573 44267 172955 144945 34359 183178 110014 219817 155895 298474 80037 192611 274209 174306 155997 77171 178111 24493 157324 109841 206247 80080 210746 155344 103559 140183 94401 238827 78077 239348 189270 251002 283615 62226 12299 17975 161756 38665 154144 234004 37140 150533 126615 11349 24839 282612 88520 119302 7106 245845 229144 213353 242277
139890 285050 45837 196425 79451 201016 274502 235151 6639 141857 135118 285217 154156 153093 146973 192822 223590 80977 146314 74123 207593 157663 15315 190205 162536 134617 113663 24733 63761 243369 183362 120003 228419 229199 16429 224222 46568 207283 159373 53207 49140 294491 38424 119649 63937 185397 228823 203879 182727 75137 194354 90320 149152 209669 280525 228040 260639 10541 252773 24400 253910 136136 60756 98681 281687 77185 22903 28255 284468 98628
297814 33609 9471 36238 69610 289760 137988 298433 193639 20715 289922 87994 27387 139074 214015 224264 67115 174654 234805 236240 115407 188715 288728 176163 203748 270416 253348 226651 215023 154168 241631 129190 104129 251103 165428 173739 157215 219768 88524 50855 156835 78446 55201 184222 133873 185568 108487 117340 276575 259644 53580 8334 64712 258661 184497 268460 229077 54197 111464 60452 124717 53095 189642 228847 220550 271423 18938 294118 107543 107463
