50 1200
9 27 556
9 6 8
46 9 756
27 10 922
27 18 65
28 27 157
39 6 806
17 27 497
22 6 84
19 28 843
28 14 211
14 34 829
48 18 683
13 6 366
34 38 719
48 11 510
35 18 675
19 50 907
50 44 932
35 8 494
49 11 842
21 6 141
48 4 249
9 37 516
50 20 635
24 34 306
7 11 420
22 33 252
45 11 209
28 2 791
13 5 246
32 2 314
45 36 820
30 27 756
40 7 784
42 22 578
2 23 213
1 18 432
17 47 254
7 15 44
23 29 768
12 40 425
3 49 567
18 31 151
26 23 621
14 25 361
16 38 11
41 5 407
43 5 574
47 4 370
36 26 411
19 37 229
22 49 210
17 6 923
49 39 848
37 7 135
22 37 885
29 16 157
11 29 779
40 23 684
11 46 477
33 4 327
9 26 55
1 22 320
3 37 639
31 16 391
24 5 147
48 26 914
19 26 846
2 2 441
7 16 980
29 36 314
16 17 136
45 12 883
38 27 629
16 32 326
25 2 89
2 8 550
14 3 594
35 11 986
41 46 186
35 46 309
43 13 555
13 39 409
2 16 157
2 1 298
47 48 621
23 41 155
50 50 944
10 34 61
2 48 16
21 5 940
35 38 998
22 41 296
18 25 153
13 47 279
21 25 121
29 43 590
23 6 525
46 48 605
31 8 17
39 23 410
34 44 696
12 42 825
31 15 645
47 26 423
29 5 386
4 14 764
36 46 585
12 6 616
28 24 165
37 45 810
49 9 648
35 33 609
43 10 943
30 17 165
10 5 915
39 29 25
12 9 314
25 25 795
46 27 180
46 28 241
14 9 722
27 13 472
29 7 155
23 1 101
42 9 481
42 24 792
22 27 459
43 6 23
23 18 658
43 32 321
27 27 97
26 14 595
41 17 691
47 40 8
20 47 716
39 15 971
18 8 342
42 25 61
46 26 60
32 41 275
4 17 204
15 38 439
17 38 952
12 17 116
13 24 526
8 47 418
26 3 229
38 12 728
34 17 428
11 8 910
44 32 369
48 12 293
5 48 271
17 45 137
39 33 381
20 13 961
32 27 901
33 18 444
39 11 496
6 37 698
45 9 1000
37 12 63
49 23 336
22 7 859
20 10 623
35 31 665
24 10 822
28 16 979
1 26 759
16 43 36
2 12 553
44 24 509
44 15 868
15 40 613
48 30 762
23 47 393
9 31 429
22 32 328
17 9 700
17 11 405
14 21 439
6 27 269
15 15 564
12 21 15
16 47 520
13 31 637
1 48 846
49 32 881
3 34 754
10 13 432
33 15 545
47 3 722
32 50 641
14 24 720
24 8 197
15 14 844
18 32 489
25 44 664
20 15 579
5 11 797
38 11 708
3 50 30
22 38 434
10 4 621
6 5 546
22 15 295
30 23 197
2 11 242
26 31 172
42 8 888
27 48 544
13 50 259
3 11 343
5 33 611
25 15 964
36 15 703
39 3 811
28 33 874
15 34 767
10 21 155
4 41 672
50 23 448
2 37 711
50 15 339
6 18 517
22 11 856
14 32 247
9 21 886
50 48 829
9 8 915
10 47 114
8 33 629
37 13 683
28 31 997
21 39 593
3 40 493
32 30 435
25 9 729
22 48 448
48 21 502
12 19 746
46 1 489
27 12 827
18 38 267
24 4 426
9 28 470
21 45 881
4 34 531
1 13 43
21 16 5
39 5 134
33 14 639
24 1 39
4 8 989
41 14 855
18 7 922
27 29 562
32 47 844
49 24 126
20 20 151
10 22 506
18 14 258
21 11 497
10 15 995
33 20 45
16 24 933
34 45 639
31 33 52
38 1 221
38 32 645
7 19 565
31 47 298
48 43 251
18 11 122
7 23 159
1 28 58
15 8 525
12 36 937
5 44 535
37 39 193
44 30 121
11 30 845
30 49 312
45 50 262
18 2 530
19 43 909
16 25 890
38 6 489
9 36 812
2 34 46
8 40 798
20 17 625
43 18 936
10 26 900
43 3 243
12 12 181
7 47 338
42 6 729
43 44 195
43 14 531
7 20 471
22 19 902
13 46 34
40 28 227
39 10 766
5 12 125
35 24 590
2 21 583
4 49 783
49 34 505
44 27 398
44 37 307
47 49 770
44 11 10
35 14 327
50 30 466
19 31 244
44 36 439
10 8 125
46 37 469
10 30 618
48 15 925
1 27 794
11 27 189
23 10 153
46 50 548
50 39 547
15 41 975
32 36 132
3 27 795
8 32 486
23 16 795
4 22 727
9 10 474
7 48 428
9 18 877
17 32 850
12 26 46
26 39 731
4 45 947
6 49 749
5 32 7
10 19 211
48 23 347
43 27 358
28 32 717
28 36 649
46 19 35
35 25 808
3 2 348
35 26 911
7 7 419
46 47 419
34 39 344
4 11 775
48 41 589
38 5 473
45 7 418
33 10 838
23 5 940
29 1 501
10 40 736
20 16 850
35 49 853
50 17 864
46 8 61
17 31 681
11 25 289
24 23 774
31 25 786
13 9 587
2 45 9
1 5 956
50 2 875
39 43 545
22 46 879
12 28 788
17 7 320
31 21 363
8 1 123
41 29 167
25 12 765
9 23 193
2 41 924
4 4 540
36 4 107
41 8 513
42 50 35
42 32 330
17 21 550
3 21 956
8 5 200
10 45 16
3 35 991
27 26 269
41 43 868
26 37 137
34 23 176
1 33 45
25 41 669
26 20 536
33 3 496
8 23 452
1 34 996
30 39 771
33 42 381
15 16 700
48 9 52
27 40 238
34 29 125
21 49 987
3 9 132
30 34 943
15 18 474
45 13 510
16 5 168
39 8 513
36 7 488
45 44 986
16 42 150
31 36 760
20 36 932
7 4 359
8 21 491
45 42 1000
9 29 70
50 8 787
4 29 883
46 45 841
31 6 620
33 2 262
14 14 362
46 43 1000
12 1 680
12 18 102
23 33 99
9 5 654
15 19 957
30 31 259
14 39 97
16 8 508
3 25 708
31 24 851
43 21 800
2 43 621
41 47 143
4 15 397
22 12 389
2 39 965
20 23 593
8 19 865
13 41 798
35 44 392
29 21 728
8 30 492
49 10 106
32 7 81
4 50 305
12 32 308
8 44 307
37 33 865
31 34 569
37 8 323
39 27 146
33 33 578
37 15 553
37 25 203
7 39 299
43 33 129
5 36 824
9 44 878
36 42 220
17 25 39
25 33 413
46 40 918
20 25 931
19 41 687
31 43 449
11 37 817
46 4 967
30 7 186
20 40 150
13 28 879
19 19 818
38 9 709
27 41 987
35 35 858
30 20 965
28 35 88
46 24 952
45 24 400
37 24 688
42 27 575
47 33 813
50 10 214
1 47 798
6 19 621
18 26 966
10 17 450
12 30 271
42 10 164
16 4 173
3 7 28
5 25 250
20 32 707
40 30 943
16 19 766
24 39 546
42 46 557
43 50 955
20 11 318
14 49 811
33 27 733
18 19 525
20 6 923
2 47 376
23 35 472
43 24 62
6 26 400
20 46 540
4 38 173
19 4 23
45 16 532
40 4 488
3 32 860
23 27 193
32 45 790
12 16 542
30 33 513
16 27 279
38 25 88
37 49 905
9 30 802
12 49 737
6 34 451
44 47 552
2 36 240
31 22 566
10 14 795
1 17 725
42 42 964
39 44 512
39 17 337
4 6 779
35 9 672
19 49 884
36 16 600
9 33 380
18 37 37
23 3 623
3 38 342
19 24 828
18 13 238
47 29 793
48 34 357
3 15 113
20 18 450
26 15 354
21 27 484
49 46 458
1 7 985
11 19 564
50 34 875
39 18 679
34 34 767
40 37 568
34 27 988
30 14 773
29 24 853
33 41 635
49 15 110
39 42 720
3 36 176
13 44 694
4 44 156
17 36 596
11 11 122
48 8 797
50 5 137
18 28 935
24 12 672
3 22 560
21 1 357
15 24 603
30 26 348
41 26 10
38 38 624
20 2 339
28 45 188
30 16 241
40 39 686
7 33 576
39 39 432
49 5 226
2 19 227
32 10 527
39 1 515
43 47 116
33 48 573
24 33 783
28 48 979
17 28 256
28 6 127
9 7 3
11 23 981
11 50 840
48 37 124
2 42 146
19 20 400
5 30 344
22 45 57
20 35 353
4 5 687
4 1 537
49 41 926
41 6 9
41 41 326
20 48 935
1 14 921
26 40 567
3 5 518
43 28 854
35 12 192
41 7 920
16 40 798
19 44 853
14 45 382
30 25 282
35 27 472
29 6 777
48 6 222
21 18 374
1 9 452
23 17 832
32 19 791
41 16 595
48 29 249
46 31 18
43 34 188
41 50 788
40 1 971
37 1 994
33 11 84
28 28 934
5 7 127
49 17 827
27 8 725
12 44 255
26 32 530
8 6 121
16 22 780
39 32 675
21 32 387
18 47 637
47 50 229
17 46 389
4 27 734
31 29 363
39 31 787
42 31 770
38 48 589
47 45 425
24 20 444
30 47 444
8 49 626
2 46 306
27 25 259
9 19 344
31 37 60
42 20 109
13 35 740
39 4 955
26 38 492
28 41 666
37 5 668
43 37 605
31 31 719
38 28 605
14 46 441
7 25 843
36 11 120
14 27 277
49 2 389
29 46 194
40 14 125
40 13 104
50 27 734
20 1 253
42 5 75
33 45 833
13 8 550
47 37 58
43 15 225
2 26 388
24 6 977
25 23 775
1 45 101
34 22 953
23 23 318
34 11 139
31 14 284
26 8 843
26 33 40
35 39 938
3 13 789
29 15 135
10 3 707
23 42 528
17 17 946
19 27 998
36 49 411
5 15 496
7 13 324
47 9 542
15 30 546
50 16 518
5 22 880
1 36 169
39 41 369
45 49 27
28 49 771
32 4 93
24 30 335
25 47 83
13 26 871
23 46 589
2 14 298
28 29 529
47 19 717
24 7 776
18 50 27
10 35 164
16 39 295
45 25 551
38 10 262
48 13 500
16 6 524
22 13 454
33 46 798
40 36 633
11 41 504
22 43 410
20 31 171
42 40 691
14 13 317
42 4 181
1 16 689
28 22 293
24 36 729
3 17 892
14 8 99
50 24 66
29 38 787
22 36 725
12 3 994
29 22 802
33 17 307
49 31 199
33 13 672
31 3 262
19 39 219
31 27 287
48 17 523
10 31 702
19 29 487
40 19 467
16 3 619
45 35 314
25 13 864
49 29 800
33 38 321
36 38 726
9 20 514
9 43 803
32 15 272
37 36 791
8 8 581
45 31 883
11 6 80
14 37 278
41 10 309
7 2 63
11 26 228
22 9 393
49 25 574
6 10 325
5 35 953
45 30 235
29 25 886
22 23 437
45 23 586
3 3 770
38 2 720
41 44 446
32 29 908
41 36 850
24 11 827
7 28 281
40 38 916
19 36 754
12 33 798
43 1 504
36 21 587
18 49 775
40 33 958
15 2 29
10 2 626
45 39 337
48 10 211
16 18 938
10 46 225
48 16 774
15 17 855
20 37 67
3 41 281
6 2 492
5 40 615
49 1 952
6 35 401
18 30 579
5 27 627
21 4 670
2 30 190
26 49 58
44 10 895
49 20 432
23 21 772
21 42 278
38 31 167
13 38 129
34 20 96
25 24 832
47 6 602
12 13 355
29 40 943
3 30 835
15 45 675
1 44 362
14 17 888
42 49 423
26 34 9
13 36 809
39 9 404
4 18 900
30 42 402
50 31 770
7 14 432
25 26 381
47 39 364
28 3 174
26 28 407
34 9 362
21 21 127
37 35 842
50 6 430
49 27 284
1 1 459
46 32 689
21 35 817
9 4 767
28 8 476
8 3 79
23 43 649
24 47 156
48 48 142
39 12 692
37 32 240
42 19 808
22 2 295
8 45 22
24 21 548
8 22 363
24 32 666
15 1 558
11 15 847
41 20 286
41 12 487
28 47 875
23 13 288
12 8 325
28 25 785
38 49 541
25 48 644
44 28 414
47 14 444
2 17 453
35 32 333
18 17 777
29 3 112
8 38 442
10 25 874
26 43 232
35 2 49
19 14 274
26 45 627
22 35 986
14 11 452
31 4 716
19 34 839
37 27 983
39 20 530
46 6 230
28 11 856
40 32 765
34 12 939
42 17 293
25 46 391
33 34 476
48 19 217
37 17 82
14 38 792
31 48 887
44 22 505
28 23 746
50 36 252
37 30 759
46 16 445
44 14 697
4 2 470
14 23 462
43 35 423
33 16 362
15 9 786
44 7 423
42 48 967
12 43 96
4 12 926
17 24 724
5 28 705
47 47 843
1 19 255
6 15 150
2 40 257
32 23 822
29 12 171
39 22 919
25 4 3
38 39 430
7 31 499
4 23 156
22 25 965
26 26 653
26 5 829
38 24 850
32 6 192
13 11 106
43 4 651
1 50 419
29 42 113
17 29 2
20 44 893
12 50 894
17 5 17
46 30 721
23 44 166
21 28 128
40 43 188
22 20 880
48 40 2
35 29 1000
31 23 703
33 50 602
45 19 825
12 47 293
40 44 773
8 43 160
24 9 64
1 31 10
30 1 961
45 43 632
50 35 100
28 42 509
17 22 279
41 34 238
42 11 500
15 23 311
14 22 697
34 36 224
30 41 649
43 36 716
16 11 276
43 42 265
28 39 167
30 38 136
36 8 743
44 44 768
34 8 470
7 50 212
45 5 865
46 7 362
11 12 698
6 45 725
36 14 34
16 35 180
48 35 215
25 19 683
6 30 166
49 50 683
8 17 473
2 29 656
15 12 159
37 28 891
41 18 456
16 44 889
11 43 837
26 16 472
37 10 829
3 44 494
5 2 790
1 10 848
3 24 630
40 49 463
1 35 957
15 35 707
11 40 114
11 1 943
9 41 725
39 36 380
15 47 500
37 34 138
47 11 19
45 48 697
31 44 614
50 22 573
46 46 319
22 26 221
31 11 823
30 21 469
16 13 473
21 40 947
27 15 391
48 32 55
28 50 678
21 41 755
10 11 929
48 14 843
20 3 19
14 29 269
3 45 782
12 31 160
19 30 665
38 47 385
42 37 462
18 22 596
20 14 648
29 18 118
19 17 417
12 14 881
6 14 648
25 1 943
5 5 631
44 17 908
25 39 557
40 34 696
10 28 35
16 9 885
7 35 970
40 40 964
29 13 119
21 47 152
37 29 709
26 29 672
1 32 748
22 21 892
37 41 245
15 13 533
13 17 733
46 21 599
25 40 295
28 30 177
25 6 112
38 21 738
27 45 741
38 43 617
29 45 123
7 43 171
45 18 323
42 26 241
10 12 6
47 35 471
40 22 654
30 29 689
47 27 813
30 13 217
3 4 244
20 27 505
43 25 130
24 40 827
47 5 136
37 16 29
8 20 914
32 34 343
50 9 648
16 16 362
46 39 491
20 21 103
13 2 181
35 34 868
15 42 147
38 37 751
40 45 505
40 6 231
44 48 580
41 31 691
12 20 171
50 21 153
46 5 497
33 21 215
32 25 830
46 3 287
36 30 8
3 1 286
9 9 107
18 5 889
14 50 628
28 15 213
4 28 965
13 32 720
43 30 197
7 6 580
42 47 851
33 36 927
17 43 953
38 20 1
50 38 78
29 44 653
4 26 55
34 46 941
6 3 772
14 16 96
46 15 51
43 43 145
47 36 208
44 18 329
26 50 329
23 37 854
50 40 322
9 11 280
46 18 123
32 33 514
2 24 5
9 40 494
5 20 100
42 13 458
38 19 265
5 14 979
6 1 654
13 49 556
24 48 605
18 10 399
12 23 476
46 12 228
40 41 56
10 10 128
31 32 132
44 46 322
4 37 342
19 13 266
41 38 476
3 19 381
7 49 995
2 44 457
23 36 206
18 36 813
29 50 430
49 48 403
41 42 407
42 44 413
35 42 875
8 25 453
19 21 644
38 44 432
19 5 606
1 41 302
49 44 781
30 35 67
9 32 923
21 34 999
42 1 140
29 33 557
20 43 381
38 45 602
31 5 176
34 18 551
30 22 939
22 22 760
7 8 278
38 42 282
30 4 407
6 44 354
18 3 83
7 38 223
15 21 583
27 24 497
41 24 162
44 26 895
27 2 784
32 11 28
