70 1000
26 6 17850
15 26 10057
26 33 9461
6 1 17712
9 6 19624
7 6 6796
15 50 8191
6 25 5671
3 7 6743
42 7 15858
5 6 16431
2 3 4126
4 15 6679
25 64 7537
1 36 16100
1 31 879
67 33 13054
22 3 8743
37 64 10256
53 2 3825
53 20 10930
5 65 16012
47 26 13008
20 43 12818
38 3 15241
41 65 924
26 19 19960
56 31 3777
4 45 3038
31 66 5786
66 23 225
31 61 4849
23 27 9796
34 7 1102
21 42 19566
58 26 9743
70 45 9795
44 15 8957
12 2 4587
70 35 661
44 59 15456
13 45 6745
63 56 18416
58 29 6535
46 15 16519
63 28 18550
16 45 9338
38 30 242
57 9 14711
1 14 12357
8 44 5804
11 34 3546
13 18 9598
54 47 568
68 30 15940
55 70 4171
39 28 18136
8 10 13018
68 32 806
5 48 334
52 38 7943
12 49 1446
25 69 11303
62 55 11920
59 40 13325
17 27 16174
41 24 5844
23 51 9826
24 60 1275
34 4 8736
52 15 5633
33 33 9290
58 45 4805
17 24 15677
23 25 13499
17 49 10475
20 13 197
60 13 19883
14 20 15962
58 58 6856
69 22 6311
17 37 5430
64 18 2302
61 45 12024
31 62 16297
30 3 5787
55 27 19417
5 47 954
20 24 10076
7 25 14071
54 64 12507
68 45 9649
14 44 7863
2 66 973
33 23 2139
63 47 6087
35 25 12488
39 36 5892
9 65 11980
31 26 10604
54 34 16729
15 14 13140
57 27 12111
9 42 19901
4 33 7650
49 53 5882
36 55 2268
69 10 19071
13 48 12513
44 51 11379
36 36 10945
30 24 6029
27 15 6694
25 65 16631
5 54 19119
42 10 11760
37 53 12926
50 65 1447
34 2 6592
17 8 10425
41 29 15622
49 35 2151
8 26 10457
64 11 13574
68 28 18207
63 68 9046
39 62 16032
5 22 13110
21 64 17737
1 13 2157
10 70 10558
54 3 7043
13 50 8938
15 57 17649
1 17 4704
63 4 1424
54 50 1146
45 11 6817
66 45 13123
43 34 1014
62 42 1597
2 57 12992
32 25 4422
24 50 1741
37 39 5392
4 43 15336
1 60 6793
47 11 5997
10 55 10992
57 28 6460
33 47 7522
48 16 17898
33 2 298
66 16 17839
31 34 5700
44 35 7299
43 32 8664
18 47 3753
20 54 16484
50 7 11638
28 65 1238
52 42 1060
61 27 18674
3 14 18038
68 60 5206
55 8 1348
16 23 3404
58 36 13017
59 22 12721
19 40 8527
36 59 5718
50 42 9159
25 11 2102
64 31 4289
26 51 9126
3 12 16726
16 10 8858
33 42 67
65 68 2634
10 4 4122
46 45 13821
11 67 12379
33 64 2055
31 43 5541
66 12 8465
17 42 660
66 46 8975
26 54 289
56 10 9687
56 59 9750
58 68 3537
32 21 13126
2 13 8528
10 39 19815
9 37 1552
35 28 14420
6 28 4666
29 36 6181
48 21 3802
41 57 1429
51 38 19562
47 23 12818
61 15 16284
8 64 5275
36 11 6045
21 70 16727
52 51 16637
41 43 16836
16 13 4526
21 58 18981
47 53 17125
12 7 540
50 30 14585
14 41 4226
15 53 19622
8 66 13425
35 32 3684
35 16 5915
50 66 4604
62 46 4700
46 14 6173
59 1 1438
9 32 3002
24 13 2470
53 7 1723
69 28 19901
6 55 9459
45 6 11670
4 66 6109
69 61 6424
27 20 13091
47 62 13468
11 27 15548
63 3 17329
63 36 14803
46 42 19873
54 28 7023
18 19 18436
18 18 6958
7 35 18121
17 30 2436
33 11 5685
60 40 1619
70 53 6431
67 25 7358
47 64 380
60 51 4206
42 41 17805
32 64 13831
32 5 758
51 47 2536
56 62 13312
6 43 19168
39 34 17784
30 66 3
70 52 3490
19 36 10394
21 25 8765
42 43 10129
10 17 5181
7 69 3708
14 58 500
32 8 14613
38 54 3013
56 23 1737
57 25 19347
6 35 9056
54 32 8732
63 46 13094
25 70 17540
69 35 3172
2 36 19307
28 3 8498
59 59 17753
6 56 15741
22 8 16843
11 7 19262
40 33 17496
17 2 7204
39 32 8972
67 29 6735
47 3 18157
30 5 3589
10 13 15421
27 22 8534
15 9 540
3 37 19859
21 56 6653
59 38 10276
52 69 9560
22 65 9440
22 41 1164
61 12 10724
16 49 17105
14 69 15106
57 6 16079
20 38 8417
9 54 4835
34 32 8386
45 7 181
22 70 11589
67 14 15961
59 48 10825
50 49 10697
46 57 13681
47 31 159
7 18 17248
24 34 2988
32 69 1286
1 8 3360
48 28 4982
44 66 14808
3 57 5482
62 45 18568
51 31 9147
18 3 6106
21 44 15643
9 5 11094
41 58 8385
45 3 12157
48 68 18039
38 58 11730
13 38 18334
11 57 10952
32 24 3997
18 30 10381
10 63 9578
5 63 4096
19 50 13851
6 41 18664
20 51 3956
28 50 15758
22 42 10867
69 19 16490
62 54 14864
29 28 7504
67 2 17481
36 26 18388
59 58 9974
13 33 424
51 62 5036
21 8 15371
26 35 10401
38 10 2813
28 23 8531
64 57 10290
19 66 18639
67 4 17420
16 42 14213
45 33 12295
1 61 93
36 51 16581
10 35 8568
69 34 1070
16 51 12063
13 19 11579
12 43 1376
12 12 8121
7 62 6870
27 31 6077
55 45 13922
13 43 15943
12 46 11180
25 25 296
49 69 18497
28 43 13266
40 70 7777
22 29 3785
20 52 2686
27 16 366
23 8 11214
11 52 10189
56 37 7309
6 14 16695
26 28 2021
70 65 1191
33 57 272
57 7 12338
23 17 3670
18 69 15
68 12 6194
18 38 9111
23 12 5089
37 21 1326
41 49 3516
59 13 15090
52 45 17473
67 17 19960
6 4 16148
24 5 19728
1 3 13982
23 69 152
39 42 11256
11 69 12481
46 47 4958
9 40 12083
16 62 12744
30 61 2243
52 5 10495
4 19 1110
14 63 11283
16 28 1223
46 41 9399
39 51 6267
70 46 8314
67 45 5535
12 26 8812
46 52 4321
29 39 13489
62 48 2401
18 20 10216
10 45 10144
23 30 15792
42 49 5531
56 34 17214
26 41 13281
18 50 12793
16 33 6639
28 55 6344
20 2 1816
27 12 14910
30 19 393
61 61 11481
47 52 3999
10 48 7732
6 2 7703
50 53 11354
70 60 8275
42 4 12975
42 23 17145
8 8 12511
6 66 10538
55 24 11122
50 17 14938
70 5 19195
2 65 19185
36 49 11932
47 20 12863
37 2 1280
23 54 18516
61 22 19508
34 28 4998
22 7 15523
21 45 3427
69 70 9510
9 68 251
1 4 1578
2 19 2572
34 57 11099
25 59 17104
67 26 5142
28 7 12210
41 5 937
19 46 1240
40 17 2408
48 17 10027
47 15 1257
36 14 11848
31 41 3220
17 5 2934
59 29 14818
42 14 11202
41 35 1721
17 38 9801
47 2 2029
22 37 2520
66 66 12731
3 36 6855
9 27 845
40 14 6712
51 53 18650
41 28 12231
11 30 1952
64 43 11055
32 20 4872
54 56 5607
44 57 12260
70 13 2672
14 64 2138
67 48 13107
39 40 12546
47 34 4481
13 58 4582
1 11 14850
63 53 6413
18 34 7559
7 61 19586
55 61 15084
13 34 7800
8 62 4604
6 49 4200
7 43 8068
30 43 9014
35 31 14335
10 22 2502
58 8 8279
26 14 7005
22 12 2844
34 14 11947
28 24 9086
69 37 18379
57 32 1380
54 48 1991
62 66 3705
46 61 1713
69 24 19182
47 16 12978
47 44 14084
40 16 7169
13 61 19901
32 38 1060
66 42 18217
37 36 8444
21 3 18524
51 28 18267
15 18 18215
37 58 7914
52 57 19420
65 55 14337
44 36 17492
13 17 18714
64 22 5340
8 40 10350
38 1 13868
7 52 1009
66 69 15938
51 9 5652
16 12 1316
56 8 2417
4 21 15435
69 45 17650
23 63 16803
60 27 130
31 14 11419
10 59 9710
54 36 10178
20 31 11413
13 14 11516
45 43 10694
44 41 8401
8 13 4172
29 65 17227
55 54 983
21 35 19873
2 16 8463
31 60 12531
7 24 6986
62 22 1190
8 47 7263
40 23 8444
44 38 15420
26 45 8048
34 53 2717
54 40 18254
26 38 13769
12 11 15557
28 56 16185
30 33 13983
47 30 17384
44 60 13309
43 23 7341
59 12 14894
1 25 1256
26 27 3510
2 38 8111
25 39 11656
39 13 19744
44 62 7627
18 52 19013
44 27 919
16 9 18255
36 45 2269
16 39 33
4 4 126
2 15 13174
22 26 14910
31 52 7268
70 11 15818
28 61 10980
65 54 6433
48 37 7807
15 63 981
27 21 9573
8 51 9846
59 47 13979
64 30 3094
49 58 737
68 57 4672
39 54 14057
25 55 5127
52 28 13816
61 63 10540
64 56 12675
21 39 6505
6 34 7080
40 45 9696
45 64 659
24 23 11122
69 31 9363
70 18 18807
15 55 16483
35 66 6332
11 17 2197
28 9 9360
43 67 14094
70 66 1196
33 39 12456
27 36 4921
63 31 2110
48 26 3036
51 13 10226
39 44 9893
40 18 14185
24 65 11103
4 68 19688
58 6 8177
60 67 2929
56 18 3560
68 33 2232
45 50 4024
39 9 8528
50 40 4607
53 36 5422
22 60 18986
44 5 15019
16 31 14689
59 20 1098
7 66 18874
50 60 3247
53 17 3176
11 68 7267
31 31 18101
42 1 15907
21 16 1718
18 41 10541
20 42 12166
56 33 9228
4 55 4258
35 2 5092
7 15 715
23 34 13548
19 31 12675
39 59 18495
20 58 18327
43 27 3821
11 56 9736
46 33 16782
13 4 3208
13 5 12962
33 17 3944
30 59 10139
41 61 12934
62 37 11823
23 70 1007
25 66 5935
32 46 14410
14 32 17571
67 16 7591
26 65 13877
47 37 15491
31 28 18536
62 62 8150
3 5 370
50 55 11906
3 10 11749
10 36 9413
67 3 10836
18 61 10334
41 66 14315
33 21 7074
5 59 15225
38 22 17816
55 20 16952
20 29 11079
47 6 9238
25 68 18176
17 61 10206
52 48 18767
3 40 1790
2 40 5931
46 51 2321
39 6 18743
27 14 4252
2 24 18487
27 8 5090
43 70 12201
31 54 6814
21 41 17885
47 50 997
59 27 2992
27 52 17824
24 42 3465
42 68 9061
37 20 13861
11 9 12843
60 6 15393
59 57 17468
24 66 17627
7 21 14848
4 37 8691
35 51 15073
31 58 11992
11 20 7725
55 57 9652
51 68 6825
47 22 10673
27 29 15458
39 15 13333
26 57 3368
31 42 16018
1 53 18193
32 66 11424
40 34 18794
7 60 2359
26 50 12110
35 13 10936
23 62 7386
32 26 3064
26 9 16883
26 46 5929
64 26 10863
53 26 2213
59 43 1815
54 59 1792
56 38 19441
44 10 8410
42 53 11985
61 10 17681
4 22 1419
47 25 5287
26 60 12749
50 31 6152
53 41 19962
41 15 4271
10 34 630
26 49 6840
4 32 8508
35 18 18698
6 3 17108
64 70 10225
60 11 6300
12 63 12670
60 64 17139
56 19 11686
3 53 17314
21 18 14553
17 58 3238
12 1 14932
55 66 17669
36 9 11694
67 58 19178
21 55 13482
69 50 14864
28 62 14546
35 24 2518
27 68 19540
41 41 19403
70 31 17734
35 14 18521
41 25 1052
36 30 2045
11 44 1400
67 12 8020
52 61 14699
30 37 5659
15 66 13188
19 38 19624
44 65 1910
12 30 6819
17 70 13370
1 40 18656
30 16 17879
21 19 7294
67 49 5832
65 11 3144
55 19 444
36 68 16085
13 52 5380
13 32 6441
55 35 16685
24 38 13810
7 49 3614
6 64 14997
40 12 6907
25 40 15472
39 50 1640
10 68 14406
61 2 6293
58 53 15554
50 27 8572
53 11 6207
10 23 19129
17 46 6649
60 45 6662
5 7 10705
46 60 3782
36 28 2275
67 7 12899
21 61 18720
20 69 12479
21 5 4464
15 58 15919
14 68 6583
24 3 10014
39 27 17669
70 39 8023
25 16 15457
1 58 5547
13 49 14873
31 45 1738
6 46 7801
11 63 8170
60 62 2809
56 65 12239
22 57 2394
46 9 15630
49 32 599
30 69 18137
21 9 3142
40 21 9072
3 49 15929
37 50 4630
45 29 6104
55 3 11818
38 23 19144
25 27 16846
65 32 8916
15 24 13235
22 31 7053
18 66 13404
28 13 2235
5 29 9862
32 29 14855
9 58 1681
48 25 672
40 61 7076
32 31 15538
57 47 16719
39 26 4824
4 9 7298
10 28 6435
25 31 14368
8 57 11159
3 69 10725
58 32 407
3 26 7533
59 32 19998
63 32 4677
43 16 14597
49 64 6090
16 44 11893
62 11 6383
50 1 10564
35 8 12435
7 68 18146
19 23 4030
57 37 6325
24 64 9937
54 42 18886
67 59 1605
67 37 6090
45 65 8111
9 70 19344
59 33 3378
35 11 16589
31 13 17200
33 55 19095
47 68 16318
12 41 8242
65 16 16921
18 59 10450
37 68 8030
5 5 7340
8 2 8622
8 34 10269
62 61 11270
60 15 8218
22 48 11697
29 13 9761
27 48 9865
50 50 5693
10 1 2010
52 52 9555
43 44 3389
1 1 9830
68 38 15710
27 42 6208
53 65 1525
22 33 18913
11 3 6068
58 69 2452
15 35 12143
53 23 15906
68 49 291
41 9 16573
49 19 6923
31 33 15418
66 20 17578
38 67 15226
36 16 14788
46 31 6028
30 6 8929
30 49 3046
10 12 19921
6 18 4143
8 38 12475
15 59 12799
64 4 9987
48 9 14238
34 59 14675
5 58 601
36 15 17705
42 67 16594
42 11 3239
33 37 13550
61 5 1573
3 13 9055
63 18 6929
13 44 6320
15 5 4045
13 47 5095
31 6 15009
30 2 14482
11 40 4471
25 60 8401
26 4 1326
65 20 8624
68 70 11563
56 3 5927
55 13 8407
2 25 4228
29 30 16050
49 66 13767
20 17 15945
14 37 19611
9 22 340
23 57 18666
22 56 14145
11 59 14704
45 8 3740
60 16 1596
46 18 4384
60 54 16905
32 7 7207
53 14 17644
16 8 19543
30 58 8652
4 70 12347
23 64 18332
49 40 5753
43 3 744
8 52 5299
44 53 1652
1 29 16026
51 64 7602
15 20 43
61 56 18495
44 33 13226
68 46 14090
3 68 14304
61 59 10134
6 12 1831
32 28 15571
49 25 11120
42 18 855
35 57 1546
69 33 12186
67 69 4899
55 64 19217
52 60 7669
49 60 15693
69 12 4807
51 18 970
64 39 1295
21 12 4952
13 26 8402
16 3 1491
60 14 17461
68 62 9576
15 19 7628
35 46 5963
20 36 9740
41 63 10150
42 38 16524
49 56 7201
57 69 11970
53 40 16866
41 3 2135
38 37 92
45 32 7187
50 25 15866
40 51 11297
40 42 8551
27 33 12739
37 18 2310
29 35 9709
60 23 1154
70 6 15626
66 9 8908
52 14 17720
