1000 555 500
408
86
390
462
330
335
399
185
400
490
480
197
204
12
47
337
145
356
275
302
412
323
425
32
201
549
407
365
266
359
274
161
442
102
475
36
38
497
142
257
464
271
59
504
303
454
43
516
334
17
460
128
232
222
289
535
151
470
173
494
506
447
270
192
492
162
440
391
416
438
229
395
502
166
518
291
426
501
182
3
157
386
79
116
463
155
156
220
239
20
415
417
341
322
449
218
304
285
200
273
181
247
95
360
19
338
45
89
537
226
409
105
25
429
473
357
41
466
140
54
67
106
315
191
87
317
52
500
114
250
538
290
519
314
248
477
369
129
328
110
378
469
406
242
321
123
50
421
122
525
49
160
380
296
107
194
210
530
299
46
221
420
531
190
230
422
331
61
318
207
203
92
13
14
33
39
324
158
177
496
134
141
493
193
94
133
76
511
261
175
60
214
374
152
90
23
298
186
93
288
550
254
364
498
146
451
456
484
103
398
441
180
77
300
309
68
523
244
184
459
499
223
66
452
368
363
488
348
2
305
435
510
112
118
237
372
246
553
150
206
481
264
205
126
26
392
286
293
358
432
427
388
297
437
542
183
529
402
171
249
176
78
292
371
147
436
349
138
453
143
71
11
308
385
70
58
163
9
15
354
124
485
287
224
91
326
333
439
268
379
534
83
367
165
256
445
319
381
517
489
465
217
75
168
428
135
507
269
172
486
72
312
209
461
377
127
397
179
243
345
347
174
225
370
121
227
53
310
120
6
522
170
455
31
423
280
178
272
108
28
241
389
301
159
202
313
215
307
361
393
8
403
276
513
195
528
410
7
235
245
55
533
253
144
136
255
64
352
279
137
552
154
252
539
5
131
444
540
418
471
34
505
546
366
332
30
84
316
258
457
96
325
373
434
508
281
544
85
169
282
63
472
57
240
458
311
251
443
405
433
468
532
362
350
104
219
343
284
396
125
42
295
476
149
548
424
430
115
18
515
98
208
73
65
263
24
340
56
153
231
524
541
164
233
228
551
521
450
88
467
44
413
431
294
446
29
382
339
81
188
336
419
277
479
554
74
448
109
355
37
474
10
342
262
236
527
1
512
414
306
483
411
198
520
401
100
495
99
320
189
536
503
139
482
487
62
35
394
27
199
555
216
51
16
346
119
351
278
329
491
211
376
387
212
130
80
509
238
375
22
265
97
48
327
117
344
69
259
353
384
526
167
187
132
283
113
478
40
148
101
383
547
545
267
234
21
543
111
213
260
82
196
4
514
404
55
338
548
181
256
177
940
586
515
148
492
390
875
631
158
416
696
701
430
850
107
387
953
526
103
819
203
126
369
355
299
65
113
552
967
135
147
119
431
156
363
115
98
737
209
254
871
962
717
535
17
546
102
775
303
224
601
669
560
357
61
450
573
913
384
12
191
488
476
323
328
637
777
377
879
180
538
661
93
710
51
454
29
458
500
19
259
839
906
261
302
954
322
76
861
493
294
957
218
179
587
33
992
139
529
182
11
206
768
516
445
159
231
111
643
668
80
983
287
189
274
820
106
16
964
366
755
136
969
478
941
533
395
574
642
452
767
713
523
583
280
979
536
77
466
828
221
925
232
127
251
204
205
2
324
289
584
610
720
502
795
624
455
389
396
842
137
442
618
525
151
960
806
110
307
512
337
545
195
770
131
335
154
293
470
348
63
753
188
99
297
540
49
391
400
286
28
936
347
697
295
284
698
45
655
895
933
575
539
729
58
994
36
53
495
373
843
928
123
691
816
881
219
462
258
683
220
432
245
271
453
37
866
79
252
897
300
268
437
970
334
494
353
443
410
883
414
168
429
38
481
543
788
125
846
246
460
974
508
456
52
304
94
141
590
647
489
475
498
392
260
528
514
381
944
989
898
308
211
173
305
532
240
318
249
783
421
451
794
902
344
84
215
945
844
223
59
939
319
561
890
197
54
122
887
464
174
542
653
194
379
157
386
266
213
394
550
281
114
171
88
692
85
903
461
116
332
919
398
441
608
766
801
606
317
407
356
333
835
155
162
848
423
444
415
634
71
198
339
409
751
530
273
214
13
876
270
511
350
738
408
479
235
420
186
551
600
101
296
183
21
874
149
229
998
130
233
952
306
374
140
367
650
468
778
537
199
31
62
349
769
210
804
341
759
607
160
976
112
22
170
40
803
463
685
422
243
693
490
809
703
108
18
521
534
988
359
298
621
544
382
605
358
447
129
418
620
981
629
724
242
449
163
556
858
599
153
840
891
613
263
635
914
648
968
972
531
276
520
872
346
405
604
922
66
541
39
133
9
343
465
404
239
553
257
920
815
371
927
457
554
985
20
694
23
682
491
1000
164
46
675
504
517
582
930
472
915
484
527
67
501
145
212
426
748
279
715
793
467
522
