100000 5432 5000
2048
3421
3001
117
2835
1238
1778
2678
1490
4255
3251
2267
5348
2952
4061
4307
3297
1102
2307
3526
2718
1938
528
610
929
386
3771
2895
899
5353
5324
2063
1458
3183
82
4867
3432
274
2452
801
1600
1090
3010
486
5012
572
106
1300
5119
3120
2274
1221
4626
683
2289
2683
3852
4727
3525
3105
4294
5428
3313
3250
3808
3684
3214
307
4140
3103
3521
4934
3184
3659
4964
4388
946
3510
2804
2249
4489
402
4356
4287
1149
3672
1917
4691
3036
2826
1655
4138
3643
328
33
3224
4103
3428
226
2327
4509
171
2323
4931
1452
1543
1603
110
3587
5396
3160
1940
264
5043
2720
2325
118
2234
3416
4775
49
3540
2004
567
1545
4031
3399
4012
2362
4655
1212
4864
4105
3328
4018
3460
1569
457
2107
1912
2132
1381
937
512
1095
3623
4762
1560
3902
4175
5102
3573
8
951
3433
993
4355
2136
4883
3864
1546
3979
4095
2885
2158
3820
3783
377
3129
2374
4830
1971
4979
3760
1607
409
4548
2663
3452
4252
2843
2850
4174
4615
2189
4630
1931
5429
1517
774
3504
1882
3242
609
663
290
4375
858
1834
2118
3739
3898
3439
3726
5409
1152
4265
2596
3309
3111
3709
27
2359
4261
5342
1205
454
1327
1244
1673
140
151
4202
342
4807
1606
3102
1734
1451
5412
2653
5093
5109
800
5127
5217
311
490
3306
1952
618
4484
4443
1559
616
3631
4575
1833
255
1377
3881
4721
3939
2112
3366
1098
665
2051
583
2062
5306
1321
2568
3787
3099
4895
1572
1491
3271
2086
395
350
1680
2179
1754
5390
1252
5
5110
3325
2295
4620
5228
4454
5086
1597
3154
956
4745
1989
4062
2146
4203
1908
1498
258
4147
2845
1246
3024
4124
4744
5080
3353
601
2074
1592
1598
2581
4373
3489
5262
644
1637
4716
1660
742
2611
2506
4734
2060
1113
4502
1845
4949
5421
1720
1069
282
4916
3656
4216
958
478
4712
4640
2971
2765
2949
1950
799
3016
1941
345
5208
4176
3339
4611
2696
1661
2650
3582
445
12
677
4212
5375
4510
4968
1003
1695
3793
2202
3349
4207
2815
2414
3173
1744
3568
3536
5045
1283
526
2275
3056
119
3853
2711
3166
3835
4560
4923
5106
3419
3403
2131
1852
2587
1724
2838
4787
2817
43
4666
2148
1441
988
15
3044
4568
3571
3408
2690
2856
1287
2196
2462
305
84
4092
1165
1693
2602
3577
2791
4604
1886
438
1038
2174
882
4074
1131
1370
732
1045
1684
4771
1866
2417
2098
1750
2187
3759
3948
3273
1272
4905
3950
1497
254
671
3974
212
5173
3137
2689
1424
5406
1421
3628
3012
1668
3398
1118
5161
4929
776
4950
3179
3473
1767
2047
466
3446
864
2099
5369
890
1070
3197
4824
2812
5034
2772
2704
3405
1794
538
821
632
3223
1216
3089
441
4352
804
943
1515
2448
1361
5169
2658
2675
1260
1429
895
233
2395
5138
3483
231
2467
1835
5154
4435
4893
5172
2978
3962
5055
2443
4498
3892
1822
3454
4692
1615
138
4490
4433
1132
2953
2141
3548
1158
1820
5317
3545
2942
3543
335
1594
1453
4781
2248
2364
2419
2365
1565
1433
1580
5005
2941
4476
2108
5015
1966
145
4531
4028
5054
746
5377
753
213
1387
4649
4032
3281
5027
4561
854
2724
368
5346
4843
2493
4067
159
2623
822
2115
3465
1430
3798
1840
969
1146
2751
4135
3008
3174
410
5338
3228
999
2348
3938
3775
2830
3185
3142
553
1898
2139
1746
1414
941
3973
2810
1459
2302
2867
4803
2780
4776
1659
3558
1012
947
2638
5419
1857
485
52
591
3061
2424
3466
175
3233
4258
1639
3026
5384
332
2220
1576
729
751
1787
4450
419
4766
3043
1402
2309
4166
596
3715
120
4177
1867
2697
4686
2491
2109
768
827
2317
4006
1256
3513
982
1213
1687
4602
2246
260
4201
283
4416
5356
3448
2088
3084
2858
3079
1135
885
1397
4073
2799
356
3300
2449
3034
4254
4063
3462
2769
1718
2795
3395
101
851
809
1774
4374
127
2802
4911
1298
3141
4368
4369
2459
2407
1781
4085
277
1927
3527
4491
124
3247
2945
193
1683
2254
5261
4573
211
3929
1862
3794
4720
4554
3397
1416
1564
3004
1804
3850
3606
3755
910
107
4662
2147
517
3474
2900
2265
354
4983
1561
4909
3316
2442
392
1193
5280
2217
2067
5308
750
717
4128
4208
4477
3035
4232
5118
5385
2586
935
5316
4596
1401
4438
2546
4191
1354
1550
3074
3947
4910
3567
4835
153
4633
2119
3810
3728
613
2874
1207
5148
4342
3666
4991
5046
3507
4962
1784
3123
5337
4810
3081
3435
2031
2429
807
617
2735
1686
38
3426
146
1312
3243
3321
2019
4486
5366
704
3317
3509
1032
4635
1372
2630
4559
734
1450
1094
771
2860
788
1629
3911
3819
4057
1640
1528
4395
3839
2225
3180
4034
4165
2431
2972
1900
5078
1253
431
4869
329
3901
5206
1749
4160
1100
3887
2819
2764
5159
4444
1461
4933
4119
3335
4401
17
2445
1500
2465
680
2461
865
161
3720
2173
2785
2195
860
133
3700
1610
4878
652
1055
58
2570
4840
4741
4842
5167
3845
2345
1464
2955
2911
964
4452
3879
1698
5081
1758
4700
4341
806
3337
1588
3743
2133
2350
4372
1087
2169
906
4856
744
1717
3802
716
5003
920
3203
588
932
2673
4272
1847
2872
1958
3394
1276
4542
3490
5332
4756
3884
4761
3354
384
3745
4657
3348
3265
2451
4731
4463
2532
4533
1248
2357
3981
4914
2924
4676
1623
1735
2892
798
1150
1828
1341
3367
1081
5128
4037
594
1198
5137
952
2015
2662
2457
3475
1809
1479
3409
2613
1575
1901
249
174
1228
2284
1140
3995
1374
2405
4088
631
5198
295
418
3193
432
2977
1222
1669
4192
5023
4157
2338
1582
5224
3677
4699
3747
83
4439
2090
4234
3338
1721
4897
1581
2956
1548
4764
4266
4904
4257
442
3600
4846
4841
3415
2416
4862
3807
3926
5214
436
656
4451
598
1105
3534
242
289
949
3922
2029
4291
3780
394
1961
4149
4206
4411
606
2409
4116
1919
4417
2084
985
4746
1024
1667
3604
363
2859
4860
2257
1868
3340
3445
4598
1263
4259
3991
4555
2153
401
5226
5411
100
2594
340
692
973
5061
534
3768
3753
1168
3276
3872
4594
2786
5334
3413
2557
3191
1648
4091
1297
2073
4614
1516
1601
3790
5363
2708
823
2043
2961
5431
3153
3059
1541
3310
765
500
1664
380
3721
2194
3334
3492
2556
525
880
4271
2251
3602
1156
503
4263
3211
2008
3418
4717
509
4974
4472
1527
3932
1237
4901
1060
991
5400
4823
1214
5391
2665
4899
1469
1613
5096
3620
4802
3423
639
4360
5108
177
4282
2270
1129
2905
1121
4394
700
4327
2733
4064
3508
529
112
829
5042
309
5016
453
4053
3871
1676
5069
5422
4786
1348
71
3683
434
3202
4115
3714
334
4514
3227
4618
3196
2629
1115
1682
3352
1725
3157
3066
4937
4007
162
3811
115
4301
2415
113
411
5176
2776
66
4340
3943
904
701
1630
812
3285
4260
4826
3886
2492
5213
3637
1903
1236
1067
574
3186
4214
1895
2504
3953
1180
5305
2280
5013
3644
2677
2496
5051
3441
3463
3117
3381
4134
132
2636
2913
2116
3006
3401
3315
479
3968
122
743
761
169
752
5026
4072
1153
926
688
5240
3343
4026
3264
764
2030
2920
844
2380
2837
2857
5041
2515
104
3862
1688
3703
3816
3253
5291
3237
5082
2341
1501
3148
2260
4613
3861
2240
2926
4886
2397
1954
1002
1726
1821
1799
1310
4577
5237
1829
4109
4097
5066
1567
2946
3613
839
3662
3784
286
670
5028
3384
4705
3576
3158
2488
2925
3410
5182
4732
5229
463
396
846
3925
4669
565
3130
126
4096
4023
1290
3584
3916
3232
2259
2705
2644
2528
2827
4572
1638
1119
183
3814
2862
4925
1700
3377
2494
3412
676
4409
1175
1091
3951
2157
1005
1022
1599
1552
1423
330
299
3915
1021
4241
4320
4665
1789
1367
814
1023
5225
473
2618
3742
4556
894
444
3800
4224
970
819
4366
2256
3614
1624
4773
3138
581
3909
2608
4086
2328
859
29
559
5364
4590
4323
4193
1818
1427
304
5140
1034
465
2664
3364
5286
4941
3903
3363
615
4798
4415
5272
2208
2823
4948
1806
61
3482
3368
1000
504
4876
3648
4098
835
1364
2921
5248
605
811
3269
1568
321
2852
5107
5253
1939
2715
3122
2444
3071
990
2122
2531
398
3132
5077
2749
4329
70
4100
417
2682
5062
1534
1277
3370
1738
1627
1417
3891
4478
705
163
5056
754
1984
694
5124
75
537
2847
39
2468
622
1412
4770
4993
1299
4164
5029
4989
3920
10
1307
3200
2166
5004
1544
4079
4829
1752
5033
4
4792
919
2209
4335
3254
3918
1587
542
4223
654
3985
2562
4632
3062
3156
1771
2606
697
3761
2923
271
1979
4279
428
4470
5144
2101
2464
460
4814
4759
4569
5117
2688
1434
1239
2918
4605
336
5349
1379
3990
1539
2996
2559
3046
2014
2138
4293
3826
2355
292
2005
3541
3049
2787
2655
3791
245
3999
1328
4519
4565
156
4235
3270
3849
1438
1046
3994
1138
5318
180
1428
995
1443
3246
1716
2140
1200
1836
3318
3346
391
3729
2800
1101
5017
2227
4795
2582
651
4052
1524
2360
3695
4718
1614
1710
4747
1706
570
562
4861
4358
4425
1913
642
4273
3502
3595
5329
1478
712
2186
3438
1373
3447
215
3605
4104
4218
2725
4042
2542
4664
3088
4535
1182
1209
915
1011
5256
89
3125
1206
4723
4046
4075
5403
1410
2806
884
4678
5090
5345
3152
1086
3341
3638
4240
267
2188
2346
1824
2798
1914
4818
4518
573
3177
629
1589
320
3988
2811
1352
1783
981
3976
4685
545
2544
2002
165
3625
1928
1296
546
3650
2450
1827
772
1190
1338
446
4324
4081
3307
561
724
22
3937
2995
780
1015
4137
4268
3702
2981
2167
474
1741
1823
1419
4550
25
303
3722
2744
1313
3912
2855
42
1942
1486
3756
685
1120
2064
1350
725
3314
1584
3292
502
78
2960
1965
2851
930
1061
2616
1891
1957
3500
1777
97
4195
2539
3064
5158
4571
349
2020
488
4687
1748
770
3641
2909
1014
3804
2375
2763
723
2422
2082
2959
1267
1218
975
4996
3633
3781
730
2373
1617
1339
2969
2408
684
4338
1503
2652
2964
1635
544
2903
357
3609
563
696
2121
3215
1331
1714
4309
426
612
4292
57
3027
3005
450
1633
3058
4629
2222
3244
2604
5091
1460
2192
2045
1662
5089
3855
1057
2440
2361
4624
2533
3900
4516
939
1019
3135
2882
2904
912
2143
4804
3980
2986
3493
1227
3274
2627
2232
2455
3345
5361
415
593
433
4199
2643
1343
1653
1058
1905
4412
4794
1651
36
4845
2755
4617
2235
5009
834
4497
3818
53
2104
2343
1001
4158
514
4302
4314
1578
1286
4858
1727
5313
1814
1674
2614
3417
3933
4540
2839
1523
3618
2102
2418
5372
3293
3696
1043
4041
3673
302
4289
575
4296
3181
2447
3090
533
1902
1426
2907
393
5432
4567
2041
4884
1696
204
496
3365
3579
4305
1553
284
1355
4870
539
4661
604
1074
2426
889
3889
2219
1279
2471
2185
4946
1703
5183
3261
313
4900
1571
718
4589
3098
3616
1933
2898
3868
378
3511
4525
5196
262
5175
46
1335
3014
2564
1987
4784
3229
4997
5358
2054
621
3170
1384
130
4645
4634
2516
3323
3108
737
2719
728
2127
3924
666
2130
423
3262
1033
1507
190
667
2982
1999
2667
3795
5011
5314
1704
3515
325
2936
708
4168
179
2728
3963
2707
5201
1642
687
4431
144
5071
4622
4180
1652
5392
1786
4513
448
3693
5397
1128
201
1172
2477
1595
2584
643
59
698
2869
5259
4504
660
5386
755
3599
4710
227
1596
3883
2495
4482
2922
2367
2430
1970
3876
1056
4523
2034
424
4837
5152
4182
1807
4681
4847
3890
833
1769
2626
2939
497
2
4055
1641
992
491
99
2137
560
2632
2168
4539
4430
4836
24
3512
2754
3369
4001
2370
515
3266
2155
4564
3796
1841
2552
810
578
4952
1666
2803
3555
2525
2569
2210
527
5079
5355
1521
4247
4971
5246
5052
358
3919
689
2875
4004
4125
1383
3539
2645
555
2028
2687
4460
1968
4189
1344
2832
1456
3083
5255
4965
5373
2601
142
3073
216
2709
3260
4011
4315
2517
468
2110
5036
3067
125
4330
2231
5350
3155
980
2303
96
1837
1314
3167
2071
2497
2334
4527
2886
3092
1897
362
2685
4529
221
5365
3107
4008
2766
5303
3230
4242
4887
669
3632
114
1062
1275
4939
3646
2006
3847
4797
2218
4132
2252
1881
1619
379
5382
360
4801
2770
257
4471
891
3691
2454
1755
2841
2577
2129
536
3955
897
4183
2145
4049
5230
1116
3518
2620
802
510
3869
4121
649
54
4084
5100
4999
270
1145
5357
924
4932
2660
3877
4853
4754
3178
1390
2482
1271
3751
2207
4975
4344
4278
421
986
1006
74
1195
1657
1250
608
1851
513
4024
198
1278
1679
874
2890
1025
3330
2406
3373
2351
4035
4236
4244
867
4526
5018
2814
2889
5281
1643
3895
921
4683
1396
3351
3834
333
508
4446
2635
2934
1028
3649
1177
2962
4228
4582
4606
720
4985
1731
2499
4854
5129
3275
960
2298
236
2387
3689
1208
2103
963
791
2463
3860
2183
205
876
4456
3906
1211
4790
4984
571
1284
1223
5164
3376
4896
248
1890
1650
3556
3949
1986
4414
4339
3503
3671
816
2061
4859
63
2760
4334
2527
2198
2666
848
1691
4779
4370
1258
3969
3305
2094
1241
1697
2427
2181
285
3782
1049
2042
3219
3488
4865
2741
310
5371
1217
3479
4210
3319
1026
5282
2398
2585
4511
3218
4591
2149
4378
3905
3140
4239
4205
4333
3238
582
5001
4838
186
3530
3037
2600
3737
1978
2518
3996
1992
4753
4399
3846
4082
2958
589
1747
4585
4682
4131
5058
2055
2400
3675
2965
4684
5232
2310
1934
664
4562
4156
1542
3866
655
3699
2743
5254
1631
3823
4902
3220
4114
2985
4651
2878
2306
2261
4938
5235
1199
5368
4881
3754
2777
4221
911
1983
2331
4545
2241
803
3355
135
1089
19
4111
4251
3801
1013
4142
4022
4833
1243
1860
2369
3880
3764
1264
1117
4822
4016
1398
2199
5088
203
936
275
1753
3977
51
2224
420
455
3997
554
5307
265
4751
2353
3824
359
269
2368
1980
5076
5247
4094
4709
4077
2784
4362
3552
2713
4957
2089
139
3624
3278
1266
150
3480
4821
1937
5194
2503
199
2052
2808
1590
1488
1850
2163
5343
2729
5416
5297
2096
3732
3326
998
1445
781
4501
4493
1611
3767
5241
1870
447
1547
3833
4071
5211
2319
1743
5039
747
2128
4357
966
1197
3870
2333
3597
4660
766
2013
422
1382
2511
2773
3382
703
2371
2607
931
1625
3815
397
4652
3051
4492
3970
979
1388
241
3189
1467
2453
1139
2968
4930
2779
3942
4161
4036
4152
3048
2178
657
2879
679
176
3740
4499
4428
1976
2822
4387
1342
3070
3651
2399
2092
4920
5207
3031
1985
3682
1408
308
3245
709
4133
206
1234
4159
187
4912
3897
1722
2896
427
98
3039
4670
1915
2899
2410
4517
1240
5072
76
406
4363
3188
2486
390
2040
314
2332
523
4508
143
5288
925
172
1863
2038
1953
3461
5219
2554
913
4354
4308
1210
2877
4321
691
4977
1446
3239
1166
5000
2599
3913
3457
1010
4621
1151
4599
3444
4043
3946
954
1442
5351
3612
3959
4642
1109
933
1730
778
2989
72
3636
5151
3194
1540
3060
4785
3252
2066
1201
2046
603
5336
4408
4628
200
1791
382
3437
5283
2313
3495
4609
34
9
1736
2734
5279
3547
5388
922
5347
2747
3560
3594
3320
4671
2480
519
2032
3936
5223
1229
4099
2622
1904
997
154
451
2916
520
2833
2917
892
2211
3978
2171
2641
116
1563
2524
4557
1745
914
4913
5299
2595
2628
4816
3603
1492
2314
850
5022
1285
4045
3206
3653
5285
641
2661
3551
3420
5203
4850
3657
1108
630
648
2998
188
3112
2344
2358
1366
56
2481
3809
1305
4956
1608
4285
3171
3622
1997
748
2979
4448
4877
4677
5181
837
4763
2072
1357
5135
3176
4706
625
3792
4033
5410
1136
1449
2056
2287
1369
343
3009
4708
5162
5115
2695
5212
2639
2412
2849
3378
4986
2794
2396
2592
4422
1075
2668
4730
4738
3873
3440
2758
2647
2285
164
4076
5035
4322
1995
2376
338
3187
4048
5234
3854
2649
4641
1340
4566
1054
346
5271
1039
1685
3379
5038
2269
3217
4231
968
3054
301
1345
4643
4892
793
2753
2213
3676
3234
3470
597
1440
707
219
2068
3286
5064
4636
721
3255
4898
2589
4070
1311
706
5215
1041
4644
3387
4017
2111
316
2654
1506
1269
3923
4612
675
4404
367
3333
1162
4385
3844
1318
408
4693
1183
3588
3169
2475
5393
2372
1493
2656
586
4030
2521
5187
476
2698
5168
4714
5019
5265
279
2283
1880
77
261
4544
5245
1391
1556
4427
566
2821
645
1573
1733
1319
1514
2388
5289
4056
4538
3778
3299
4089
1031
711
1084
4136
3627
1838
552
5360
4782
62
235
1826
4328
1779
3163
1586
1404
2203
194
1127
291
1376
661
1909
4844
5150
4469
5381
3639
3899
4827
4290
4359
4441
3777
129
4377
1658
452
371
217
3563
2258
259
5037
3629
3414
5276
4918
1349
792
2825
1363
1798
3491
3537
3241
893
1593
3538
4423
2598
548
3522
298
2228
1996
1169
5133
1072
4391
2717
414
1134
967
5415
1532
4222
1920
3400
957
131
1235
2816
3143
4592
121
1422
141
640
4010
2973
3411
4003
2204
3674
1906
1476
5268
1167
3236
4150
1474
736
2272
2162
2384
3288
1368
494
1111
3998
1073
3788
976
4418
2411
4578
4020
1184
3350
4574
5331
351
3982
1665
4889
1059
1325
4722
3893
3789
2824
5380
2336
4769
5085
1510
564
4215
1395
1447
4397
4944
2759
3590
4336
3499
4625
2748
3030
1621
40
870
5195
2686
5274
2125
2180
4274
4059
777
2805
1495
2975
3514
1699
1439
3975
2726
1761
3164
862
5047
2301
4120
1502
3263
3291
2871
741
1899
1185
5024
3390
2868
493
4733
3468
4162
769
5186
2576
2354
863
4735
5157
487
2796
2126
3707
5007
48
927
4774
3119
1466
2615
5387
3294
1079
3361
2347
1380
2035
934
790
5270
3713
4791
4737
1273
2927
3731
2887
4250
3481
1147
5165
1856
3476
2489
5275
3327
3362
2044
1470
3207
506
4619
2625
3611
2292
1792
1411
965
4219
1403
842
1819
5192
1537
3717
2703
3769
218
1330
5132
1064
50
2700
1468
2912
1337
1800
3464
4800
3478
4890
2738
323
4349
3389
2329
1329
3471
4819
4541
1808
2761
2730
55
3668
5163
4757
3003
5238
5426
2223
1963
407
2671
5293
1811
5222
158
1609
2059
481
3894
1303
1407
978
3645
1645
1790
3882
1865
2519
678
5315
2474
2078
682
3106
580
2276
2520
1142
3763
381
4050
1320
4200
4194
1362
2205
530
5101
344
1192
32
5327
1191
1830
4848
1705
5311
2980
4972
1632
4654
4317
4863
3965
3655
3496
3562
214
3388
2699
5263
4728
3960
4503
4725
2790
475
3591
3542
4903
184
4383
5216
4118
1557
5413
65
4919
5145
3360
2797
3303
3201
1220
4303
3040
1855
4593
3347
1740
1694
2512
2752
1536
1512
3805
507
5418
1776
2432
439
4406
4078
2505
2547
2536
1729
2291
4126
2565
3086
4874
229
3572
2659
1231
4528
4112
2244
1030
4487
4227
102
5210
3660
3075
247
1813
4679
5084
2262
4445
372
1050
3837
638
1420
4475
4172
1432
4855
280
2320
5252
449
674
1916
3692
4945
4966
3116
2550
341
569
668
3874
1644
243
4724
1053
4871
1485
4959
1048
3848
1202
2216
5218
1646
5330
2579
1471
2245
157
1071
3240
3773
3630
3523
2243
923
1415
4300
2507
1
4648
281
404
94
3822
4225
4382
1526
440
1017
5070
4379
480
2508
3680
1315
3992
653
1861
516
4021
4868
2458
1583
2282
3017
387
4581
2238
1044
5141
3372
276
4318
5193
3772
5147
239
916
2305
1712
1618
3458
263
5180
2476
2929
3658
2081
1389
2631
3118
5242
2290
137
4650
1125
4851
2221
1078
352
2937
4312
5290
3821
1137
4653
938
4638
4155
3701
3175
1282
2000
3121
1215
3396
1004
2583
5049
3829
3487
1570
907
5174
2105
1765
4325
1585
4332
576
2069
2425
2485
817
1316
2436
3785
3063
4083
3506
3580
4765
4891
962
2694
4658
4608
167
2575
1096
152
4698
1591
5420
4461
1052
2510
1494
1066
4767
1884
1224
883
4468
2191
3952
4852
2036
1923
1878
1981
2526
4740
5044
2702
1689
2012
1785
5335
3607
197
2865
5139
3940
4534
4969
3028
5236
599
2226
209
4924
2731
1605
2010
4229
2255
4353
2095
1083
3312
1770
3581
3679
2771
2553
3235
5304
3575
3114
633
3427
1155
1945
1037
3124
2558
4163
1444
4453
109
2739
1656
886
5359
825
2935
5341
4381
4184
2529
1773
1356
1393
3165
5098
3904
1709
4663
2693
3546
2829
866
3198
2530
4813
3113
2279
2037
443
4386
1974
462
4563
4306
4921
1844
1268
1170
3289
4264
3357
4834
2954
2897
4768
5178
908
762
3749
4667
148
4145
483
2266
4680
469
5179
782
1077
4668
366
501
327
4407
2648
3688
1955
3661
228
4894
918
1793
13
1251
1911
2914
4190
3453
64
3786
1782
2788
3095
4392
35
1519
353
4473
2848
2501
322
5111
4674
5142
2026
4436
2075
715
3686
4828
1848
3907
4181
4579
3690
3944
5312
2383
4778
797
3450
482
5287
3045
3615
557
4696
2681
4726
861
73
1080
3705
4449
4146
3941
5401
2543
3248
2514
5030
1392
4204
4276
4832
540
4647
3640
763
857
2906
4398
240
2881
2433
3704
2335
830
1672
4551
3093
3825
1815
4963
1959
900
840
738
1751
4467
5065
3529
961
2175
1602
3052
1477
4347
1230
3710
1504
1435
5399
3734
3133
4420
3311
1204
1825
3813
1967
3803
3383
28
2605
1896
5048
2363
4675
2236
1518
31
155
3730
1063
5417
5269
1009
1473
3856
4558
1530
5105
2091
2478
1889
4249
244
3295
3987
3302
1885
1853
3374
3210
2469
2404
1093
2834
3324
3097
2513
16
2049
1360
869
1812
3065
2617
5197
3216
2297
4230
5123
3544
4390
5134
202
1681
587
1294
2737
4217
2840
470
5190
4151
3694
2264
1265
1949
2184
4656
2076
5367
3342
3966
2057
4600
5266
4942
319
3443
4885
602
3931
4113
2742
4013
1762
808
3765
2159
1864
4631
2591
702
3076
3022
1810
3258
1255
2597
4154
4143
4281
5068
3875
672
5260
1088
543
4906
2836
4178
760
1795
3431
4171
4405
2534
877
3162
3256
5402
4597
1549
4849
1859
1946
759
2853
3617
2561
4364
369
3559
1948
2293
5191
429
4532
1196
3358
4237
4465
2152
3115
1431
2483
2144
2809
2670
4393
3647
1189
1130
5008
4515
855
4245
1574
2870
2778
5344
4610
3296
5067
4054
3139
1764
2967
787
595
5244
2801
105
4750
3151
3205
4005
195
628
650
624
756
5014
4917
2391
637
879
5322
3494
495
86
2070
268
3750
2884
4040
3149
5398
5146
4672
5209
185
1759
722
1133
836
1292
45
3161
1780
4783
2633
4908
4015
3053
2033
3023
3989
1554
3172
2612
4713
4350
3664
1701
370
3359
4424
4000
783
4496
2273
3851
4198
726
210
69
5177
4646
3204
4400
2097
1562
5370
2366
2931
136
5227
3147
3456
3080
4090
4940
3213
2538
3712
2866
2321
2789
18
2156
108
2932
1036
246
5002
5284
2669
1935
2352
2767
1274
2782
1508
2732
3885
1289
1962
1797
400
1817
2277
1332
1702
324
767
4500
2322
2783
4553
5243
3190
4047
1604
4167
5233
4694
3806
1832
1262
4742
796
2193
1690
1887
5407
364
5424
3000
1174
1304
1816
207
4536
4820
3013
3776
695
3984
2484
2378
4812
2716
1525
1874
3817
4659
3331
5394
4796
713
1457
2541
5320
2176
1788
2983
4144
1123
901
4464
41
3528
1188
21
853
1020
1472
4044
600
1893
4584
4310
547
1922
3101
4980
4743
3840
2007
4169
1346
2813
1302
1259
2288
3842
4879
3566
1409
2230
4058
1143
4506
2170
2915
5277
3828
1254
2446
710
3665
2997
4288
3032
4915
4459
4027
2330
4689
4087
3561
5408
2237
365
3516
339
1261
3652
4552
484
2025
1960
3983
79
4421
1104
3741
4872
2880
3586
1760
20
1173
1281
3284
4419
5143
1678
26
3329
3436
5414
273
5121
2793
60
1522
1462
1293
1291
2190
5031
1622
2286
2242
5153
4396
4483
1280
4458
4295
2135
2466
4226
2756
4220
5354
942
5300
5021
3519
4331
3486
1879
2762
4068
2818
984
1538
3392
2215
2023
81
1757
4811
1982
1179
3434
2438
375
2294
2740
4038
511
1154
224
2674
2087
647
3290
5301
4243
3744
232
3752
1888
4739
1972
2016
2861
3192
1040
5099
5131
170
3585
977
4179
1097
3797
4882
3041
3225
2578
4277
2233
3406
3967
4481
2928
4283
3322
3601
2393
735
4127
1871
3212
2124
4595
972
905
1160
1375
4772
1288
731
875
4570
1858
1106
182
4348
5032
5184
5059
3621
5025
4060
3094
2001
4284
4139
2389
2123
5221
4093
3038
902
3724
1732
4365
996
2891
4110
376
2992
2990
4311
4186
4429
3685
3654
1233
3015
1171
659
5136
909
2065
4402
3050
2710
2846
3725
3698
3199
4995
898
3914
558
3910
1480
4442
2722
1636
2863
4185
873
4256
4988
2963
2392
4987
160
749
1990
288
1739
1883
2268
103
3195
4376
4326
2160
636
2093
4704
2402
2781
2200
416
4537
326
3746
2624
5258
2820
4173
828
1842
3021
3865
2522
4507
5323
3878
4697
306
5095
1351
1371
3068
222
1394
4639
300
458
3857
3565
4808
727
3718
1910
2509
1436
5126
1245
3393
3921
2691
2022
3532
2994
4065
693
5205
2083
2676
5171
2340
1114
4123
2134
524
917
2253
5374
5425
2883
1085
225
5294
5130
2356
4361
2873
2680
1016
4389
590
852
2423
3520
3127
412
5156
2472
959
2714
2555
2640
1481
1187
4117
5185
2634
2746
95
1178
4866
3332
2502
795
1907
3928
2050
4586
4873
489
4480
2154
4495
4780
3249
872
4447
4170
3407
3619
3100
2113
4583
2247
5389
3958
315
92
1317
2311
5160
4707
2379
3344
2326
385
2976
5112
1232
5395
3484
5199
296
2434
347
1839
1482
994
3144
4304
4102
2212
5053
223
4351
5010
123
4213
1796
2679
690
4107
464
2106
4623
4749
2278
2142
4825
1977
1324
1144
1975
1489
2609
2736
253
841
1475
3272
3451
1993
2386
1766
498
4066
4080
2999
3182
1322
4607
355
3459
5328
2563
3168
3583
4936
44
1715
4958
2551
3146
681
2161
68
505
549
252
2058
928
2382
3055
626
2651
1803
2206
93
719
871
4715
1775
3757
2572
238
868
2377
2085
845
541
5166
1141
5423
5075
3535
2684
456
14
3019
888
2324
1076
824
3
5040
4992
3501
67
3964
5325
1930
3425
2991
2610
373
4262
1029
11
3087
2574
2864
111
4269
1247
4298
1353
4384
91
4130
4153
1365
4875
4960
178
1875
1378
2300
1042
4275
3472
4313
5073
3956
614
3136
2567
4380
3469
337
3896
5094
3669
4403
4673
3593
3799
5063
2901
3467
1991
3762
673
4547
4488
5020
2080
3128
1854
3047
805
714
3221
2750
3838
3336
4530
2304
294
477
1926
3301
550
208
492
1511
4512
1719
3308
4922
2723
128
1711
2077
4367
2950
623
1065
3277
3208
4319
1925
4831
4758
1634
1647
4719
1513
1092
658
2250
1309
4777
522
1892
789
4039
5120
568
1675
758
4990
3663
3564
1869
4238
4522
3993
173
2197
134
3554
405
5125
3843
4187
4014
3380
1505
1708
3025
4702
1654
3812
4069
4246
5309
5122
784
4627
4928
4748
348
6
955
1203
389
4880
2545
3267
3455
2540
3667
2919
4316
2672
2774
5204
3758
3422
1242
1947
1465
2768
4690
287
3598
3517
2201
2229
4793
147
4002
3557
3279
3708
3104
579
3145
2114
2177
820
5060
2842
3930
1126
3091
3268
331
2456
635
989
4935
3110
3971
499
4474
3298
662
5155
4455
166
5251
1186
2172
4299
5340
585
4926
1306
2437
3738
773
1406
5170
3719
2590
4857
1929
1405
3131
1157
3531
435
611
4479
4524
1628
2993
1936
2385
3029
2902
1956
4248
1270
5427
2893
2757
4976
4588
1846
5114
3402
1082
191
1566
4951
90
80
1385
3159
1301
3498
3072
2027
1994
832
3779
4521
5273
785
4413
1425
2214
3222
278
293
1463
818
47
361
2938
3748
4947
1763
2394
1103
3836
1110
4973
4955
2807
1225
3078
2342
4703
2957
3596
2403
1677
794
3735
1577
627
5057
5376
1723
2910
3020
4580
2337
2548
2940
3385
3670
2164
2011
2003
1951
2053
2441
1359
2573
646
3863
740
5326
3697
4927
1484
2588
2039
1943
3011
2930
2944
3706
535
5149
2021
2831
3634
2401
4817
2421
5202
4729
849
1257
4270
3134
2498
950
3424
3257
847
5200
813
388
181
3280
1918
1663
1122
2281
3678
3386
5189
2009
3642
1308
1616
4410
4267
2775
5383
1194
1176
3259
4943
4799
1768
4108
2381
2439
430
2642
3961
1035
2951
3524
1692
4576
2490
4789
786
5257
4953
2943
5264
3608
971
2239
4520
3371
843
4122
3007
2603
584
3830
1326
1612
4106
5405
2844
2637
4051
2435
3150
5333
826
1579
2974
3935
4286
2428
2487
1386
471
383
5362
607
2657
1558
5113
23
4695
1295
2571
757
251
775
2619
3711
1107
521
3042
4806
3442
779
745
944
2593
4978
1008
945
4711
1487
1358
1454
1988
3610
4788
1964
953
3592
4019
4211
297
403
2390
3082
5250
4637
472
4601
4197
739
1007
619
4188
3831
1802
5083
3733
2523
5104
1876
3774
4280
3957
2150
230
437
37
3533
3570
2947
3485
4434
374
5292
3126
2460
4494
3069
5319
4432
2701
4148
4755
5074
2988
1413
831
1649
3908
3934
1531
1159
4485
5310
1873
189
3304
3687
3716
425
5302
1455
4805
1347
4337
4426
518
4025
948
1849
1772
2018
2745
4009
4954
1742
856
2017
2263
2792
3927
3859
3096
5087
2308
1163
4505
3681
1219
1496
1670
4029
1334
5404
4546
1047
5239
2894
4815
3550
2721
2339
5267
2271
2876
2580
1323
4440
192
3945
1418
312
149
1924
7
5278
686
556
1399
3770
4701
461
2888
2948
467
220
3972
234
3888
2549
3635
2560
634
3356
237
1336
5352
3449
1551
940
87
551
1448
1148
3827
983
3209
266
1671
3553
3986
532
1533
4752
887
1831
4688
3917
2100
1973
1112
5249
4141
3231
3569
1535
4760
272
2712
3391
3549
4994
4809
4603
2470
318
3626
5298
620
4253
1400
896
1944
1801
1027
256
2120
2420
5050
1894
3867
1626
5097
987
5295
413
2473
1872
317
4970
2117
2024
2151
2706
5188
3429
3578
3018
3477
5116
699
3375
2966
2079
1713
4998
2727
4346
88
2646
5296
1181
974
1068
2535
3505
592
2970
4297
3723
1164
1932
838
30
3287
3057
4907
5430
4967
4209
2854
2318
85
3282
1969
3727
1509
2299
3109
5379
4981
3283
881
3858
531
2987
1921
3574
4371
4961
878
4343
1520
2479
2692
4462
2621
1437
3033
2537
5339
3736
3589
733
1707
1099
903
3404
4982
1483
2500
4888
2413
5220
5006
2908
3832
2828
2296
2165
1805
3077
5103
459
2349
815
1877
1333
168
4616
2312
1728
2316
3002
3497
4587
1499
1018
4549
1843
1161
1124
2182
5378
250
5321
1756
3430
2933
3766
399
4466
4437
4345
4196
1998
4839
1529
3085
1620
1249
1737
5092
3954
2566
3226
1051
4457
4101
4736
2984
4129
5231
4233
2315
1226
196
1555
4543
3841
577
5067
23430
3067
4241
71414
134
55679
89196
15087
97316
925
99164
97707
95106
3202
1135
3163
96054
2103
1023
2464
98057
95295
99599
95150
4223
4052
3616
866
1143
25
98318
99122
97369
301
7628
90745
4372
4295
42424
11940
82938
9798
67833
3478
12948
96955
94999
96936
2763
5119
43676
94729
3346
3161
97987
2522
1426
1819
96245
94813
4282
462
98080
2850
99074
90018
95832
11443
1817
99769
4936
99674
86859
4313
2884
71592
98653
22967
738
25610
12601
96164
98778
95070
98
47
2979
72041
2505
94602
5373
3280
4506
98591
1549
4818
97139
4248
68338
47012
1742
2205
2747
1765
29938
76597
92389
98254
4895
99021
96586
92798
5191
309
27407
2345
98904
94667
49835
85555
95508
2065
5378
12393
69369
75121
3081
38490
1494
28912
1309
98993
34337
2358
48472
518
85713
393
4494
95918
99882
4838
38584
21462
4896
3156
82732
77142
2585
4123
308
99976
1957
4109
3169
3942
96029
858
4204
78865
2891
97416
2662
3185
2236
2790
2492
73635
3844
3939
2366
96075
99405
5105
97417
77678
77457
3050
97008
94591
95441
3934
5130
1716
3654
21757
4133
4518
98648
99790
98361
135
702
1851
916
98666
2194
95767
85598
3130
3323
4006
4139
3522
555
3114
5194
1020
95209
74007
4868
99213
4031
99411
69038
4203
2381
90454
96429
1943
5192
4143
97171
97469
95459
3901
17332
2414
95259
97652
98571
4571
30276
96381
59948
5210
30
68087
1535
4923
149
94856
95600
83627
91492
1229
67274
4035
28988
3867
94613
99113
58
99706
3503
98131
1648
95549
1402
5824
66958
1279
4390
94970
2200
3854
3721
201
1812
10281
4841
64
3140
3924
2941
17174
97754
1653
78474
3683
64510
3566
4965
3007
1476
3446
1166
95826
95400
3845
96592
465
95636
95157
5033
46052
97251
2058
2204
1051
2409
4655
1251
97031
87003
95935
7776
97282
95552
24726
568
5139
98197
65842
95786
95112
4851
64775
45309
28
5169
98237
97023
3763
553
99583
5170
52732
95993
3550
31969
90443
26866
96518
679
99764
2990
95622
88415
3864
96502
97386
344
4056
99644
98564
3520
4986
2378
5276
98854
4927
4695
94670
97415
49015
99357
100000
22929
3781
3762
16535
58934
53924
24541
5365
92768
98193
71324
4050
981
95885
1062
19137
22855
75
80005
527
97958
4470
95835
53484
99319
5348
26170
1553
2926
951
1061
602
1876
34304
73478
99054
2192
1055
5270
3882
96754
3206
3666
69259
97128
772
96865
98546
98692
2209
3824
1543
136
4968
4278
41046
35660
2618
857
98843
4581
3300
96603
89447
4938
4953
87825
47758
96366
4915
2239
4905
3304
98243
1263
99717
4512
97015
3625
4504
2019
2440
40215
3032
3541
4861
5297
2189
98189
99175
4335
96027
91284
99744
30459
80124
1328
95627
1600
4272
4422
1764
95913
40603
4885
2190
1671
4476
3689
97659
2905
1804
4068
4720
217
96949
1905
72588
4808
4814
99301
61119
97883
16525
94661
95524
38564
3058
28053
1706
3124
98284
53
98285
956
1033
94654
29792
236
57
5137
2017
97191
40508
3998
61303
48496
59544
4523
99227
2052
58213
26141
114
1471
4067
95494
98439
341
1801
94648
4931
849
1841
774
96614
1634
94849
4975
1860
4055
2612
20945
4651
1378
302
98694
47099
94573
38551
1885
316
2497
95805
97823
4877
4723
2995
3275
95672
1376
1779
91928
5300
97758
96009
2532
3811
672
2829
4078
1237
79418
4327
17
65574
693
96673
2597
1505
50276
3862
915
30059
4610
4510
96238
95474
97537
5415
1060
71352
909
885
249
79414
97083
98261
96745
680
1437
96314
95194
98105
5078
5226
4060
98313
86779
24590
94934
99060
70818
2352
7143
2616
892
596
98282
87533
32155
29396
96726
2207
98905
4761
95118
47818
35416
1168
50862
2940
63756
13566
28474
5421
94846
2879
83843
2870
3340
4892
98231
4902
3912
99842
98362
275
47621
81
25776
2915
97846
20908
2454
184
2912
97616
99217
98158
1161
73715
3159
2807
4686
1331
98751
95872
15735
4660
98396
94892
3223
293
3397
94820
97708
3726
3651
3756
3918
97811
3818
95143
98907
942
1844
1727
4477
96349
50274
25082
97807
50846
96347
29915
1894
2184
4424
95797
861
829
30362
99953
97152
1612
2263
1872
48607
99228
3125
4386
3009
3245
707
97259
71377
97939
1899
5125
2888
2599
98351
3100
93437
58043
1224
3720
25306
17337
98878
1541
4191
3059
98596
2779
87107
85759
4999
3069
2443
98033
4652
94953
95105
10382
1994
98471
95403
99063
94736
18
3874
97398
99489
689
819
3193
2459
5221
53582
4798
4754
578
4846
2041
96659
1093
98001
1568
3278
3515
2658
96273
4921
4306
2777
3404
338
2372
99464
98587
1934
2498
2847
22373
836
4290
205
3211
3113
401
39750
98892
3203
97176
96230
1290
96137
3729
2974
3656
2262
1782
1339
2361
2691
99722
911
38520
418
14937
2490
428
4077
2193
96560
95713
1731
99186
79858
259
1821
3583
1030
97277
21992
99423
104
98759
5095
3788
2918
66853
343
3175
55645
4227
5198
96564
5177
97177
4978
92903
26935
1611
4850
1861
45503
5357
4434
1762
99314
67511
426
95221
95706
2308
4459
69572
5140
2338
2594
2068
3043
3225
3813
96485
30722
4082
91666
95062
12292
1911
386
99013
99526
29653
99589
191
4471
99184
95417
2266
1360
966
16657
1945
47998
4553
473
99030
68114
96212
97484
1342
1754
1769
99749
3983
2561
98046
5359
3667
5372
98900
15262
755
5223
2335
1434
8040
2292
2227
70018
1686
52961
86
1997
4871
7436
3426
97664
2869
1039
3438
7259
5168
95668
4511
3747
96566
71953
98568
95487
3965
96913
1515
4741
98145
98088
97342
95323
59972
46654
95932
98205
48517
23999
43153
1971
2456
468
7646
1604
560
3327
2817
32687
9187
1005
94914
96658
699
2320
15991
43764
68503
5134
97161
771
3997
5292
2921
3231
187
55959
1230
8059
95825
3029
78172
21758
99306
22516
4195
81615
94673
3365
4887
97033
334
3652
3460
76234
839
1235
3822
26237
4209
94634
4832
97881
315
754
3095
78343
96060
97224
384
98308
5430
59416
32007
3264
36715
97912
98276
1539
3322
4561
14131
3586
24455
97610
97817
98337
97034
99415
4087
72177
4048
95666
97936
721
4181
81061
95361
96697
5018
12308
1069
95598
97077
4497
3578
1892
3686
212
69117
3841
48741
98984
1139
3679
33576
70799
98348
1317
364
4446
281
2034
3495
93355
410
88527
99688
3454
90853
94785
1564
95023
215
5161
63447
1131
95833
1558
23778
1482
4637
2619
2106
1136
1044
37111
15701
97060
58295
96227
1788
98942
53684
683
64974
5239
51457
2216
96077
4478
429
195
77034
96197
1673
2146
3957
2201
2342
2661
94688
2753
99426
39322
68411
95331
98996
99085
96989
33419
56186
59716
51232
4908
99417
2774
2362
35685
2023
97976
4703
97296
1933
99977
615
95243
59365
3480
5335
80
730
96303
99289
5383
4419
742
40617
278
95736
812
72738
66040
2571
56
4112
97534
95527
36600
5427
96178
48
3711
3910
5203
2007
10
3150
96956
4402
5012
2686
32509
3903
3847
99533
16187
13473
57646
1921
1542
97629
2993
1678
5146
5224
97656
2535
802
84770
97631
45873
2113
96113
56423
81349
55446
5093
1306
94421
54047
1079
95196
95186
98423
456
49887
1164
4597
4535
99461
96088
98649
5272
3568
38107
968
20562
48733
98574
19425
19187
2812
98030
16949
4757
1428
840
4136
56902
88491
49964
22562
31644
42763
97311
35114
99040
2738
70370
93292
3749
99569
97856
69145
3602
97892
1049
94699
92260
48659
63933
33247
2397
97731
94626
102
94900
1826
18116
4622
95139
3761
63308
95857
99809
367
2398
97580
99114
98888
3777
2977
407
2102
1225
2479
42915
2904
98253
98244
988
3227
80036
63821
99730
5312
48988
76316
98647
95477
97042
2838
98537
3919
97070
78249
1247
4853
1199
752
24946
16106
94584
89675
1186
1133
71079
94630
96286
20250
8833
3487
874
2574
92601
96561
2126
1828
1104
97452
4780
99823
1265
98208
99528
4773
118
31307
44762
96358
98186
97187
97085
4432
61929
4307
3539
64784
5086
982
2177
5232
3439
2141
2437
1357
1615
98992
80132
42128
3986
85504
98689
1522
62775
448
1793
94796
28966
94741
33603
4354
86864
4439
3733
467
4384
1429
50893
97014
50815
98589
81572
95011
43
2628
4381
25606
4860
22949
96004
581
3575
99692
96705
39002
3580
5022
2478
697
439
1925
69381
2581
2439
169
1380
4164
98075
94947
49818
240
73803
758
94641
4605
84387
97322
10042
3086
29400
231
4918
2845
97886
2203
2097
30888
5188
98757
5431
4940
99036
98042
96179
4906
3863
95411
94593
618
1949
2173
95958
97714
5338
4258
53085
2961
4153
96816
2122
4418
3318
4340
34145
813
97110
95332
97972
728
96496
1740
4873
94824
97524
99508
99420
517
318
390
79323
94904
45312
18615
97299
99215
94906
43572
451
98054
497
6229
73461
95357
61668
46697
2449
352
4391
97278
96814
147
2299
62657
3468
51871
31782
3111
2537
4189
690
68956
1714
2716
46852
3745
1440
99168
12058
1066
698
98721
3700
2520
96425
15230
1415
96105
96643
99664
2746
4625
98245
54337
97227
2018
94774
5205
1132
95656
24212
59860
19612
28536
3414
95413
97238
2984
2510
3184
1146
97510
3459
7
1529
1029
3456
2033
96392
2370
2744
34376
1705
99079
280
3362
109
810
5428
979
1926
70548
97901
98998
62356
97549
54053
20854
2174
4475
3898
99038
84441
16983
999
95336
1032
3611
378
90151
593
95344
4863
94636
96317
5877
95490
99903
5090
98884
97375
4929
5416
38553
7905
2724
3826
3598
4350
5254
1108
76097
94802
2349
4549
656
472
498
70523
198
2894
76371
5032
2754
2910
3191
98069
94831
5426
71
96758
903
99126
64962
3051
97979
15554
1847
3991
1409
4751
4331
98968
2463
258
2368
3096
3335
1
96880
784
235
99147
63794
913
96953
98516
1784
4820
95195
47855
388
1592
4315
5006
90177
98552
95115
99375
52708
98523
34728
709
98307
3354
3080
4416
77640
98477
567
5046
27
1665
2441
4862
56139
97632
4505
99372
87706
95450
96904
5172
81677
1492
35137
15296
50604
2504
3740
13972
50
98575
13433
98156
4285
1877
31671
97872
23
15588
1630
54126
95109
4326
19745
78593
4731
4072
4261
370
4627
2635
1063
99993
97413
95163
1198
97665
791
2298
98868
95761
97401
24418
2934
71029
4516
97462
5340
2820
4570
2963
3973
95644
37502
20598
99515
97074
26983
95425
1397
70009
2950
5352
1732
57942
2518
5353
98483
1831
1795
98753
11797
71101
4985
36408
3002
51205
96736
4230
868
3687
94616
96138
2185
95073
6258
2681
95028
4495
94574
96396
1955
99430
22314
45856
2745
97237
21656
99890
1260
49653
53077
2529
4809
4267
2481
95352
95053
95235
1210
97973
95963
6461
4344
13819
26383
1344
2527
84904
73048
2083
49115
2426
3182
96777
65021
3920
317
5142
39324
94742
779
98170
3634
845
1746
34308
3637
831
87766
1640
96546
4718
1394
377
3737
94948
97133
454
3174
85887
4147
2351
98163
723
98415
96784
56309
99917
2927
20850
26928
97538
22403
95189
99851
97448
2909
4351
99828
4184
97712
66717
96902
1477
48580
2135
96534
1964
4484
1570
2314
1870
47950
2917
94417
75111
32533
3688
45319
2524
23650
4145
88133
58562
5343
13321
20720
5108
691
399
2690
4301
8501
4796
610
96089
5047
1869
97609
97130
29044
7272
5026
2086
16097
41845
99454
41186
4736
1950
207
2808
1890
25455
97778
443
74926
96781
1391
3219
43634
79682
3325
893
94980
95025
1907
1128
48760
4250
56396
21204
72093
96708
99156
95245
4755
1111
9117
1815
1181
75625
97348
99440
1606
22307
96097
95218
867
3288
3356
2997
5199
4544
3703
4103
4473
2647
95249
95619
2598
10497
218
3197
3149
3277
63117
5408
98241
4842
773
26748
2291
11770
4645
5111
2678
47825
598
45
37043
4562
74992
97699
4839
2422
5235
96237
98923
43092
94737
1276
81117
4008
3226
76911
15830
92882
1744
44482
46404
3911
43503
3750
97114
96562
5379
3005
87009
95683
96734
21186
91146
96599
96092
46139
96021
3344
1400
368
2786
97125
73648
98801
95262
97916
35947
3484
98735
79227
99945
3464
99837
99719
66548
3164
95114
5212
98450
513
95534
2761
2933
90783
23808
98204
97875
2987
99885
5072
333
96905
97226
569
97752
2267
5339
4579
90404
38595
79253
94776
98881
5213
1958
1411
1992
98817
5303
7901
63690
2343
97483
2627
1180
631
96515
5201
27577
3648
18325
95488
58012
97849
99210
2939
3389
67533
1109
63567
28595
17693
96818
85647
99865
98717
579
22984
3263
52027
1577
95708
89258
99943
3008
1856
97410
3618
15627
10138
53805
24189
99909
1059
86563
97204
49463
2671
98988
5035
12618
5279
64927
96050
2557
2665
3463
4824
3937
26889
96350
5097
66789
2832
3599
4160
1206
1077
97155
99541
4771
96274
22288
1106
946
96190
3712
2701
753
2840
4234
35530
395
99031
65402
95313
1171
95808
62718
156
95492
5207
1982
98496
96488
150
1605
84512
46242
8723
96666
4517
5155
2059
2842
61548
98599
28768
21037
69620
99726
16043
99626
22125
2162
1730
514
47315
92619
95942
863
3126
5041
978
4551
86716
2652
76604
45305
99829
20202
3658
5003
28778
99218
47525
4339
3879
24637
95348
4733
94775
4997
96861
41328
84
1345
68052
379
4939
99562
59986
3166
4865
97749
95057
96832
95499
98518
4684
72002
3324
6373
99221
64152
51320
70090
1700
5122
68534
98951
3815
3178
9922
96111
67311
2080
98076
36851
97300
68332
26029
96419
3951
98696
2521
4599
97818
98517
4156
2880
5246
3996
291
2906
1208
99059
4070
2699
46598
6884
93945
4932
4404
53907
99052
97474
1696
97566
1643
57660
15883
3974
95925
95611
4199
53262
96565
95779
36673
63
1189
99570
36141
97869
26483
1551
12018
4064
59950
4213
97421
96792
69155
649
3381
97241
92430
98660
59298
42456
99593
2908
25051
3455
98475
95995
95482
36788
2014
938
1594
96711
3552
1922
4964
2883
98526
1511
761
13800
99556
94690
40054
95544
93214
905
1768
1499
67766
94986
98487
4171
41969
4499
30004
2966
96270
66420
98016
2725
2970
94954
96108
4493
1184
4852
2555
94965
1311
98731
97399
98831
1692
88656
2936
95792
80339
200
3669
63887
26723
3221
96947
18423
1852
2318
65165
4236
2750
4673
3320
77616
1807
5200
99658
94875
96817
643
3502
248
96830
2451
97772
45792
98022
97045
4197
94746
4914
146
3840
3693
2337
99746
105
5395
2070
3953
38694
2163
2016
3023
97493
4271
180
65163
2139
2367
1842
4994
55327
13360
97789
2271
595
97182
3859
4747
3388
40855
2717
99944
12269
3790
93648
94926
60508
1627
96530
95799
99819
95219
624
67193
4456
99154
4630
94692
95183
2480
296
76917
4950
97068
4240
14649
96012
96819
71847
96049
5053
3451
32323
25556
412
2512
54564
98944
99216
36916
2626
960
43073
96935
404
3873
61247
54203
3821
2629
94663
4092
3834
2625
234
96625
75480
13099
61915
98933
77586
49243
96055
31635
29190
3222
96646
98435
2644
1864
3574
73141
98387
24521
56336
83135
54127
1789
2856
31900
1659
4697
99424
2602
28256
2157
98954
98669
3633
4401
69848
3743
2488
73554
3508
692
3588
61815
2509
98106
2806
99853
3646
32183
3727
95207
4577
4636
3065
49118
4698
2551
98298
56390
907
1373
96201
1123
80198
98612
79680
6088
2151
82670
96535
33800
22072
4638
757
99428
2473
4358
4563
2882
4022
2411
95959
96139
477
99886
97253
94734
4183
2946
5327
1451
63695
96866
120
94835
678
3373
97633
486
96715
3708
97975
64977
94822
4367
99025
1853
2101
3101
2814
96612
1047
705
97806
865
3332
1295
1443
98149
73451
47162
1315
1297
737
95806
91792
49250
5306
873
3160
28028
5329
69149
95526
95781
20073
98107
4803
37923
2999
95021
2221
11296
68726
808
5220
648
5023
447
1354
95680
95966
1915
99308
98822
11862
98567
99785
1670
94883
95329
23734
848
68648
2088
2
2405
1320
2937
99413
95104
58212
3999
1745
97389
96376
7568
11988
7148
99990
94419
97570
1366
3681
1346
2468
96798
2803
99939
99821
38816
93
1722
39025
35314
97288
2465
98263
2002
5109
95726
96579
645
817
7341
1169
1410
179
4507
1965
99083
95475
58133
3644
97666
31670
413
31520
632
61519
47477
310
98787
221
1413
10689
94607
98563
96532
30167
97095
4320
4412
1218
97202
5305
95075
19078
2824
3730
80358
1712
4334
4772
88783
45539
94789
14867
97250
99252
98536
2620
3609
95658
919
2050
94711
54414
572
44382
77296
72420
71475
99687
99205
63350
1728
98810
31770
66154
1130
1683
95449
85615
67449
1252
2389
99219
2399
46831
63554
46903
5399
2728
4169
4676
5173
69326
99571
65986
99615
449
98960
138
70019
99696
59727
878
96387
53123
4094
4206
56162
98786
2703
851
98553
95304
95462
90351
94109
1129
95980
50499
98109
95264
43353
33422
43250
4196
99629
2700
99328
13848
7788
96987
99499
1053
929
228
1666
790
18026
4874
98533
95978
222
1307
96107
391
82198
5052
5390
5268
2136
1174
3121
16171
3419
3806
74335
3444
65144
4793
55581
1356
1367
19980
111
42982
270
96893
1718
96033
97024
2998
98052
35182
5322
3591
3138
1675
4685
592
50848
2472
95006
94614
49312
94698
98094
432
297
80639
4142
3204
99680
5021
95626
98882
2160
2484
76509
745
68296
1741
37283
2385
47345
2726
3622
98645
96878
96556
25424
4752
69816
25575
45609
891
66084
1138
97289
1761
2621
96922
12779
80488
3537
96356
3442
4785
97173
98341
99226
1040
3595
99825
95111
4452
1187
96780
99008
52329
79856
1389
4609
99360
3525
4604
1816
98783
24493
97264
770
61497
98482
96624
94832
97911
95390
55628
2664
3518
4971
1898
2032
204
99728
806
98728
66124
3825
1562
96382
97145
2931
3091
98041
420
14115
98426
9057
96552
94990
96982
13127
95984
4280
99018
4291
1403
6802
99024
99078
38563
38116
5225
4779
95873
1092
97481
62144
78142
93410
1488
70319
62191
97098
97556
4598
98090
5401
4758
97577
82304
50512
5356
10088
96703
4701
1999
89375
5248
95278
1025
3276
3308
703
1676
95180
96601
95667
98350
87772
62957
98395
50961
99573
522
2442
2252
2567
3281
97836
1500
50786
856
3678
95140
93072
795
5002
97244
98825
9155
1105
14284
97711
54914
98185
5425
64183
95416
2897
94710
86863
99965
13124
5347
5180
2418
3783
95016
3560
1948
261
5404
84100
94779
95501
84687
95098
95281
3909
5036
99551
97089
2980
650
60976
56287
99659
1314
97719
44670
80130
2455
96945
9263
13639
99190
14613
2198
2395
594
83524
590
545
5208
2751
2708
99869
95836
98322
88858
2938
1401
45214
98476
94765
4310
744
696
96890
2720
57515
406
1940
96979
71247
617
3102
1645
97588
3341
3409
97529
96974
95448
5258
4121
2152
1773
19461
98573
97619
97357
2911
99142
99760
1388
3739
89312
46864
11606
67305
1421
32984
2096
1068
1407
99557
3538
29685
96196
94961
96014
250
1175
87144
96261
82318
15611
996
2928
3514
97454
98697
13866
4734
98319
759
96310
96
97001
3077
2376
29710
48418
3770
30530
58303
95609
92030
4317
13261
95263
91168
4844
99581
61652
775
76969
5116
96837
97816
1619
85146
1145
85113
98975
15111
95120
98461
4341
67048
1098
3632
1572
121
51708
64681
61021
97938
65560
239
70194
5186
8771
85864
5118
59218
547
88054
3950
4382
99053
2887
72203
1660
96281
98593
3543
21852
99087
5319
37146
4615
97022
2344
96634
9303
99973
96362
45807
95185
96214
98763
98225
4406
53588
4995
89031
2045
41412
92978
768
1318
4532
91160
91132
48172
2714
4063
96379
2015
1038
4759
3157
3755
96746
98588
3610
7774
99534
2558
5412
97391
99488
99337
95755
9337
13868
3524
59706
97492
4539
2269
57453
99895
850
96331
56642
99989
1102
48824
4777
455
98805
88325
63086
1332
79052
954
96684
77040
4218
9381
58507
489
21123
3800
805
98194
5366
98023
2400
32915
4900
97000
3094
1655
3082
1081
931
8874
99027
96716
68404
98545
76367
3217
603
40935
95730
3757
94929
96730
99962
825
3948
98861
3993
22952
2332
2161
4242
2290
1370
56541
19229
3639
7215
5262
4556
83140
3004
81832
94714
3429
2154
2502
95895
3465
96042
19873
94631
97036
96720
96017
4075
5413
3640
96937
96804
442
4722
811
95854
3154
616
94845
2322
9083
99576
79534
47608
45727
1090
70966
655
2830
3823
48031
95271
4389
9016
95934
40725
340
4696
4336
96094
4482
2283
3772
4185
4220
2823
2084
96476
25435
4783
3170
445
17520
99767
95408
99453
18252
5605
14254
98306
94587
95749
5088
4611
4155
81923
4431
1484
2835
2813
1516
58684
86269
4548
5386
1557
94727
99316
66585
96394
39001
85
35506
59887
97254
2391
969
95093
1274
99584
1337
95210
94745
1897
37366
97194
95083
78561
724
1454
3418
4823
2374
97744
2303
74526
96537
94795
2959
4187
28943
15516
89799
9147
50377
897
94862
95735
2365
4065
5027
2789
96109
2220
98766
4716
4364
1624
202
3967
2861
78
4787
1430
2739
267
4661
917
59221
64680
96670
15809
81412
35659
928
95784
8030
30225
792
17874
686
1236
83034
20
61146
585
1404
11053
1988
3142
80985
3851
95116
3017
4739
94969
4383
69435
98853
2363
1398
4594
2279
320
79613
99682
4521
3690
731
5275
99751
38335
14117
98360
96495
3097
58492
97290
62118
2134
87458
89092
98723
95861
96852
3573
95392
56556
97286
5153
99448
73703
16304
50821
4165
4249
4837
92258
38073
2108
57094
487
21541
20353
46044
3215
42853
4926
3255
60439
233
63803
5234
2765
21079
2898
95946
3869
23757
1646
97327
96572
49539
2781
4047
96548
99291
14814
16835
3366
11599
354
2536
1682
80136
1172
95289
99522
2393
94818
43416
1534
1405
99710
94896
98394
2153
89695
39753
96721
17560
27763
50816
98292
97087
94226
97797
99017
625
79529
96762
1993
52047
96706
56367
26324
4585
4268
96978
75494
4810
8550
98955
537
2715
15994
33374
4876
53614
37687
97595
1927
99265
86397
98311
1012
3792
99693
1888
27925
38738
583
95427
79757
79738
95063
73446
98236
3062
18422
95898
99504
2704
493
99608
32118
4732
96062
81374
1486
99344
380
99498
90364
3176
512
97944
3913
95973
4769
77172
28216
24446
96886
18253
99536
3286
32071
1772
1121
97743
1466
2833
6451
96158
96095
82340
94882
884
1554
139
72252
2042
98491
97154
97374
37670
3117
162
76200
97727
3630
69358
99118
70892
66603
99435
4481
1969
98401
4355
95728
79552
99071
4225
65363
326
26901
46625
1420
2268
95433
49075
99395
97880
6587
397
993
97791
3949
96153
1350
75588
2732
86155
93969
94787
2212
78081
53801
94728
764
96976
96824
6132
96639
1507
74469
62954
16076
85562
166
75338
665
1159
56060
1838
42628
3870
1578
241
14957
95415
957
98597
4883
2689
9966
3098
2274
5238
95384
95464
2623
5261
4729
95897
96605
4353
520
170
4279
1490
59291
19854
11932
98685
93813
2640
61846
5106
63426
254
96002
75903
3900
43135
11828
4474
3415
1984
56195
94675
98654
95048
4277
98532
95453
1233
253
4724
96308
31253
73215
4010
1075
5117
15504
94756
98921
34790
93464
93003
2245
1191
96821
5236
4805
1839
83722
95629
98502
84539
97613
93090
99771
53771
78356
58602
2039
96838
5368
5362
75321
747
97429
99621
87501
96460
97596
3317
99295
99761
71458
4855
96275
4158
98776
2272
81439
3506
99715
4574
2953
98364
14893
95877
2228
1797
5320
96132
7434
16131
1479
70097
98367
168
98440
766
82785
77838
95884
97690
73624
3209
28012
97768
95466
2183
65851
98059
79336
95850
99250
94604
99967
97376
4527
5222
94754
49795
95588
6
116
95246
4303
331
99592
98375
1757
4466
75993
94884
94658
95988
74135
8308
4806
1525
86293
43839
3626
10400
95699
75838
3519
94945
4529
96441
95891
1518
94694
3676
96146
96188
19678
95233
50970
98305
901
342
4489
98070
5263
95721
3875
4576
95145
97284
66
1533
95128
57142
1140
2353
99209
2951
95
80135
1232
2223
50981
4991
1298
2417
95640
25374
1555
37001
13462
92469
3342
95951
98930
98851
1778
97604
42040
96842
31718
99959
94858
1385
986
99745
888
2572
75755
99068
98529
26046
4987
8359
97444
44990
3554
349
1709
4709
2563
2061
2309
521
78413
80658
28291
4946
3260
95286
4742
3066
20651
4866
21657
12036
35038
98174
232
99050
30802
4246
55026
50706
5316
987
3735
65776
2554
94657
2100
3832
96547
859
97466
2802
82379
5204
63595
2211
97009
2983
11981
99997
4263
99987
2864
1250
76340
5080
5068
45712
23994
99110
47253
94899
99998
2609
2865
95213
299
97906
1663
66402
948
43311
27016
79580
20808
36490
25456
24285
4173
97387
22678
95530
11699
98473
1100
99596
98950
99606
89397
78436
3558
97158
48555
95881
63860
38346
84670
96116
89351
95471
125
3642
2010
99270
91317
98932
98756
4042
4601
4671
18133
96875
3846
90408
2006
27493
1334
3987
99472
5141
1891
99713
97501
6423
271
98125
97412
1072
6402
4578
3326
4360
2491
98391
1755
96637
4224
4988
87393
2056
4079
98561
50680
95435
507
4854
99779
95610
3296
2313
35580
1048
22642
3649
2410
72360
18871
97675
98352
59632
96401
57583
2009
99733
5024
97456
4347
23592
2958
98734
97350
4415
12023
4228
3269
98168
46821
36045
1514
93141
4763
4403
95034
98709
5185
99548
2021
392
96669
97923
99412
82495
1212
97335
176
96438
4161
4469
307
3827
13
98880
438
4
66061
1239
52355
2123
75798
12116
3564
4894
91368
4312
85493
72172
95365
1292
96285
10960
96628
739
95716
995
4038
3551
1007
1825
96380
62734
80399
95785
3697
1351
400
185
94733
78455
69479
3393
98206
99549
2645
5266
5387
97624
983
96284
887
56368
45858
51963
3339
1596
97107
96872
46406
22231
1197
98876
67097
66201
1465
2899
28701
96434
4157
40
143
97867
273
360
94788
38754
3422
1151
47492
1901
96952
729
2208
66076
799
5244
95146
4083
97069
59960
3026
30462
64543
95930
2729
3738
96360
237
43846
31481
98104
97426
95036
525
96484
1485
72928
94913
95979
82083
5253
3486
1930
54033
97636
2778
56863
345
4534
97551
3782
94425
57162
2121
99076
2248
1976
10407
106
93887
13670
37646
97175
7862
30233
1464
99612
96127
5374
60611
16137
42811
1638
2294
39717
1254
86091
1441
2482
90
99995
1811
99972
5409
98407
5151
260
95054
62527
94578
42659
80033
99609
29971
42880
97983
95757
38232
79354
5423
94656
97303
60950
98514
96870
96439
3192
53064
95950
99191
53864
19702
74580
4024
1871
97544
13095
4800
1633
89990
98570
2507
79388
94966
98465
95155
82324
97102
99897
4782
97101
95570
84883
4259
97601
53860
2718
98467
5064
4480
94597
98246
4643
1642
4721
4559
92372
1889
2920
2028
94898
70690
94768
98127
99768
63258
37947
97029
40161
5398
96086
97205
76024
4395
68483
95967
98758
2875
98199
4583
194
96642
5102
5131
743
88975
95386
98833
83032
97866
90529
5164
32949
80561
2259
4664
96825
5304
2895
27452
60095
4447
76663
3894
3031
81550
2639
34034
3505
658
42064
95076
5432
42239
11824
675
39108
94759
5384
1886
1001
95766
3417
1457
1884
2986
96182
41108
24927
99524
96082
96504
2082
3807
4904
99721
69537
29279
99471
95765
1082
32295
54292
223
32060
97400
1163
95307
47450
1647
28720
5256
73427
96567
66316
7627
83724
3079
25615
93649
3247
97969
97655
4859
98780
2386
408
97954
92041
96768
37955
4322
2036
98934
67629
3489
3183
359
1327
26475
41174
32506
96323
2072
97634
97213
14
97457
97486
4613
44872
95134
96266
96608
98626
99086
3416
96795
99035
4888
95230
98100
97307
4274
1863
57738
1203
79779
96304
34592
97364
2801
97199
77973
2975
268
95476
3248
7704
95613
4520
501
98549
97394
43842
99187
77439
53501
1916
1501
3994
53959
95586
2868
685
17416
3022
99655
98270
5269
99045
96373
4550
4657
1257
3715
99678
65512
4330
4122
62368
57570
95631
1517
5414
59172
96883
3048
34871
96264
97587
95294
6412
86414
1733
96391
3569
5016
52690
96569
4719
2659
70572
44771
94783
726
4114
4363
5159
5013
48604
99738
4194
50179
2962
98498
3006
4028
98051
98636
94917
28642
94781
99303
4134
3085
98890
96613
481
66597
98973
99029
2591
2453
97418
3199
3532
17317
96321
62518
94782
1912
272
3724
97097
94828
3491
10836
1944
97654
97480
94864
1581
95226
39276
3603
42498
58693
94743
1818
3785
71515
94666
47594
99414
4385
98538
21766
80569
97174
684
96479
3054
49658
96289
1390
85530
96343
3107
95740
86927
99339
96627
23662
96503
60673
1321
2138
4370
96125
3631
47121
789
9265
2258
95583
98229
93391
1085
4210
1972
3035
425
98004
21741
29
4379
4352
3109
4458
4057
1423
75410
1510
95820
304
96577
15905
58786
2771
38488
95782
3546
98251
1144
97409
73138
91720
95968
197
78654
62880
2710
67893
20968
3958
4201
76927
98784
5317
760
29231
33952
86950
21588
93164
3241
59902
66449
50876
5367
18275
4770
33866
21442
3779
95472
4018
97347
967
5245
178
74600
3741
5987
95378
95446
36062
3132
94909
94639
4867
5264
3386
95886
335
403
1513
4586
67970
39833
1287
4049
3930
61635
4003
96005
54961
98064
94367
14147
22532
94622
71476
57920
94936
5184
1614
95125
1284
26993
3980
3621
94653
84521
2631
5301
82171
2051
97094
1456
751
96575
36094
99460
97003
98962
4464
76523
21197
4827
2044
86843
26259
95585
99707
94525
2837
965
1244
38670
95704
2486
96750
98644
98556
4606
3272
99665
34418
96869
98130
1418
96463
91707
59843
98142
33993
98925
3943
68432
2127
99651
3380
11842
99980
3355
98344
5318
1209
94939
2251
5008
22718
5309
24187
328
66691
97004
72850
4021
2254
3905
48505
4061
90270
3237
96219
1582
3351
15141
4080
3941
5274
65782
1114
98703
90564
93956
4071
46227
97017
854
3500
96418
82671
748
95100
94739
35771
16622
76055
67285
4298
95071
86317
1528
99353
52904
196
2448
50331
3614
95665
83088
84204
94825
9067
96413
3838
99093
13072
19218
35670
73428
98180
59386
96283
62339
5282
5388
91886
4949
4913
81955
669
96334
49751
90992
96790
2608
96339
99774
99627
98255
558
81244
826
1689
3872
10444
51868
37054
24180
3853
1422
97605
31960
794
5135
211
97947
98813
29869
59190
36051
47676
2680
2924
77228
98999
3295
3267
1759
375
66495
4704
98956
3328
93893
4498
71828
65368
1495
95566
95320
2605
96076
95022
4324
40613
70933
3501
92071
546
35369
