4000
64 58
17 52
36 71
36 59
73 48
77 46
55 27
24 69
70 34
32 58
69 25
20 56
48 21
54 33
17 51
72 49
49 16
82 36
76 51
38 20
60 48
30 42
46 60
65 39
29 64
47 37
72 33
43 63
75 38
58 48
62 38
42 81
22 38
56 70
76 57
56 48
23 47
23 46
37 41
88 51
58 39
42 51
20 46
68 79
61 15
36 92
47 27
65 35
25 65
85 40
34 52
59 33
32 89
65 44
33 39
50 62
36 37
51 20
22 61
48 42
64 78
37 90
50 72
52 63
29 63
57 34
62 37
37 60
84 38
66 44
32 50
32 40
42 67
64 53
67 47
43 22
25 53
70 78
60 26
56 18
55 25
24 44
46 70
32 75
38 92
42 15
81 50
25 55
66 42
47 18
38 91
68 66
26 54
35 77
63 68
43 61
80 47
38 46
53 64
58 47
73 57
52 46
70 72
38 60
82 56
34 57
85 36
71 47
72 56
28 36
60 60
40 19
40 38
52 20
73 66
78 37
59 21
22 74
62 54
75 70
27 66
84 55
41 89
72 31
68 43
68 71
45 27
24 31
17 44
28 44
48 33
54 60
58 31
64 28
70 62
63 49
41 90
68 21
72 77
30 56
26 42
52 50
45 84
68 68
43 24
35 51
32 25
28 77
18 62
43 35
29 70
60 41
58 34
15 65
41 65
29 62
32 64
31 34
68 39
72 60
19 43
24 40
52 69
56 20
62 77
51 82
51 22
43 77
18 44
64 43
55 77
69 35
61 80
78 48
74 37
33 26
82 40
73 76
46 65
66 23
53 53
51 49
58 81
65 32
41 45
49 43
70 30
49 29
36 18
41 36
49 76
49 32
50 22
79 62
27 72
42 39
32 41
55 69
74 33
32 77
64 24
25 38
84 33
31 76
32 48
26 50
36 80
63 40
20 62
57 70
35 33
53 50
35 34
82 45
35 24
30 58
78 33
51 26
55 20
56 49
54 55
67 28
55 62
62 21
28 57
67 72
48 69
13 66
50 58
56 47
16 60
41 46
65 72
67 71
30 69
36 26
40 70
70 53
17 58
41 37
51 78
59 46
83 41
59 69
79 32
77 57
26 39
47 47
23 67
47 40
63 62
47 63
29 47
48 54
51 58
70 58
62 57
34 54
64 77
24 39
54 42
59 65
26 76
64 70
16 52
57 44
62 56
57 69
27 62
66 43
39 64
41 16
63 51
30 75
55 26
27 41
43 89
28 47
48 83
22 47
35 26
25 47
35 66
38 79
78 36
57 62
50 74
39 50
31 88
83 45
17 46
68 41
52 77
40 53
43 19
79 68
37 61
26 70
39 42
74 39
64 36
53 37
44 37
68 31
49 71
62 41
27 48
48 64
63 75
26 58
64 80
34 23
45 39
51 63
65 68
17 42
58 80
49 53
37 73
50 86
24 56
52 62
40 75
47 84
86 59
45 55
38 38
63 42
85 48
83 51
83 34
30 48
45 75
72 82
79 67
67 37
50 42
54 49
47 60
39 43
62 60
74 44
60 32
60 46
31 60
44 73
44 74
50 23
46 25
24 43
63 18
36 22
24 53
44 29
62 29
68 38
44 48
81 47
25 45
63 46
68 74
47 86
66 49
48 60
27 80
70 79
51 47
36 35
69 53
44 57
73 72
32 71
45 78
66 41
33 64
17 62
46 50
62 20
58 63
81 49
61 66
55 19
50 45
45 77
38 69
50 51
35 89
79 33
19 54
52 57
34 39
83 60
36 58
27 51
61 17
65 31
31 62
35 76
72 63
38 89
49 44
20 42
70 46
37 57
86 42
31 66
73 64
43 70
51 51
47 38
33 42
51 68
68 28
55 50
47 20
72 73
62 70
50 53
76 74
49 58
74 72
38 44
56 51
14 57
81 40
60 53
65 54
42 88
53 66
42 90
62 47
71 61
63 37
59 27
86 49
34 77
39 37
87 57
32 69
32 51
39 57
59 61
66 60
54 53
86 54
71 37
20 54
47 78
39 34
54 81
24 58
48 28
66 29
31 55
70 63
41 49
25 44
72 59
71 77
48 35
42 60
77 64
60 28
53 56
63 38
58 60
40 82
35 81
23 76
55 63
38 76
50 64
75 68
56 45
46 20
44 43
50 46
53 34
59 80
79 52
34 62
54 68
82 38
47 45
73 63
34 60
76 58
58 55
69 68
75 76
36 78
52 32
31 63
55 45
85 45
22 57
79 47
53 72
16 53
84 43
35 60
69 75
54 43
18 55
34 68
35 71
40 74
37 45
43 45
47 15
47 70
49 55
76 33
89 52
37 71
38 47
41 72
68 24
73 60
29 49
54 79
61 24
84 39
76 30
77 63
76 59
79 46
42 29
40 60
73 36
76 63
54 23
68 55
28 38
21 73
30 72
51 66
22 37
34 28
42 37
44 27
52 44
65 37
75 72
67 25
27 75
46 40
60 21
20 61
46 32
31 27
56 65
54 46
58 59
78 34
65 43
78 55
61 63
71 46
66 77
63 34
15 56
52 21
66 32
83 47
70 69
81 55
86 52
53 45
59 23
66 65
46 37
16 57
62 40
57 41
35 82
31 29
91 53
37 84
46 84
77 51
63 61
40 90
57 60
36 53
61 71
45 80
31 30
35 84
45 58
67 20
45 81
77 44
62 39
60 68
83 36
39 82
41 34
50 55
67 79
75 45
53 80
65 30
32 49
51 59
56 42
65 64
38 73
31 75
78 43
50 37
68 54
24 71
35 37
33 61
77 34
77 37
38 22
51 23
83 38
50 66
29 80
32 29
38 57
66 28
53 46
28 32
59 36
31 59
39 52
43 18
40 33
62 61
45 63
32 34
38 49
50 25
62 31
27 54
44 23
57 74
75 40
20 53
37 79
45 21
22 60
41 18
65 42
46 58
45 46
47 75
27 55
26 74
37 78
61 45
39 49
36 75
69 41
68 29
22 48
33 63
38 34
73 78
75 69
37 55
52 43
48 56
78 64
68 63
80 54
52 47
74 61
43 46
35 49
53 26
48 50
61 64
30 64
15 67
36 43
44 26
36 39
62 42
44 81
22 56
61 19
76 66
62 17
28 42
75 30
30 46
62 80
57 19
74 45
75 49
61 32
25 75
75 42
82 51
74 56
70 74
57 39
44 46
58 53
83 57
37 58
34 84
62 71
40 27
35 65
69 60
22 36
15 52
43 31
38 42
57 66
79 60
30 59
68 62
46 19
69 67
15 44
60 43
65 65
86 37
59 50
45 25
77 69
79 55
55 34
59 73
26 48
25 49
34 82
52 33
54 54
22 43
33 71
37 32
43 68
83 53
27 74
51 76
36 40
47 42
54 39
20 74
53 71
22 70
45 62
21 54
41 63
48 45
76 72
39 89
52 60
28 71
64 48
90 55
75 56
61 14
36 55
37 44
34 69
35 87
47 43
51 38
71 68
43 25
49 57
46 43
45 66
26 72
71 30
49 42
26 51
42 43
76 55
40 47
69 51
74 43
18 63
56 71
60 31
81 52
69 24
60 59
32 27
35 57
29 58
22 50
58 66
71 70
84 37
76 60
45 83
54 71
50 79
58 46
83 50
82 44
47 41
71 36
39 30
45 76
51 60
64 23
24 68
38 93
50 80
44 49
39 86
40 79
37 77
29 73
27 38
84 35
18 57
67 59
51 73
58 28
60 38
69 71
58 68
37 63
63 48
37 20
14 59
31 46
40 16
48 32
78 46
70 45
53 60
24 62
61 55
75 60
74 36
22 53
54 75
64 18
16 65
31 43
42 84
67 77
67 46
45 19
67 30
60 72
39 19
69 31
54 51
60 71
64 47
50 40
28 75
72 37
62 51
38 90
72 48
22 63
40 61
78 35
35 39
20 52
31 47
74 29
47 52
41 19
21 48
43 79
50 78
37 36
61 43
39 91
46 45
53 43
39 28
21 71
21 43
77 33
15 57
29 44
57 63
68 46
53 40
48 77
66 47
48 41
48 49
54 66
32 67
34 45
34 85
68 67
43 81
83 46
60 81
36 28
75 59
80 59
77 48
85 47
67 42
70 28
66 18
33 59
40 69
54 59
36 84
25 62
58 38
36 31
56 36
60 69
51 70
80 41
59 71
25 39
48 24
73 42
72 41
39 75
53 27
42 35
30 30
34 66
20 58
26 75
74 65
32 30
83 54
38 86
74 63
52 78
18 45
44 59
68 44
63 81
60 37
24 45
20 49
57 20
58 42
21 61
39 51
59 76
55 40
38 78
49 67
53 41
41 79
44 60
35 23
67 31
41 50
83 52
26 62
43 23
37 88
71 69
27 64
81 43
35 80
77 38
35 25
26 55
67 44
60 75
79 43
44 86
65 67
78 42
17 55
89 48
36 44
45 53
70 60
69 36
73 65
56 37
34 41
39 73
41 88
32 45
75 29
29 30
54 76
33 62
46 62
79 42
66 76
50 20
38 17
47 16
62 62
86 53
63 70
31 37
37 21
65 78
49 79
69 38
33 85
42 53
40 56
43 21
41 20
31 53
25 67
26 43
56 77
61 42
33 68
38 88
78 65
49 52
65 18
58 73
43 80
48 36
73 34
32 74
54 41
36 27
44 80
39 71
43 50
67 53
28 40
18 52
51 48
43 55
66 68
43 49
70 50
53 51
74 57
28 63
35 50
44 44
45 40
39 26
21 39
76 44
24 78
27 50
36 17
62 34
33 41
65 27
31 26
73 46
34 72
70 54
50 47
66 21
60 33
40 49
81 44
81 37
56 40
36 30
73 75
46 28
30 74
25 51
30 47
54 50
46 80
86 46
50 33
64 35
20 35
71 58
49 72
83 58
66 58
47 17
48 80
58 24
68 61
33 50
41 73
41 24
56 35
63 56
48 18
41 61
33 38
47 24
57 22
49 50
48 53
73 82
47 74
87 48
46 23
69 45
28 72
72 62
18 56
27 63
26 45
73 81
69 23
31 48
83 39
39 22
14 58
60 45
63 69
72 38
44 35
72 81
60 15
37 42
41 53
53 74
24 61
40 22
66 36
76 39
73 45
25 33
46 51
61 46
58 58
78 57
25 42
49 47
54 44
59 30
62 36
43 30
42 45
65 71
44 71
38 63
69 29
64 60
72 55
42 91
38 62
45 60
80 56
48 44
76 40
45 29
31 74
35 29
57 59
28 67
79 64
82 57
44 61
37 46
84 46
46 69
53 68
28 43
42 48
24 34
89 47
82 43
87 50
55 54
27 39
42 23
16 63
67 40
51 39
27 69
22 62
26 67
30 77
66 46
73 62
46 82
69 44
77 72
53 55
44 19
47 61
59 72
42 76
22 64
68 70
61 58
77 28
65 63
28 66
39 31
76 45
28 55
44 68
76 32
89 55
42 49
63 25
50 71
29 67
69 77
39 84
69 42
32 35
23 50
61 37
80 51
75 50
60 16
21 44
53 70
27 43
50 35
56 68
42 31
82 48
40 54
65 36
70 41
47 77
34 40
71 80
61 29
35 44
55 74
72 32
42 71
52 53
75 43
43 47
59 42
20 73
57 73
71 76
24 35
57 43
80 34
34 73
77 61
30 54
14 56
56 57
43 48
70 67
38 28
64 51
70 56
42 30
82 47
49 62
55 66
50 60
39 79
41 83
30 51
45 17
24 70
19 63
52 75
59 49
50 57
61 26
61 16
39 63
45 38
25 32
45 50
33 34
34 55
60 62
23 48
73 35
48 19
29 54
52 64
41 82
42 66
51 56
70 27
63 41
46 30
38 52
48 31
30 63
58 29
50 75
51 43
48 74
53 73
72 57
25 74
69 52
78 62
74 55
60 51
82 34
19 61
52 59
54 30
74 58
78 31
68 77
24 59
42 61
32 78
55 46
64 50
49 66
37 89
87 53
35 48
76 47
29 35
42 82
49 56
50 49
43 39
41 66
26 35
72 69
78 67
64 52
69 78
67 65
76 53
47 69
47 31
63 35
76 28
69 80
84 45
56 60
15 51
30 44
33 52
68 76
59 45
38 32
58 36
34 26
17 47
40 20
14 55
43 56
68 57
39 33
32 31
72 68
71 62
62 48
56 31
51 57
48 34
30 35
54 27
44 52
64 75
23 77
36 79
52 36
57 64
53 22
68 42
40 59
73 58
45 20
46 76
65 61
31 69
31 72
38 18
20 40
74 38
30 78
28 80
67 35
28 35
28 76
51 65
75 39
23 60
39 58
31 56
67 34
80 39
33 32
61 40
60 58
55 65
52 39
71 54
44 70
53 52
40 91
38 58
34 75
38 55
37 17
75 71
22 71
25 40
38 45
14 64
76 50
89 54
57 49
41 80
16 58
71 67
48 67
66 22
77 55
25 57
71 78
27 45
42 26
48 23
23 39
50 27
65 22
34 30
41 59
31 64
52 19
50 41
18 53
41 47
54 36
55 76
58 74
46 27
67 49
39 53
62 65
59 57
31 61
29 39
40 71
68 45
46 56
38 70
40 34
79 65
17 50
33 48
48 72
35 45
36 61
65 40
20 38
65 16
60 50
79 53
64 72
32 79
16 59
62 33
55 36
64 61
32 43
51 71
65 49
47 79
45 74
41 29
28 50
17 43
64 26
38 43
38 65
26 60
44 33
59 19
36 67
80 38
66 67
72 78
22 58
27 71
43 27
84 47
59 39
83 37
19 55
24 63
18 47
28 78
32 28
71 38
39 41
47 73
36 41
40 63
19 53
64 44
49 48
29 38
81 48
29 33
74 60
48 85
72 71
66 40
36 21
41 43
67 45
46 54
48 62
44 77
75 64
28 45
24 50
46 34
49 27
61 22
67 60
31 44
36 57
67 38
36 33
67 76
48 81
56 24
47 28
70 44
64 37
82 60
43 54
65 50
61 34
63 43
33 66
44 75
34 76
31 68
80 58
37 40
52 66
57 29
19 71
66 79
66 30
38 39
44 25
85 39
60 73
51 45
72 45
42 64
85 44
70 65
50 84
38 68
25 76
24 76
29 31
51 69
35 28
89 51
42 34
39 61
59 51
68 78
46 71
51 75
22 51
48 78
28 65
27 70
61 53
35 55
66 71
26 73
27 44
49 86
46 68
76 34
20 51
54 38
21 42
79 56
58 56
40 35
24 66
61 48
30 50
39 56
29 66
24 55
46 35
47 57
35 42
75 62
58 41
30 68
27 61
68 56
62 23
64 57
66 38
66 34
19 65
29 74
20 47
16 55
87 58
52 54
28 37
47 59
59 22
63 74
40 57
66 63
20 44
45 73
80 55
49 65
74 52
48 79
17 48
28 70
29 46
54 29
31 49
31 40
43 64
43 26
75 54
36 25
60 44
24 57
46 38
23 66
66 72
78 71
72 75
64 66
76 68
55 64
29 52
80 60
51 27
33 73
59 53
47 50
24 42
57 78
30 34
85 51
40 36
75 61
75 31
33 46
37 85
88 45
36 88
56 43
60 19
65 19
43 72
58 64
30 28
40 77
46 87
54 63
66 37
70 38
55 41
27 65
67 63
49 78
34 64
37 75
32 57
23 71
23 68
41 42
63 76
34 89
77 32
41 35
60 30
47 36
78 69
62 76
46 52
83 43
26 38
44 85
18 60
63 17
32 73
21 50
37 23
17 63
41 38
45 37
48 16
60 49
62 28
46 86
46 53
66 81
53 79
47 23
22 46
28 64
27 42
45 51
34 74
77 52
49 61
51 50
30 27
50 50
21 60
50 31
30 89
74 54
23 44
86 51
78 60
54 61
39 23
25 68
77 49
72 67
44 56
86 55
57 47
27 79
41 32
26 31
64 39
74 70
47 80
87 49
43 74
83 35
41 75
65 77
74 76
63 19
31 23
62 45
71 43
36 46
53 47
69 56
52 28
67 24
28 30
65 29
34 34
56 32
63 78
61 27
37 19
52 74
65 26
37 87
31 38
78 39
79 37
88 46
44 79
57 80
56 44
75 46
46 18
73 71
81 39
71 71
41 69
48 73
45 85
62 73
50 29
63 58
81 36
59 78
39 92
54 62
42 56
30 40
48 48
43 73
50 68
30 31
30 39
33 54
55 47
28 51
65 45
81 53
75 48
71 74
54 64
67 78
43 41
28 73
39 54
49 18
22 59
62 72
65 59
25 78
43 28
84 58
54 57
42 70
70 48
21 57
59 43
73 67
47 82
75 37
29 42
79 61
33 30
55 29
63 71
86 45
60 67
52 31
53 44
15 59
76 42
74 40
55 51
48 66
49 77
29 61
20 39
37 81
48 70
52 61
47 71
54 45
85 42
48 20
30 25
85 46
36 77
75 34
68 25
41 40
73 37
65 47
63 67
59 54
44 18
16 51
33 84
42 89
57 61
40 37
37 24
34 46
75 47
52 25
42 52
38 21
47 58
57 55
56 69
70 33
59 56
52 72
46 17
56 79
35 41
80 42
42 21
62 55
34 29
26 47
23 31
38 27
55 18
20 71
27 56
64 29
23 69
56 28
73 51
78 40
42 42
67 67
56 66
50 50
58 35
73 68
31 71
39 67
48 59
53 19
84 36
45 26
63 30
51 21
49 80
32 62
40 64
71 64
24 67
40 67
35 75
44 20
34 63
46 41
53 77
72 53
22 66
70 68
39 46
59 75
21 45
63 36
43 34
40 85
78 49
79 49
32 54
61 30
28 68
61 76
66 31
70 61
55 58
42 87
64 71
62 27
54 73
36 38
48 15
66 73
24 60
72 70
77 54
48 57
34 24
44 63
39 25
55 43
64 64
23 36
40 50
63 47
57 33
88 50
21 51
51 31
47 88
48 22
35 40
80 57
19 41
37 26
58 76
49 20
82 42
47 48
85 43
17 61
75 41
26 66
40 86
72 58
58 49
56 29
15 50
47 33
59 52
31 32
64 25
30 57
33 67
21 64
67 26
17 57
60 36
69 33
44 83
61 68
22 67
84 34
77 35
15 43
61 57
41 62
86 48
58 37
36 64
61 36
33 37
43 82
54 22
39 44
44 88
57 53
71 65
64 74
44 91
33 22
36 72
45 87
65 52
75 52
77 71
38 56
49 59
17 66
36 70
57 30
18 58
29 51
51 61
42 86
37 74
27 59
69 50
79 58
64 40
27 67
63 77
50 18
78 54
61 49
66 64
63 55
51 52
48 38
51 18
74 69
26 79
35 61
59 24
70 66
56 78
84 44
60 66
23 59
76 54
22 31
62 43
36 23
51 24
73 38
70 51
24 75
53 57
49 24
55 68
44 21
42 85
50 59
55 78
50 19
38 36
20 66
51 54
68 73
39 38
88 55
55 60
60 63
35 21
26 71
85 41
75 44
43 75
67 43
55 32
30 38
78 66
81 56
78 53
58 51
33 74
82 54
42 73
50 65
53 69
35 74
26 41
60 18
51 25
86 47
26 44
33 75
29 45
59 60
59 35
25 43
53 33
18 54
66 78
69 40
64 79
39 20
49 31
26 30
57 71
33 31
38 54
46 75
37 86
88 54
65 33
23 41
41 48
49 45
61 54
68 30
50 85
39 81
69 70
49 23
87 44
80 49
30 33
40 43
55 79
76 56
57 28
45 65
66 50
20 57
54 18
43 85
42 63
64 32
66 66
18 65
67 56
22 40
40 26
71 56
41 67
38 71
66 33
56 59
43 86
32 24
53 49
43 42
68 49
37 38
49 36
77 53
32 22
52 42
68 32
23 62
42 40
57 36
72 61
59 25
37 29
28 79
61 18
69 49
85 52
20 43
31 73
69 64
78 44
23 40
60 40
32 72
15 58
71 75
50 28
40 41
21 69
67 75
38 66
23 63
61 51
49 37
28 29
63 22
16 56
60 24
38 40
71 52
23 38
61 31
23 53
56 23
79 51
49 64
21 34
51 72
29 68
32 44
34 42
26 46
39 77
74 28
72 42
52 37
74 49
18 50
50 30
59 81
42 75
70 36
61 23
55 67
69 34
31 70
56 50
69 46
64 38
45 48
51 74
49 26
37 52
42 25
70 47
33 43
66 69
42 72
81 57
49 54
24 51
55 35
21 52
54 69
44 54
77 68
51 34
30 49
16 61
79 44
60 29
24 41
77 73
73 30
73 50
56 30
35 20
51 80
26 33
43 78
45 44
41 51
70 39
66 39
26 57
70 29
63 16
42 74
71 28
25 60
47 62
59 67
66 70
23 45
78 38
44 53
36 50
26 80
72 74
51 77
44 84
85 35
73 39
79 57
77 65
55 71
48 68
76 38
55 28
40 83
71 66
52 67
57 50
49 51
63 63
54 26
32 37
33 51
47 29
48 27
22 49
39 24
57 40
42 57
52 34
24 79
34 25
56 74
23 33
32 59
60 70
26 68
76 71
55 55
72 66
46 48
67 68
58 19
34 31
58 57
19 52
42 18
26 63
52 79
64 30
40 28
87 47
36 68
68 72
40 25
37 62
75 33
47 53
53 39
38 24
86 58
35 62
45 49
62 49
76 35
35 30
48 26
24 65
35 85
41 28
38 23
57 31
27 37
24 36
61 62
49 19
59 34
44 51
44 28
21 47
53 59
52 27
41 85
42 44
37 49
46 22
40 58
52 26
45 72
36 47
57 77
65 66
39 47
54 31
25 71
67 62
58 33
74 67
39 80
33 77
44 47
46 55
58 45
68 60
27 31
55 72
70 31
59 37
26 69
68 51
51 53
29 43
72 28
78 32
18 59
32 26
27 46
66 75
89 53
40 72
45 45
47 72
25 56
74 59
57 27
81 58
22 55
85 38
61 47
25 50
77 39
43 57
58 50
55 61
74 46
23 43
49 21
39 45
55 52
27 40
42 27
60 79
81 62
60 83
77 45
70 26
41 17
73 32
47 87
41 23
63 24
86 56
80 37
28 53
61 78
48 65
22 35
80 62
58 21
27 68
41 15
41 27
22 52
68 26
37 54
51 28
64 27
54 72
54 58
57 56
21 58
64 20
34 65
72 65
52 22
73 74
72 72
37 72
36 60
20 50
52 76
58 23
64 54
31 39
36 29
29 59
79 63
23 65
57 32
54 78
34 58
33 80
41 87
43 32
40 45
43 52
51 32
78 47
25 59
67 50
80 65
44 41
63 73
37 65
41 31
27 47
59 70
71 63
62 50
30 73
50 43
66 54
85 58
57 81
56 22
21 72
22 65
37 76
32 65
20 41
34 90
55 23
50 76
31 22
59 18
36 74
90 51
77 36
37 70
63 60
46 85
29 57
26 40
24 33
56 46
61 74
32 33
80 36
56 21
47 32
25 63
46 78
74 50
38 74
56 64
68 50
65 41
39 66
65 80
42 41
30 29
37 91
58 77
14 66
44 34
25 46
42 16
42 28
47 51
47 46
32 55
40 42
36 62
60 13
75 63
37 64
37 43
48 75
48 43
25 34
48 17
75 57
58 25
51 62
80 48
47 81
79 50
47 44
31 41
31 65
43 91
76 48
55 42
58 32
21 38
65 79
24 46
76 46
33 70
52 45
38 77
63 59
68 64
45 32
29 40
44 69
60 27
29 28
41 41
25 61
48 71
35 31
43 37
60 61
43 71
35 90
34 56
55 22
44 87
52 52
35 52
43 90
38 72
59 79
52 55
48 61
79 41
48 58
65 25
90 52
73 28
62 74
56 25
22 68
75 53
53 30
45 52
39 85
23 64
34 33
33 53
55 37
67 69
58 17
77 60
39 59
61 69
47 54
35 64
22 32
40 30
78 50
66 80
82 50
36 36
51 19
57 65
35 72
76 70
34 36
20 59
65 20
63 45
36 66
49 70
83 44
44 90
30 88
45 18
19 60
47 55
69 76
23 35
20 55
61 20
52 58
27 76
78 59
73 41
33 44
27 35
43 33
53 54
44 30
52 24
74 42
69 39
42 38
64 67
56 62
31 57
86 44
39 40
39 83
55 31
76 43
27 49
31 52
41 86
30 76
83 40
77 59
33 79
54 70
57 24
20 67
57 51
63 57
73 61
56 61
62 66
21 63
53 18
23 54
45 79
59 66
71 57
69 72
44 40
83 56
62 25
70 35
67 55
79 59
21 62
32 23
33 45
67 54
36 63
65 23
77 41
47 22
31 24
29 32
45 41
64 56
72 44
76 65
36 82
38 75
34 43
46 61
17 64
56 55
41 22
22 72
32 53
84 49
41 74
71 29
69 73
78 52
49 60
77 56
43 17
21 66
66 17
14 67
62 59
71 49
64 42
18 64
43 53
74 74
62 67
24 38
37 92
50 63
30 23
64 63
63 20
38 81
41 52
36 83
71 81
44 31
15 66
45 43
50 73
62 18
42 36
34 79
69 62
40 66
79 38
56 26
53 35
29 76
68 75
24 73
60 82
48 37
66 59
25 64
75 27
22 45
20 64
78 41
43 58
73 70
41 71
88 53
38 67
69 65
70 37
39 27
64 16
25 79
77 50
81 64
63 54
40 46
36 86
82 49
38 51
42 17
59 47
24 77
49 46
16 54
76 69
33 33
27 33
74 31
40 15
53 36
19 64
64 33
56 27
32 88
50 52
52 51
29 36
25 73
45 67
86 50
45 64
68 27
25 58
90 47
57 68
75 51
29 56
78 61
71 59
56 73
37 30
37 53
80 61
37 59
68 53
72 80
32 68
86 38
58 52
21 33
76 37
30 21
31 25
32 52
36 48
33 69
44 36
26 36
40 68
80 43
50 83
80 46
36 52
73 56
41 44
25 70
23 49
34 70
78 58
57 42
85 56
35 27
34 38
51 40
79 69
35 69
41 55
30 71
39 39
58 40
87 51
83 42
69 66
53 28
20 34
34 88
49 73
76 31
85 50
40 78
45 61
58 62
33 78
75 32
50 36
63 27
31 45
35 78
76 49
44 66
54 40
70 32
60 17
46 83
45 28
57 57
37 56
74 27
30 26
53 24
24 48
30 53
56 52
64 49
46 57
21 65
58 65
38 82
80 53
17 59
73 55
62 63
42 58
33 36
49 83
36 56
32 32
25 77
69 27
84 57
32 70
43 87
82 41
77 62
64 17
58 79
21 53
61 61
21 41
50 67
34 44
40 92
63 80
43 84
24 74
45 35
64 34
48 46
44 45
76 64
60 47
42 80
69 30
57 37
52 81
68 65
88 52
36 89
78 51
40 40
74 34
85 49
71 34
87 55
71 40
15 64
53 61
27 32
34 35
19 67
72 46
34 32
38 83
62 15
71 79
34 86
81 35
24 52
20 45
41 56
61 33
23 75
68 40
64 59
64 31
21 46
58 61
57 38
21 35
49 28
21 68
61 38
46 31
60 52
77 67
90 53
54 77
33 87
39 88
36 90
57 21
71 39
41 58
63 32
62 24
59 29
53 29
31 51
33 88
43 59
53 58
32 80
47 66
16 50
79 54
55 56
49 81
33 25
52 18
71 32
37 31
39 21
31 58
30 32
39 70
53 78
60 78
37 47
29 71
34 37
59 62
53 25
59 48
81 42
33 81
72 52
68 37
62 22
44 64
40 73
49 35
49 25
74 47
62 26
64 62
54 24
52 68
79 36
70 80
50 39
36 32
91 52
45 24
67 21
71 33
69 69
53 67
65 57
41 60
90 50
37 68
30 70
74 66
79 48
61 52
73 69
46 36
48 47
45 56
59 26
81 51
44 82
45 33
46 21
40 31
26 49
66 24
45 36
74 73
70 49
30 65
75 73
42 20
36 76
38 61
62 58
19 58
48 55
46 74
17 65
48 76
29 34
33 47
23 32
55 21
25 48
58 43
64 41
23 34
83 59
67 29
69 43
58 70
58 27
51 67
57 46
51 64
82 33
38 26
56 76
54 34
34 80
33 40
70 76
60 25
73 40
51 46
67 39
58 78
26 77
71 31
63 28
60 20
26 65
29 29
62 32
80 64
68 58
26 56
38 84
65 51
26 64
30 24
57 52
39 32
50 44
83 55
73 53
31 67
55 30
71 35
74 35
66 62
58 75
51 35
65 53
32 38
66 20
25 41
74 62
44 22
58 22
87 56
49 22
66 45
52 70
71 45
76 67
84 56
52 71
19 51
37 48
78 70
29 48
45 34
54 28
84 42
28 58
63 29
28 69
52 49
45 69
39 76
45 47
35 79
25 72
41 26
43 67
36 54
57 35
65 17
74 68
52 38
36 49
81 34
34 51
25 37
40 44
70 71
35 54
58 72
27 77
63 66
46 67
28 60
38 31
67 41
33 76
57 54
39 48
59 59
49 75
63 64
28 33
42 62
73 29
51 29
73 73
32 36
47 85
32 66
24 49
60 77
22 73
86 36
19 62
66 56
34 71
25 52
22 41
48 30
49 84
39 60
32 42
47 68
56 67
79 34
46 81
32 21
46 26
56 41
18 61
23 61
19 48
30 66
32 63
57 76
84 52
33 35
64 21
45 31
38 85
41 70
29 50
37 39
71 48
62 53
36 24
61 25
43 29
37 66
73 77
59 31
29 78
46 49
27 57
35 86
70 57
42 68
71 73
34 47
62 35
67 66
53 48
81 41
60 22
38 64
35 73
62 64
60 80
69 57
50 48
89 49
28 41
36 91
63 53
21 67
66 48
44 58
51 42
49 87
29 79
88 47
32 60
80 63
42 47
37 37
70 52
38 35
16 66
44 89
27 73
32 47
40 23
80 40
23 42
33 49
25 69
38 37
64 76
61 59
21 40
53 63
58 44
42 55
19 44
22 34
84 50
80 52
29 41
74 32
34 61
72 36
61 73
57 75
42 33
27 36
16 62
58 18
19 49
28 62
73 52
87 54
22 29
45 23
60 76
35 59
60 35
66 19
48 25
66 55
52 35
30 43
19 57
35 58
56 75
45 68
66 61
60 65
59 44
32 61
47 26
61 41
61 70
63 52
44 38
43 44
55 57
47 56
37 35
50 34
56 33
33 23
77 70
44 39
89 50
65 21
54 32
70 75
48 86
76 61
44 32
19 59
44 42
33 21
35 70
65 62
56 38
45 59
32 46
41 68
70 42
34 53
74 64
19 45
33 27
50 54
55 33
44 55
54 80
26 53
75 35
69 37
50 82
55 80
21 49
22 44
54 25
47 83
40 52
37 18
74 53
69 55
70 43
54 74
40 65
39 55
87 45
41 21
37 33
65 60
31 33
19 56
42 50
33 55
71 60
42 59
59 77
39 69
47 65
40 32
85 57
56 63
23 56
79 39
29 77
59 32
84 40
30 37
70 73
62 30
42 24
45 22
64 69
72 76
61 65
69 47
53 42
37 69
38 29
35 35
60 57
67 27
49 34
56 39
81 61
40 39
39 36
41 57
67 64
43 38
56 19
89 46
33 65
43 66
65 46
66 26
74 48
73 44
64 68
62 44
68 34
75 67
66 52
57 72
52 29
41 64
60 56
49 30
70 59
39 29
39 72
44 78
47 21
64 73
75 65
67 70
48 51
53 75
18 49
39 74
44 50
65 56
62 68
24 54
27 78
77 31
52 30
43 65
69 74
47 49
72 47
88 49
53 62
37 51
61 21
65 75
40 24
38 59
62 46
60 55
28 34
30 52
31 36
46 79
74 71
43 51
23 51
77 47
55 39
27 60
24 32
58 67
67 52
60 34
46 66
45 71
33 72
84 51
46 64
48 63
19 47
76 41
64 65
37 27
54 67
78 45
33 58
46 39
35 68
47 67
59 58
61 44
52 65
63 39
20 60
40 55
55 59
23 74
49 40
49 38
34 20
35 46
34 67
76 73
54 48
23 57
46 24
31 78
58 54
48 39
58 69
42 69
67 32
22 33
48 82
46 63
39 87
75 58
69 32
40 81
40 80
22 30
74 41
47 35
31 50
63 44
73 43
22 39
67 74
19 42
56 56
41 30
37 80
20 63
37 83
35 36
31 54
59 64
49 82
36 65
56 54
58 30
24 37
30 45
44 65
54 47
59 41
50 81
83 49
69 26
47 39
40 84
51 33
55 48
69 28
79 40
59 38
70 55
60 14
72 64
50 24
80 35
30 55
68 69
34 81
53 23
48 87
43 69
40 48
42 46
53 32
35 83
72 54
73 59
40 76
41 39
49 85
48 40
68 59
58 71
46 77
45 57
37 82
67 58
79 66
59 68
36 73
34 50
47 25
55 49
55 75
30 62
72 40
63 26
51 55
35 43
64 45
34 87
52 56
45 30
39 68
67 57
76 52
80 44
59 28
59 40
74 51
61 56
18 48
40 29
70 77
17 56
36 69
21 56
33 28
32 56
63 23
39 78
66 51
26 52
27 34
65 58
61 72
49 39
65 74
61 75
65 73
45 82
57 58
33 24
21 59
69 79
34 78
69 58
84 59
53 38
67 51
46 46
19 66
41 81
80 69
65 38
66 53
35 47
70 40
47 64
51 79
42 54
82 39
85 37
38 25
28 59
45 42
31 31
28 48
67 23
56 53
61 35
29 60
65 48
38 33
60 54
78 56
80 45
71 50
46 73
69 48
72 39
26 59
50 21
69 59
82 35
31 42
57 67
71 55
33 29
43 62
61 28
63 72
64 19
68 23
29 53
66 57
36 85
29 65
38 30
20 48
25 54
68 35
18 51
23 52
73 31
30 60
31 21
28 31
60 74
53 76
84 53
77 40
82 37
86 43
41 33
60 23
17 53
61 50
49 69
18 43
71 42
39 18
34 59
57 23
53 81
42 22
47 34
55 44
75 36
49 41
46 59
77 42
37 67
57 25
73 47
40 88
37 50
16 64
81 38
50 56
40 18
46 42
50 61
44 72
66 27
81 33
85 34
41 54
75 66
44 24
14 65
67 73
29 69
68 47
27 52
66 35
72 34
77 43
48 52
58 26
37 34
34 22
55 70
63 65
41 78
54 56
69 63
43 76
72 51
57 26
17 60
38 87
38 50
84 54
69 61
76 36
84 41
85 55
35 32
36 34
42 65
50 26
66 74
66 25
43 83
59 74
40 89
56 72
71 41
72 43
54 37
68 48
25 66
37 28
68 33
26 32
50 77
40 51
25 36
81 54
65 76
57 48
67 61
23 72
30 41
34 48
76 62
55 73
43 40
15 55
49 49
54 52
50 69
65 69
28 74
78 63
68 52
56 80
78 68
64 22
63 33
46 44
71 53
41 84
82 53
29 75
64 15
69 54
75 55
64 46
39 62
38 41
55 53
73 54
67 36
67 48
90 54
22 69
57 45
72 29
41 77
24 72
52 80
83 48
71 44
65 28
61 67
51 44
38 53
32 76
33 56
49 33
28 56
41 76
30 67
36 51
22 54
23 55
39 65
43 20
17 54
85 54
38 48
49 68
35 63
26 37
82 46
35 22
45 70
68 36
71 72
27 58
43 43
59 63
72 30
29 37
30 36
25 35
38 19
16 43
58 20
67 33
65 70
46 47
40 21
41 25
73 49
75 28
48 29
42 79
21 55
52 40
52 73
64 55
24 64
47 76
49 74
34 27
42 78
51 81
71 51
23 58
81 46
50 32
55 38
23 73
49 63
47 30
28 54
39 35
85 53
62 16
72 79
46 33
91 55
61 60
62 69
60 64
20 65
42 32
81 60
50 70
44 76
65 55
47 19
35 53
51 41
79 35
43 36
65 24
52 41
88 48
35 38
63 31
28 61
42 77
50 38
60 39
51 37
51 30
29 72
55 24
60 42
52 23
54 35
28 52
30 61
43 60
18 46
56 58
19 50
62 52
86 57
26 61
19 46
35 56
73 33
70 64
77 58
49 17
31 35
29 55
84 48
53 31
77 66
87 52
26 78
28 39
56 34
23 70
61 77
71 27
42 83
40 87
62 19
37 22
79 45
40 62
36 42
63 21
24 47
44 67
61 39
26 34
44 62
62 75
53 65
28 49
37 25
80 50
27 53
31 77
33 60
51 36
22 42
36 45
38 80
28 46
72 50
35 88
34 21
46 72
74 30
36 87
63 50
70 70
34 49
36 81
59 55
65 34
81 45
35 67
32 39
72 35
54 65
39 90
33 57
46 29
45 54
57 79
82 52
52 48
