6000
4642 5243
1061 1099
1658 1682
379 385
1183 2978
153 165
1028 1575
3290 5149
169 218
5639 5822
151 155
934 1070
1365 4676
546 1658
365 834
1505 2238
790 1433
3083 4662
621 2109
437 538
663 3296
1421 1460
446 898
1310 2505
1233 5364
389 2829
3817 4113
1357 2630
956 1345
1555 5498
2730 5986
3446 5429
545 860
334 3510
932 1117
222 1738
863 3243
2503 4569
338 1686
748 846
151 610
190 993
533 3456
1639 4436
2150 4833
214 232
512 2876
3248 5415
1375 2256
3188 4007
318 2664
984 1856
617 5666
166 2735
1100 1534
3111 5216
297 1874
521 3174
3704 5315
3287 4351
3189 4295
405 3362
347 516
4124 5285
4315 5624
1126 4215
2994 5230
2350 3313
1716 2332
175 2773
3158 4827
241 3705
379 2699
2031 3511
1745 1853
767 4683
2304 3576
891 5011
251 596
2891 3168
3711 3764
2574 3241
2203 2363
2457 3846
695 5248
198 4704
208 267
593 3548
2542 4663
168 1324
2129 2402
113 135
4617 5813
1662 2206
2022 3779
1754 4153
3169 3303
286 304
191 1004
443 3983
402 3757
358 743
942 1970
881 4946
2051 3832
464 721
1467 2171
1100 5670
2204 3933
825 3505
34 74
1797 2495
1569 1750
1110 1876
379 2777
2960 3288
3714 5497
209 221
1138 3850
575 1376
237 1640
3044 5213
2101 2355
1126 4157
2711 3767
178 844
1101 2060
1152 5467
1927 2333
759 1782
415 5009
927 1137
273 5657
169 171
1091 4798
397 4182
359 555
73 78
1036 1756
1017 2424
1618 2221
3323 4694
420 1416
90 145
2605 3444
544 3336
4150 5246
2775 3170
703 2282
3557 5419
1565 5347
2835 5148
3662 5823
3845 5601
310 3374
881 3844
1260 2446
390 2112
5007 5989
2592 4150
1035 1941
860 3347
1875 2033
989 3487
2224 5333
628 939
1302 4679
942 1684
790 4837
323 347
387 1469
3693 4172
1083 1100
4591 4879
705 1290
496 5195
2585 5022
611 763
3840 3946
1188 1383
2124 5367
1318 5881
2603 3955
152 264
2779 5152
192 2100
4230 4536
1404 2128
1318 3531
3123 3737
2949 4190
852 1733
2279 2421
997 1521
1212 4240
983 1188
2224 4211
2202 2922
699 2079
472 1811
1539 1553
2024 2836
2225 5006
1859 3572
762 3892
1107 2701
2836 4956
3892 4903
3052 4993
242 1348
187 308
1599 1809
823 5292
2061 2573
2413 4775
1837 2724
1236 4963
2412 5951
1240 3999
716 3366
1437 3235
1644 1909
1970 2993
501 5539
999 3007
4203 4899
2638 5579
677 4137
1853 2246
3582 4631
3821 4556
1325 4356
546 1899
2081 5648
3029 5605
1130 2467
2255 2899
390 424
542 4411
4513 5271
2405 2647
360 689
310 799
5899 5936
287 348
261 3931
399 5112
2642 4474
1115 2638
2229 5840
1094 2855
511 2028
694 2315
123 140
1116 3668
329 2053
2111 3350
157 1902
2988 4231
1746 2951
406 485
3197 3378
4156 5455
544 4776
493 4332
150 678
2760 5313
1174 2347
669 679
2741 2866
607 885
1148 1187
3204 3615
742 2457
812 838
2516 3452
352 1706
1714 2969
752 2011
960 2986
1144 1334
2776 5894
632 4454
1728 5820
26 83
980 5548
1538 5462
174 5085
1959 2553
975 1720
2623 3352
1747 4040
167 722
1400 1519
1216 2026
46 75
877 2808
151 619
1781 2874
2004 3147
304 322
1169 1538
406 491
656 2069
1393 1608
456 1196
2655 4147
592 4607
701 966
2784 4648
1149 2244
898 1716
2791 5521
328 521
3480 5736
263 1670
291 633
1215 4316
281 654
595 1850
1629 2217
1161 1572
1412 5143
3589 5478
893 1746
2190 3380
1938 4096
2250 2894
246 309
410 1482
1935 3667
1780 5590
2784 2943
349 2266
2391 4204
218 935
4225 5773
1071 2389
1670 2900
486 1557
1293 2192
869 923
823 1121
477 1166
1700 3901
1569 2550
4684 4741
444 1309
354 2964
1785 4846
698 2607
932 1773
169 5530
3087 3564
4113 4252
783 832
147 148
118 128
876 979
2604 4754
1257 4469
406 1086
548 1230
2285 5922
1885 4017
1152 5592
313 1339
1033 1362
580 3473
1654 2706
181 375
286 372
3166 5059
1460 1700
2044 4210
116 122
201 1480
2903 3258
497 1726
1284 4529
1905 2116
3740 4253
567 5030
2428 2990
288 364
654 1103
816 2455
1136 1146
2856 5308
556 1542
293 598
1144 3232
1311 5576
526 790
646 3088
1903 5206
570 5161
3349 4686
298 602
745 3706
1892 2625
1013 2230
424 1389
324 1143
1661 2431
893 984
935 3184
3234 3816
1665 3423
3927 5667
1775 5831
432 449
578 3389
555 4711
4071 4948
3574 5086
2803 4126
1306 3327
216 1490
923 2348
518 1711
3172 4512
1746 3401
3722 4459
3043 5965
466 4924
2240 3302
1848 2901
1114 2654
492 5751
158 210
4068 5451
3116 3517
4334 4957
1374 3806
143 145
2217 5176
2664 4521
982 3687
1727 1928
668 1494
1513 3191
243 4746
4837 5069
853 3825
3430 3749
3340 5133
1769 4398
2502 3495
1502 5453
1620 3317
2887 4223
827 1123
1280 2570
2018 4848
928 2454
801 906
1025 5499
3218 5226
225 271
1318 2027
1373 2797
1885 5658
278 301
1909 2254
1992 2115
2413 5167
1483 3590
2091 5344
277 483
146 147
1627 2443
2814 4434
255 394
1089 5320
1817 2064
169 195
460 4431
3541 3618
1033 1597
836 2631
827 4344
592 794
2018 4269
1275 1819
195 447
932 2558
1727 2412
1262 1777
3594 4646
725 988
2936 4532
3500 4084
1175 1363
1488 4243
4467 5580
370 403
2862 3082
154 174
3162 5122
4026 4625
149 154
2438 5018
54 67
293 3179
1351 1400
2171 5305
173 1131
621 1844
1702 1709
289 4890
1899 3293
1731 3059
599 636
519 5884
219 222
608 4581
247 406
186 2056
846 3700
1779 2285
4215 5262
967 1279
3658 4528
3884 5535
27 104
1733 3280
890 3795
1770 5567
4045 5863
930 1555
181 5537
2099 3382
171 4086
2570 2912
310 3334
198 1641
1760 1944
4145 4442
2295 5066
4510 5268
55 115
514 5609
1643 2397
457 1752
478 826
2659 4769
1261 1369
1016 1443
2799 3326
1037 1191
126 140
5139 5479
2541 4817
302 496
1234 1975
236 2023
897 4814
1233 5480
1234 1274
833 1088
4040 4323
857 1891
3535 5322
720 2514
394 3484
159 3604
5359 5587
121 134
1142 2962
188 223
325 2862
2042 3129
1923 5562
1595 5351
1532 3851
349 829
5009 5303
1792 5808
3694 5129
1821 2538
195 1122
263 290
236 1093
154 160
1739 4923
888 3489
1567 4808
169 2511
388 522
1132 1614
1263 2977
1630 5487
613 3591
122 147
626 1471
652 1211
1973 4404
1248 3807
449 592
726 815
1215 3214
4521 4768
218 240
258 873
4330 4402
205 433
3155 4306
161 248
3136 4141
2088 3812
161 466
175 279
942 2628
2845 4107
433 1276
1971 5132
175 194
1011 5942
1130 2854
1423 2965
178 184
302 4959
1352 1751
1302 1837
333 495
441 1401
1341 1841
4547 5788
682 4523
1847 5643
4191 5003
5189 5649
4630 5663
253 294
1153 2694
1059 5196
860 1653
1015 4388
531 816
4198 5769
1607 2059
1637 1673
220 1043
1726 3206
1737 4766
3020 4456
726 1085
371 1177
3710 3855
2554 4263
402 1672
168 285
1404 2595
2016 4884
1422 2375
1375 5914
2099 2868
579 1661
1326 5915
184 1044
4251 4657
1988 3691
1629 1940
364 4083
896 3514
818 4044
2130 4892
1403 3411
455 802
568 1679
699 3842
252 1208
2237 5284
3239 5016
5002 5391
218 1192
1796 4272
2664 3390
3286 5236
1659 3992
1977 3910
1865 3963
2410 4224
2656 4526
282 632
410 4256
359 5247
2285 2776
182 1479
3158 4370
272 2012
1166 4001
972 992
2088 2539
2075 4545
2292 5646
451 959
1853 2262
225 292
2250 5634
1890 1911
1136 1668
2739 5254
230 358
776 4130
1486 4674
1819 3849
3237 5210
191 226
188 325
132 134
340 2698
1239 1980
1346 4533
230 4247
959 3221
93 125
2014 2869
104 130
2498 2715
726 1007
938 1055
1778 3363
1768 4494
999 1319
1252 3500
229 503
2282 3136
1135 1233
153 167
363 853
2916 5563
1236 3776
2258 2675
1519 5995
801 2729
1114 2232
2094 3536
757 1697
2164 2633
2951 5919
780 5365
1016 4617
1207 4655
1797 2114
489 5772
1410 3523
1082 3610
2608 4568
2217 5545
4343 5829
581 822
1160 2157
1216 1562
3116 3239
4518 5227
703 3022
1113 3643
4138 5151
3778 5103
1152 2041
2423 5963
3056 3342
1513 2199
387 508
743 1510
3225 5969
959 2326
1437 2330
1493 3261
3111 5325
1005 1278
5333 5715
128 147
328 354
635 5875
455 4038
5163 5660
859 2596
1525 3173
2597 3384
4146 5880
625 3149
1682 4665
582 820
3418 5496
198 430
480 540
4889 5410
2017 2049
2362 2730
4193 4321
483 2376
2186 2906
2942 4840
4121 4415
732 5203
757 2150
174 1075
914 4670
1058 4185
1028 3215
2805 3981
2131 3312
275 332
786 5004
1186 1987
861 2819
621 1394
2882 2961
398 812
1539 4643
1496 4900
4851 5682
830 5409
2334 4005
1030 2414
1331 1447
420 1169
1453 3229
43 148
2762 4573
1501 4394
3181 5802
3049 4554
667 1582
2288 3927
2148 2611
452 5430
208 912
679 2380
516 1275
2488 5610
1085 2218
5607 5778
399 628
1054 4807
1134 1946
2028 5065
922 1417
3112 5714
2351 5928
514 5250
506 1119
919 2601
4390 4558
2873 3932
2087 2902
320 3558
557 3859
3798 4095
1564 5645
4666 5445
1404 1511
986 4160
387 2848
593 1745
349 545
2474 3508
1452 3005
460 1912
195 806
1156 2213
1262 1817
1079 1331
2141 5505
675 2641
2864 4507
2618 2622
799 3283
1317 3132
1920 2476
4621 5551
345 395
909 5790
3162 4309
1041 1533
712 720
379 1358
1526 2359
4256 4654
2507 4698
441 677
450 769
779 1732
867 3728
2765 3695
3670 4802
4254 5589
976 2202
760 3359
238 311
822 964
1203 1206
1237 3566
2213 4905
1419 3201
297 849
1002 1461
1004 5625
1215 2440
307 1985
4970 5346
519 1407
488 694
195 3233
3430 3870
578 2176
1973 5889
2090 2121
237 352
1645 3477
2925 4286
3295 3720
363 4308
615 824
1557 3367
3785 4244
461 608
973 2799
1473 3145
3914 5814
522 1152
3127 3428
317 3282
1981 2814
3571 4560
96 123
287 779
1105 3485
1149 4908
631 5525
4422 5434
1537 3810
2772 3341
1272 4551
502 1327
2785 5879
469 910
799 4998
493 1872
531 1110
2107 3581
296 733
441 2102
41 47
4051 5332
1272 1508
543 2726
3506 4966
1222 4709
4765 5988
584 4468
532 4265
1634 3263
3789 5583
1109 1267
4923 5253
396 831
622 1576
2826 5536
524 1014
1347 2884
658 3043
279 4564
1302 4534
5124 5817
2710 2864
2291 4292
2640 4816
1872 4438
530 4380
434 2040
2077 3077
290 527
1087 1437
5031 5756
2540 3416
682 1315
646 2388
2159 2319
2447 4707
2895 3920
2463 3833
2284 3069
790 5182
223 776
2576 5774
1753 2737
1320 5001
247 2052
788 2137
990 2815
1958 2516
3777 5760
2243 4658
1003 2661
1765 2941
4046 4461
946 1059
763 1080
401 2324
4895 5457
1439 4015
441 978
182 499
995 4106
517 2839
253 4692
406 642
1220 3182
605 758
3200 3655
541 1925
439 670
662 1183
2669 3267
213 336
1757 2312
624 3952
57 69
2248 2873
1224 2811
3104 3355
1187 1604
1529 1581
4603 5635
25 123
1777 1955
2478 5463
1025 2826
288 314
2185 5617
876 1424
372 5215
1136 1615
305 511
3060 5641
3818 4799
262 671
585 3864
990 2283
274 295
1324 2643
727 1079
1752 1762
1127 4076
1528 1832
235 418
2427 5296
685 1560
251 1355
501 767
551 780
1267 3593
4591 5992
253 2126
251 631
920 3885
663 1132
191 5310
1419 4004
266 3617
1535 3777
1771 2504
665 5613
4951 5044
149 161
4008 5008
1592 4043
1144 3516
2727 4599
2609 3437
1793 5593
436 4134
4381 4503
1901 2294
3312 4473
1173 1835
798 3169
1477 5255
2225 5404
3055 4479
1613 3913
2498 3785
230 549
575 3875
191 865
1585 5067
823 2827
1889 4127
1352 2160
295 505
213 1214
2665 5360
350 539
2427 3028
2174 2627
683 1084
165 856
1224 3159
58 95
1726 3285
993 4028
2372 4822
461 696
1308 5827
431 1585
4247 5651
1178 2996
2842 5424
155 517
3063 3083
3489 5983
1629 2903
1527 1719
1710 2768
2052 3802
4529 5622
2306 2982
687 1077
276 1728
1681 2933
1732 5898
3202 4906
3489 5647
3392 4241
1547 1879
296 990
2538 2801
1134 1285
3796 4742
2443 2793
4714 4720
1269 1364
3868 4011
677 2450
2626 4733
808 4928
4360 5125
136 139
3550 5783
559 977
1931 3102
1607 3824
2315 5165
963 5740
1781 4875
4938 5438
4007 5779
436 4326
4061 5786
214 805
1047 3244
928 2360
1889 3027
234 2208
281 525
1230 2603
821 3144
405 3905
2845 4862
256 533
454 4537
152 166
451 702
153 359
526 2658
2290 4209
657 5843
266 3060
2139 3989
2087 2987
1565 5209
363 382
1827 3301
1218 4102
1611 2287
4109 4239
182 435
639 891
255 565
1971 2314
3417 5878
3649 4364
1749 3603
213 244
1653 2568
419 2621
2774 5612
3392 4029
211 416
238 735
2482 4002
3065 5747
3014 5710
3604 4886
586 1836
2360 3974
1113 1789
295 775
476 3292
4566 5131
3096 4718
513 3361
861 3826
921 5244
164 201
1550 1690
3696 4386
2665 4117
472 943
3778 4274
1214 4498
4087 5771
306 1067
449 1299
300 2879
3426 5627
1292 2243
149 973
450 3588
349 5070
3903 5973
49 50
3376 5080
227 5729
913 2499
5244 5399
672 1558
1819 3630
2581 2796
938 3651
3336 5828
2882 2896
887 4749
238 444
199 749
2268 2810
1336 2721
1310 4909
452 620
2799 3054
1833 1842
1206 1813
170 3047
220 789
1280 3909
967 1271
4493 5153
2461 3998
3119 3782
2275 2459
1214 5764
1396 2145
382 2847
1685 3631
418 5229
398 757
4091 5338
1265 2169
642 2399
290 1438
428 1994
170 207
4455 4810
1899 1960
164 172
3301 4246
269 879
188 2689
2151 4441
1384 5199
337 2845
1152 1703
2763 4572
664 2493
417 616
2025 2481
3126 3426
1898 4165
4121 4492
3670 3678
531 3958
1523 2381
1176 1602
616 1022
2678 3010
1884 5101
198 257
1794 2369
884 3787
1052 2296
3567 5111
1031 2271
1452 5377
588 754
3359 4385
788 2763
2020 4124
665 3351
849 2144
1318 2805
223 234
1120 2163
1590 5306
371 2018
2334 2748
888 1072
1452 2469
1000 3751
190 541
855 3515
2731 4249
3056 5452
974 5798
354 711
2611 5383
274 762
201 396
718 1023
2189 2379
390 3332
622 864
112 131
1897 5140
574 4991
3820 3896
2578 3114
1956 3736
1880 4689
1311 3906
171 4628
998 3290
1043 3750
5160 5721
1124 4180
534 5411
1768 2155
2986 3854
419 1056
1199 2226
1133 1588
436 2975
319 1176
1935 4142
1468 2764
4717 5097
495 2877
3846 3938
3631 4284
3349 4368
2266 4880
1873 2732
6 92
645 3164
2300 2665
4927 5512
898 3403
1134 5669
1127 1545
1029 5482
1160 1517
1100 2165
1346 2140
553 986
742 3492
3785 4612
3039 3954
114 146
1566 1567
4432 4847
1035 3349
4096 4759
1107 2615
266 747
2893 3186
193 2740
280 2035
1 60
633 5967
712 2632
1931 4945
106 127
791 3829
1412 2108
2037 5489
1332 2038
2468 2875
1225 2239
1791 1885
2158 3616
1356 1457
707 1767
713 783
690 2407
598 1287
1379 1739
409 5793
425 1647
2344 4216
1980 3538
450 701
175 179
1885 5716
14 83
1156 5398
2192 2339
521 1870
594 2131
1604 2670
3043 3622
878 1209
856 5962
1940 2269
366 1281
213 4584
304 737
3398 4678
47 137
1896 4464
1203 3546
165 377
195 1078
2115 3108
1206 1242
3283 3809
2591 4887
4286 4869
619 709
2761 3578
1654 5193
2106 4387
1985 5586
4309 5353
696 3421
221 974
694 2343
341 4049
4485 5761
1220 1662
318 1825
261 4393
1227 1890
2011 3405
375 560
4643 5301
252 529
4357 5275
1272 2945
72 105
495 5904
3162 3506
478 509
2901 3577
361 378
198 2685
992 3589
935 1829
1148 3248
1187 5767
3701 5369
1512 5096
3613 3895
781 3439
52 59
785 5287
580 615
638 1509
1186 2353
568 3153
3238 3521
3589 5738
709 1148
649 5264
440 515
1326 1908
2303 2669
2128 2518
1982 3925
1071 2890
837 2316
1347 2025
1291 4097
3721 4018
949 1499
3119 3786
4474 5267
1686 1821
2166 5194
779 1288
2652 5013
4871 5733
150 203
2982 3988
1247 2042
2216 5944
4883 4960
652 1140
1310 4690
3983 5108
4523 5058
1562 4099
1784 5555
500 1552
2350 2870
1844 2366
370 2980
53 57
488 2005
1946 3822
2192 2963
2424 4912
573 3090
4172 4619
408 1052
723 1900
1630 2515
3450 4652
920 1938
830 3086
409 5932
2378 4155
557 2197
2549 5214
1277 2618
206 3448
1437 2372
1153 2268
3429 4705
577 3231
1046 2956
3859 4843
159 2177
2664 2932
289 777
742 3672
676 2806
449 1202
1110 1867
765 2194
3111 4261
3022 5023
2087 2597
1295 2122
1128 1953
2671 3761
393 991
2661 3434
624 4673
101 110
1142 2086
736 872
428 3208
659 4850
2999 4407
185 641
1094 1114
283 800
157 162
5225 5853
1805 2712
3961 4696
941 1380
3188 4423
1393 3246
1998 4257
3476 5027
2612 2753
2590 3949
1895 3199
1281 2264
2998 5830
998 4412
2528 5050
1723 4518
936 2614
1486 3565
1257 5477
594 1755
2979 5212
906 2055
620 4898
1012 5136
1606 1863
442 787
2086 4270
845 2013
2951 4408
319 528
1339 3799
785 918
1439 3562
1023 1135
856 2251
1514 2883
887 1518
1003 4418
1015 3247
211 2087
1321 1731
2607 4069
3355 4444
878 2024
1184 4938
358 956
1671 5026
181 208
1222 1882
395 419
3031 4976
5366 5483
4679 4983
3842 4830
328 1548
1668 3002
1150 1200
2694 5349
2128 2189
509 1235
1202 1881
525 649
1275 2484
1479 5781
390 1063
2026 5052
2432 5681
1432 1550
4149 4804
2550 4378
214 4122
2225 2598
2213 5357
2113 4571
550 1186
4942 5608
410 5504
928 2104
2989 4480
1900 2543
3035 5448
187 263
1217 4688
3714 4864
2948 3245
1507 2227
215 256
2522 4123
1658 2198
5 51
4272 4824
1052 2111
163 4366
3157 4075
99 110
2714 4281
3220 5662
4925 5407
421 5005
1553 3474
2227 2427
1677 1894
777 2124
4638 4841
76 103
2083 2861
1123 3103
188 5782
3395 4486
1130 2519
1168 5121
1952 2299
290 1759
548 5656
463 1128
4534 5882
1997 3286
3540 5513
219 488
185 1164
3658 3771
839 2096
1969 3573
2721 5062
2618 4710
125 139
600 895
2360 4653
1736 3004
3000 3551
3426 4650
534 971
1275 2507
3070 4977
1613 2792
378 1965
346 489
3 100
1287 1901
1956 2182
5349 5824
1984 3085
176 3070
869 3872
520 561
191 782
1296 1849
1199 5054
1931 2549
1908 4762
1874 3653
526 833
3437 4962
902 5047
441 1277
102 110
120 141
293 339
1514 1924
228 2240
170 316
363 1805
236 455
1873 2378
1333 3463
2069 2529
468 1040
272 761
1644 1972
2591 4146
1161 1833
3716 5289
2571 2838
3053 3740
270 3710
361 4118
3998 5851
1420 1599
769 5607
1815 4927
288 877
1025 1621
239 952
159 526
923 1280
3917 4145
1309 3811
436 2831
1770 4511
3152 5921
780 4416
460 512
744 5040
1189 5102
2134 4457
1554 1816
352 397
60 119
1260 5674
359 1409
85 147
135 141
385 472
2334 3000
1840 2485
498 5726
1306 1566
598 1031
1124 1932
1467 3943
3307 4771
1984 5753
634 1372
1097 1129
1491 4853
658 2994
4106 4675
303 839
1281 3871
2724 2800
746 3422
278 1654
299 1655
1289 5867
1433 2681
349 766
1557 1799
2308 3893
503 2280
213 305
257 261
217 228
881 4714
1702 2082
1577 3396
4860 5558
945 2103
589 1931
471 3553
185 216
988 3187
805 2123
148 2335
326 1783
2445 3257
38 146
4947 5495
4703 5436
547 1371
450 897
3154 4563
205 380
2500 4659
184 3819
189 552
253 405
395 1090
726 3660
1102 4296
382 4482
1004 5541
330 1270
2220 2392
4441 4940
1984 4500
899 5650
3518 5500
903 1197
914 1676
1049 3763
247 351
156 175
1794 5423
1555 2037
1111 2141
4542 4687
506 2604
290 945
496 3194
845 1068
529 635
4182 4232
175 404
1304 4331
642 861
3712 3894
399 1527
1306 2051
2066 4547
691 5359
615 3242
2277 4629
3041 5370
2480 3475
2633 3633
270 3348
377 1804
2728 2754
988 1019
444 3057
1084 4636
600 3798
1360 1854
213 727
171 3994
2041 3369
1615 3183
418 804
1446 1669
969 1824
3819 4162
2444 5653
1330 3073
864 5758
2980 4943
2097 4098
5475 5999
1236 1467
1299 2734
3962 4248
1265 3560
318 436
854 899
267 1812
188 198
613 2101
604 1753
416 2779
733 5776
1888 2398
1108 2286
1360 2937
1621 2662
2786 4186
3349 3821
1695 1898
3404 4795
2790 5529
3025 3092
280 2181
476 629
250 1725
1409 1628
1882 3965
1670 3134
749 1520
460 797
361 904
1940 2463
1420 3554
1507 2749
931 2569
701 2594
446 502
247 363
617 1049
2800 5768
241 1101
268 1029
761 2451
1196 3225
5079 5839
1518 3628
340 4013
866 4143
176 476
1255 2309
1524 1677
935 5931
1013 1051
2207 2834
397 4973
2132 5311
2164 3213
4530 4600
251 630
826 5135
1778 5317
201 2410
1550 3561
1330 3228
7 32
544 740
1330 1483
3468 5099
592 1025
256 1532
483 3483
3119 4403
902 1296
1952 2328
181 2850
428 1322
517 3519
994 2233
1184 5082
1496 1515
4527 5092
2643 2677
148 169
1133 1937
1243 1884
2668 5533
2029 3888
1570 4506
1347 5869
4815 5742
4445 5939
626 855
439 894
1111 1495
3342 5664
1863 5094
307 889
1984 3071
3147 4189
2878 4585
1436 5405
1536 5780
1838 5113
652 4520
164 3671
401 579
1192 1749
879 1463
524 5056
1176 5327
2010 4313
2188 2719
1789 4751
75 141
617 3137
40 110
2597 5909
1898 3163
298 558
791 5420
215 1486
2352 3122
255 2345
369 814
3550 4525
321 1378
300 854
1124 5020
936 3003
314 484
2601 3874
758 955
1121 3679
565 1452
3904 5797
1148 1664
968 1018
245 583
468 2844
528 5577
994 2004
1384 2480
1692 1774
845 1651
3453 3595
443 4114
197 272
407 2832
2705 3950
2466 2566
1091 1344
227 742
4400 5137
2585 2856
173 663
1881 4791
363 729
3391 3683
1875 2420
3370 5012
2974 3375
1086 3841
962 1649
1647 1730
1514 3393
164 673
220 3061
713 1105
220 1173
1309 1464
396 3916
289 785
1697 1958
1220 2637
161 1451
2462 3154
1803 2642
242 3657
156 158
159 2430
223 1193
156 1473
1719 5120
1767 5971
241 2576
1382 4937
2446 5175
1824 3865
1201 1605
3653 3991
3519 3923
527 4913
4168 4761
2264 5298
2362 3459
5814 5891
4440 4722
928 5644
5549 5804
193 219
513 2223
884 5155
496 2709
1612 4889
1557 2852
602 888
1698 2758
1045 4566
1380 2821
173 180
681 1222
1284 4417
4699 5935
1304 4293
621 947
2600 5895
837 3388
1642 1705
2480 3533
1081 4735
3277 4003
762 1089
3323 5220
156 497
4 88
3190 5187
198 1305
2670 3353
2291 3783
3049 3665
3080 4041
1441 2212
2484 3641
3682 4881
673 5474
3583 4381
962 1215
1594 4455
740 1718
1867 3458
626 4073
964 1721
222 1563
4768 5985
1486 4672
281 4700
3543 5433
1079 1298
1513 2331
1986 4513
1912 3980
2662 5184
292 300
177 1922
1241 1310
156 5750
292 2225
2469 3407
1836 1888
230 4276
337 2757
2174 5885
2580 2991
1304 1583
398 2892
2524 5934
1457 1462
1415 2289
1091 3848
709 2411
3914 5224
860 5711
1693 3911
333 3443
306 490
884 4856
5752 5946
84 98
1326 1757
872 3158
324 415
251 1033
219 5941
499 2500
2043 4915
391 1431
255 1195
330 337
752 4081
2019 2054
271 665
746 2820
338 353
3532 4823
2270 4755
244 327
3337 4784
1604 2272
154 268
701 2739
1290 2098
623 1843
2870 3251
3396 3707
847 5614
213 2759
843 4578
335 507
1259 3450
2893 3404
2522 5611
158 164
787 1223
1173 4449
2921 4419
4475 5345
603 676
240 260
3356 5833
1076 2904
4067 4260
910 5596
2937 5570
3314 4872
2335 3468
3175 3196
42 43
2892 4493
1160 3430
294 796
3655 5684
2936 3891
2801 4979
1950 2308
1576 5334
3427 4877
2033 3464
610 1765
4976 5916
1720 2853
421 470
2285 4691
178 464
2529 3310
702 917
4698 5385
1528 5297
1973 3295
433 1589
1047 3311
342 2710
745 3962
3750 3760
954 1434
868 5038
2840 3230
1808 5907
3363 4045
1309 5954
3342 3654
2830 3198
1811 3823
4021 5559
1474 1999
1003 1139
419 4077
1554 1822
480 5901
1545 3478
4453 5352
685 1109
378 684
2257 2731
1966 2000
280 1929
666 3646
913 1091
543 2728
2551 3294
4529 4882
892 3195
2296 4895
387 2147
886 3924
356 1073
1207 3011
906 1218
968 3666
1566 4818
799 1028
322 335
179 1340
1119 1740
559 1141
79 128
734 2915
209 2073
168 640
5521 5987
656 1184
3244 3323
2260 4161
23 110
476 611
3549 5897
284 1419
486 1256
1107 5388
1803 4047
850 1097
95 107
2226 5331
3589 5380
917 5566
576 2578
2072 3883
1085 3627
2497 3862
3354 5930
206 255
509 4059
710 1754
153 2577
3001 4793
576 5127
2243 3527
1584 5873
1269 1887
2569 3877
1564 5821
438 468
1740 2321
643 3431
279 5723
400 573
21 119
1311 1397
3794 5703
832 2092
1379 2708
488 961
407 1950
1913 3990
180 3278
1753 4318
1780 2241
2390 2648
442 1226
388 571
543 4340
5160 5549
3205 4736
508 2752
176 4660
832 1161
507 556
1368 3138
2646 2655
352 5379
1070 2438
3930 4774
48 63
1907 4574
742 1963
229 367
2068 2744
198 5631
4481 4728
2176 3176
208 211
4032 4546
681 2432
2055 3226
865 2766
320 987
2439 3406
454 4703
356 657
2620 3942
597 728
739 2327
3348 4282
3250 5826
4515 5748
1405 4242
1662 3031
28 86
362 715
1735 2154
1287 1470
314 660
1407 2955
1871 2313
1315 2320
651 1644
3325 3791
3048 5260
5004 5249
1159 1283
285 3567
2473 5691
255 2976
446 719
2957 3395
1322 1404
838 2772
1684 2349
3381 4034
1064 2473
749 1263
88 99
347 5702
1990 4487
651 3358
3258 3941
787 1411
507 5491
1200 2646
705 5927
5305 5552
1693 5582
1003 5807
3888 4348
1710 5572
1210 4421
235 423
948 3632
682 1974
2274 2572
1892 3537
994 5154
182 196
898 5235
1962 2617
716 4829
2708 5469
899 4199
172 2258
2498 3788
595 843
4980 5724
2423 3599
2461 3125
189 4582
2293 3685
239 1032
5940 5950
324 1444
481 1289
262 453
2307 3177
381 4994
733 1707
3507 5024
901 3552
908 1180
2097 2905
716 2581
236 1466
3819 4205
4600 5652
407 429
1020 2686
2799 4233
1672 1675
3907 4187
5374 5732
500 1594
386 542
193 1240
247 1681
183 756
728 2153
1064 1814
1038 3975
2098 5476
1496 3800
3032 5276
1133 1764
481 1893
3326 5273
381 624
374 1111
1598 5417
2276 2612
2490 3297
755 3948
655 1857
4115 5318
2428 3509
196 3079
1629 2471
3096 4717
262 349
460 1617
708 930
495 3399
564 1807
1670 3709
935 1144
2225 5785
3966 5752
1215 4460
2451 2477
201 845
4435 5860
2275 3328
1174 5511
207 407
724 2039
115 119
1723 2301
280 870
1168 4992
1132 1314
5179 5948
2642 5295
1154 1163
1403 1435
236 239
1427 1487
2362 4891
400 3520
2539 5442
771 4178
1284 1573
127 141
1858 5492
772 821
644 925
644 1414
2421 2954
245 460
2861 5201
4002 4063
288 471
4824 5739
1227 3661
868 1976
168 1956
3672 5171
984 5280
604 1785
1946 4727
867 5223
3310 3790
1073 3387
1637 3899
258 469
2287 2653
162 4639
546 1410
2491 2533
667 2672
3373 4315
353 2486
2433 3530
410 650
1437 2175
1005 1205
309 626
3803 5713
716 3379
1040 2419
474 535
2463 5850
305 975
2795 5846
1562 1967
3196 3711
445 658
328 1153
172 173
3473 4685
321 3766
4926 5241
479 5078
797 1714
3343 3502
645 3318
453 3202
2506 5564
902 2203
198 2482
626 928
524 622
2478 2725
254 1203
1360 3446
1937 3307
389 669
996 2298
280 409
1633 2209
3607 4303
4149 4350
1846 2090
756 765
263 324
682 936
1488 1869
4974 5386
1968 2021
285 439
1863 2959
626 909
3764 4111
1199 5598
820 1227
1991 5207
181 280
602 830
368 431
2327 2408
455 764
2390 4006
3054 5272
533 1771
586 5603
2723 3682
210 501
2898 4159
670 1568
2045 3013
742 807
1692 2019
846 3123
1429 3820
231 356
1592 4414
935 1723
1237 1300
961 1026
710 1392
389 4984
3621 4591
2835 3383
1653 1820
1951 5887
1003 2769
243 1354
3049 3166
4303 5192
168 850
1683 5792
362 393
1490 2527
403 504
1697 5730
715 5014
262 2524
187 2907
2790 4773
1278 2010
871 3792
388 4785
705 1865
3545 5075
3831 4035
1612 3211
204 798
1153 1381
628 949
1005 2556
2047 5957
2036 3097
348 4702
2140 4337
2104 2357
208 214
2014 3165
4229 5300
526 2191
622 994
423 4302
1734 1910
2053 3976
2776 3065
595 921
221 5393
4568 4974
268 1838
2754 2992
1005 4601
909 5568
151 245
1157 4050
251 1213
1976 5181
1558 4953
1132 1634
1512 5465
965 2444
3849 5924
2083 3715
1388 3020
684 2555
3980 4135
313 3016
606 1997
2548 2657
1247 2072
5388 5810
4478 5553
1839 2156
192 238
2585 3698
744 3917
4100 5991
1636 2589
3791 5283
497 1768
1393 4273
4137 5960
613 5637
1485 3970
1664 2344
2150 3205
2116 3693
3109 4859
1518 3139
1183 1569
802 2434
4938 5341
4056 4477
1626 2260
2242 3277
3057 3755
2521 3818
304 1574
2185 3587
281 1610
1623 2415
229 3642
1644 3834
711 3345
1386 3580
1970 3762
1066 3236
405 3708
795 2691
1942 2259
2940 4070
1623 5400
593 643
374 604
404 451
3565 5800
1803 4721
1088 1637
517 1352
4606 5765
239 1671
1197 1772
1593 1886
286 948
286 572
2079 2921
687 825
131 147
1452 2365
3394 4033
1640 2636
4320 5704
5181 5543
211 612
170 751
263 4897
1139 3684
667 2935
231 589
2395 2918
2866 5340
3065 4053
317 321
1884 1915
643 5063
467 2609
509 3479
5459 5857
882 4439
391 1048
1330 1342
3373 5618
307 5687
3948 4220
166 293
318 1351
262 345
1202 4671
749 1199
4770 4941
970 980
2856 5098
1136 2133
1069 3647
1875 4719
1410 2456
394 4400
2144 3582
2973 2997
2872 4301
487 1116
329 1307
161 227
394 841
1703 2872
613 907
5195 5749
1182 4681
1824 2143
296 4796
68 123
405 1855
632 4961
401 890
803 2341
1349 2401
612 1127
492 588
2467 2650
1976 4195
2234 3120
610 3973
1805 1906
3278 4194
3365 3391
366 1593
372 1292
4045 4148
1414 3364
5369 5899
1488 4896
1787 3041
1979 3373
538 3652
371 884
4697 5847
2300 5071
1691 1979
3661 4125
2452 4825
806 3805
4152 5575
183 186
505 570
3936 5421
1733 3971
2824 3333
3363 4933
4137 4868
2355 4206
326 1991
303 2563
657 1178
272 1868
456 3255
473 594
2214 2521
589 2916
1673 2091
1519 2802
3154 3216
257 607
1290 1698
1740 5237
342 2940
877 4965
2918 3126
1764 5440
1861 5342
745 768
4352 5395
4033 5632
743 1017
251 2374
934 1708
396 613
2280 4093
2402 3780
1378 3513
1686 2164
194 697
1128 1747
900 5718
151 153
204 273
3393 4026
3246 5913
1638 2250
780 4341
258 4668
2795 3535
465 537
5569 5671
420 2461
1217 1254
297 473
1352 1609
1406 1624
186 2587
4316 5118
928 1687
674 942
1471 4110
1224 1421
265 5540
2753 3626
2333 5185
2647 3732
4560 5444
449 1786
2515 3858
1884 4471
3830 5571
2259 2435
476 2107
178 3869
202 563
301 2248
999 2774
226 231
1608 2409
431 2081
197 2085
1526 2134
448 3886
3031 3637
2823 5087
1126 3030
2138 2297
1602 4567
1472 1779
153 4854
4187 4355
408 933
4089 4410
899 3956
553 2237
2930 4448
1069 1535
4700 5775
2236 4345
635 2373
634 4894
2096 3150
1932 3046
1656 4508
1992 4472
3581 4878
421 5356
529 718
1514 2600
3863 4413
368 5141
1095 4164
427 584
178 941
485 5204
1369 1504
471 1399
1986 2172
687 3873
291 320
3313 5720
490 1323
792 960
685 1743
623 1699
198 379
236 331
3347 3461
427 876
1649 5787
3052 5854
3921 5116
2578 5191
1780 4443
654 1282
870 4067
3624 4008
220 5123
608 4598
567 2076
563 578
4815 5595
2490 2846
56 144
317 3309
211 2460
4814 4929
267 388
2201 5041
210 213
572 871
1667 2574
587 1889
622 4074
2176 3015
175 200
2244 2453
3570 4947
1923 3284
1675 5677
638 792
1575 3441
2266 5189
5435 5734
525 5372
2711 3734
1425 4245
2698 3648
1007 3462
1110 3412
674 946
1973 2645
1342 3076
1909 4935
770 911
480 1905
1300 3801
226 329
2156 5109
498 4491
240 1531
2854 5556
3657 5796
252 315
3183 4176
284 967
1208 4427
1987 3365
267 303
993 4919
386 638
240 3040
1825 4329
1085 2623
1055 4530
4360 5472
335 5439
173 355
5178 5910
1453 3745
754 1155
3148 3620
3641 5805
351 1564
999 4695
258 1010
1642 3271
521 913
200 548
1000 2274
1769 5600
684 1170
1846 4343
2222 5238
385 647
2872 4565
4013 5984
1080 1880
892 1126
751 4583
711 1042
1020 1439
448 5083
769 1060
1950 2095
797 934
996 3105
940 1788
479 3838
552 3574
3025 4108
933 1243
826 1781
584 3223
105 120
1990 2534
5117 5578
194 989
2002 3613
830 1806
1032 2817
1589 2129
4487 4861
3536 4970
409 793
280 474
1095 1701
66 117
2585 2816
2217 3058
712 2032
1089 4022
1223 2546
301 1440
1572 5186
343 681
1292 2377
675 1258
557 591
1869 5150
3363 4767
1733 1823
747 842
2461 5240
205 3425
1346 1616
3121 3884
1578 2948
790 883
1879 2390
1120 3249
722 3723
789 1098
1252 2878
1938 2047
771 998
318 1748
883 1145
846 3091
1790 4723
816 4602
1819 5402
412 699
500 3635
1785 5701
3273 4289
1432 5110
783 4605
1767 5000
3792 4173
215 3062
1121 1496
929 1795
81 116
859 2882
2501 3067
175 932
397 5242
939 3305
952 2522
2106 3488
285 4051
3968 4032
224 2196
3658 4874
481 1219
4217 4975
1432 5870
2643 4052
576 2983
5264 5588
838 887
236 299
1245 1933
2233 2334
4382 5803
1615 3621
1165 1815
149 859
63 73
566 5019
2343 3585
3110 4871
1457 4327
1319 1423
938 3964
452 969
718 5218
2964 5335
2379 3656
1330 3001
82 112
389 688
2424 4510
262 319
165 1012
493 2660
3216 4094
205 1107
3604 5037
1275 1311
582 1157
720 972
423 1251
282 291
2575 3436
2565 5554
5272 5373
527 531
2470 2517
539 808
1785 2683
1304 2684
855 4030
180 313
4633 5337
2340 4406
1699 5975
154 189
3780 3939
2788 3982
2390 5179
1347 2547
4195 4396
1316 1353
1312 5844
1142 1317
5023 5266
557 634
416 1313
2563 4463
1154 1689
313 389
368 903
669 1291
1010 5602
1668 5958
3257 3670
1577 1638
976 1106
3383 3947
3997 4595
455 627
167 258
3389 3658
967 2257
885 3110
1596 3712
2536 4328
856 920
194 438
666 2871
394 3625
350 953
1307 4972
967 5396
2664 5493
2445 4981
2534 3876
461 5048
3154 5842
2937 4025
1604 4362
1833 5084
184 520
262 4939
182 233
2123 2277
133 143
633 1491
4064 5994
461 2629
376 3466
3049 4192
4431 4748
1945 2520
139 144
2258 2554
545 3467
2054 3600
1455 3262
1903 2323
3864 5031
1506 5387
4241 5232
2667 4489
4049 5473
1314 1385
973 2930
370 1715
235 287
383 590
518 524
338 3557
2276 4496
1547 2857
599 2200
3378 4214
174 3029
2678 3427
4338 5574
2402 3335
1345 1591
856 5198
2113 5401
1166 5117
1261 1793
1335 5980
1440 2678
3363 4358
1774 2501
2709 4305
2448 2695
70 97
282 4950
2762 5855
590 981
603 5755
1842 2506
694 1346
1524 1710
1366 3127
2314 4732
786 868
1818 3636
345 428
2290 4936
1460 2770
566 4930
1141 4782
1704 2592
1584 3967
1336 3881
558 4715
5103 5871
3196 4062
2910 3662
375 3550
1759 3470
1095 1920
189 344
1233 2252
3136 3928
1382 3987
1319 2166
1360 1391
33 134
4989 5949
246 1935
814 2385
3531 4809
5880 5900
2912 3797
608 2619
2548 2950
2359 3269
1081 5735
1571 4307
4845 5413
803 5304
229 410
3344 4140
494 1224
2085 3162
776 1536
2643 3424
1163 2305
1563 5163
4311 5852
3970 4645
2894 3051
183 237
1150 1430
1539 2474
168 307
1496 4701
747 2325
4375 4951
186 3253
168 1013
2510 4198
560 1293
1037 5208
3136 4640
297 801
4011 5815
1773 3570
1071 1580
584 1268
3365 3856
208 1598
2612 4570
5126 5392
382 5676
4083 4664
1085 5861
915 1873
222 241
1964 5115
2857 4594
2659 5978
2978 5696
407 940
1829 5896
1702 3993
3949 4559
871 1418
274 411
340 448
277 2080
2011 3765
808 4632
815 922
612 3496
703 4990
2567 3748
3395 3526
236 366
1531 1539
1699 4360
1066 3053
894 3486
2428 2966
572 574
1504 4516
13 136
263 617
5013 5168
3485 5343
2499 2593
1957 2074
1862 3866
637 2099
188 252
1663 4225
1185 3694
984 1645
710 823
1194 1374
2556 3381
678 1252
726 1945
978 3997
3595 4212
315 937
4183 5042
1460 1642
1713 4651
393 536
550 3042
869 1969
291 302
267 343
1209 1441
714 1377
726 1142
1576 2413
522 1341
1172 5784
172 188
666 4342
319 3180
4961 5835
623 3276
3409 4087
937 4661
2725 4021
2176 5160
1716 2364
309 2284
1368 1459
2083 5947
1943 2029
2426 3494
821 1694
2576 3049
352 4056
691 3907
2359 3337
5243 5428
969 3547
1844 2503
678 3676
1613 4275
705 5825
356 4803
290 786
538 2825
2235 4478
662 1864
3308 4322
1636 2497
801 1390
957 3193
2579 3037
237 784
2629 4987
863 1631
3562 5679
951 1450
3339 4171
2577 4552
812 1257
1281 1526
2205 2498
2279 3204
1960 2215
629 1118
692 1030
1001 2354
2141 3880
148 152
543 5291
2006 2393
1411 4317
873 4484
198 1442
3370 5514
221 443
1456 2403
1424 1505
522 2235
3405 5903
3184 3719
443 1350
580 1648
250 1778
2070 2743
1527 3454
1475 2640
550 674
2774 3072
218 401
1687 5972
1738 2275
719 1104
97 99
2349 4259
196 278
275 2185
748 1325
1523 2487
460 482
1747 2580
375 1943
2297 4251
1489 1761
1551 3845
2289 4925
892 2813
894 3209
5011 5464
398 3025
635 5233
185 266
502 1959
1136 1559
2878 3260
1611 2159
761 1159
178 330
208 3471
2123 4136
1057 2001
5639 5795
1587 5581
821 2746
478 2310
4129 4918
229 5872
1948 4725
3327 3482
1831 3742
1697 1744
3020 3659
1030 2925
299 2193
2827 2942
518 653
1948 2174
528 4978
849 5502
616 2492
3126 3360
1996 3185
3387 4971
241 4234
2192 3969
1139 5876
2270 4954
1972 2009
360 1998
622 1592
741 5520
157 312
216 259
1636 5095
2249 3930
3198 5036
640 886
217 1652
5475 5678
2991 3095
3026 5427
2076 5390
560 875
3651 4716
846 1003
1653 4504
853 1395
216 2423
1009 1265
5013 5639
2662 3315
1091 2927
3941 4835
1251 1316
1234 2395
2318 5145
1441 3804
987 1514
831 4079
3292 3476
2802 4144
2462 3050
2771 3112
607 4226
872 1601
791 4352
83 89
2120 2561
4414 4549
404 3398
2023 5205
1571 3556
2446 2972
1263 3281
153 250
1113 1349
15 41
630 1357
1480 1513
207 1830
1071 4236
1284 1586
843 2659
3796 3852
4136 4579
1455 2291
1272 2812
2187 3157
326 1207
682 3863
1135 1489
1076 3634
373 5034
206 209
791 5961
1157 1198
842 951
39 134
833 2585
1441 1921
1496 2439
270 2651
1407 2231
4052 4168
1191 2229
3618 4611
3083 5258
4008 4577
119 146
1492 3596
4052 4105
5172 5251
1194 1942
1609 3529
3877 4361
1426 4616
2226 3563
1904 5049
706 4638
1009 1930
667 772
111 137
2659 5996
892 2245
188 4867
2227 4376
3823 4433
165 340
769 3026
1253 2608
564 1034
291 1108
1375 2214
472 606
2332 2544
2409 5089
134 138
1903 3722
2322 3718
2262 4391
1332 2311
2884 3690
2073 2494
1962 4641
265 270
124 134
1163 4813
463 3272
2802 4115
212 1485
521 732
4137 4907
1285 2970
3317 4844
447 1002
2611 5789
330 2063
1524 5261
309 3220
1886 5680
510 1524
2907 3984
2782 4359
37 117
2384 5686
349 682
240 323
1086 2960
69 97
375 3912
2958 4527
2538 3490
2480 2968
312 3898
1877 1961
514 1190
1194 4169
587 3985
263 4758
1093 1646
922 3879
4289 5744
362 2228
355 4072
521 862
310 724
895 3847
660 1984
325 412
805 1328
877 2224
900 2065
1036 3584
1121 3640
276 2295
914 1425
472 4193
1480 3503
884 1717
887 2562
163 176
1003 2346
1231 2425
438 1992
678 691
2335 3148
898 908
2912 4870
484 5394
587 1373
2588 4183
2302 4788
1687 4104
730 5437
3179 3219
984 1632
1221 2078
1421 3481
2525 3996
274 3217
4942 5517
2928 4048
1441 5265
964 1413
3919 5454
1377 4338
468 1337
464 1919
1434 1590
3637 4100
1832 3498
3634 4747
278 543
884 1488
356 5759
2534 2807
3313 3499
1389 3212
1040 1729
1429 4458
488 580
433 4031
1780 3039
603 745
1952 2818
4122 4392
1352 2356
2475 5422
852 1302
2697 2791
1021 4608
1829 2281
2271 2931
173 191
280 1027
1191 1217
3752 4235
309 1633
1386 5045
1887 2139
1502 2183
3390 3650
635 2924
305 361
381 759
1182 1266
1198 3729
3585 5982
558 4336
976 2620
4278 5837
1094 1556
150 199
156 157
4274 5211
277 1130
561 2170
892 1253
1276 2178
2803 3968
3283 3324
910 1702
917 2066
532 2700
3976 5706
755 4789
2716 5902
4518 5629
319 3827
859 5231
1496 2180
672 5526
300 1053
479 2426
149 150
1226 2136
2546 5029
2107 3098
2027 3265
1021 1185
249 3480
1315 1500
618 3902
1833 4485
627 3868
1939 4781
1257 4426
18 31
3806 4254
1160 3887
2449 3074
621 748
152 182
369 1408
1205 3203
1492 3449
201 4539
367 3084
1604 4065
2431 4058
3064 5485
78 147
2922 4208
3609 3840
3060 3410
329 1136
5110 5183
1573 2057
151 1365
447 2279
717 2162
407 564
431 2031
3303 3919
91 139
927 5532
495 2428
1558 5278
2841 4561
674 1069
4251 4562
1474 3629
871 968
4568 4926
738 760
2315 3543
2548 5993
1016 1735
662 4304
396 4734
1007 3491
633 1083
959 1255
1106 5375
232 1021
1317 3717
983 1330
1163 3106
142 148
4276 4517
1043 2489
1711 3354
209 587
956 3329
2509 5544
2796 4397
441 683
756 5081
818 1584
415 2120
773 1382
2284 3116
1995 2911
775 1071
1924 2676
3528 3701
1854 1951
1665 2416
1187 1693
508 1174
1343 3960
4447 5259
736 3254
137 145
166 170
633 662
1004 1113
456 562
2740 3415
595 1840
2612 4684
237 3649
3237 4836
208 4078
2285 5406
5304 5326
3807 5021
2108 2914
753 1982
1303 1388
1637 2551
514 795
1302 1770
161 2307
384 514
2299 3918
1586 3075
1174 3598
975 4618
779 2788
3889 4068
2703 5964
626 4744
422 1501
993 1246
1267 2738
378 532
852 2579
3307 3522
279 1927
855 3124
2551 5974
1989 2761
1556 2929
1494 5920
4301 5737
262 1897
1492 4787
3699 5661
230 247
1223 1284
787 1036
888 1769
1387 2290
564 905
1650 3171
4861 5591
2150 3128
3469 4958
752 1522
2096 3331
154 197
1946 4229
1075 1525
215 391
1614 3078
405 479
236 5806
1079 3224
637 1456
3762 4467
293 1606
1656 5412
3802 5128
1738 1988
4374 5371
2131 5693
251 3597
3690 5263
151 4576
2025 4465
2017 4133
619 900
2163 4797
382 734
1639 2889
2457 5809
427 5105
155 567
2144 4422
3802 4354
241 576
281 1528
2492 2981
1359 2526
169 693
1019 1210
2028 2273
806 3227
945 1194
681 3113
233 1347
379 5107
1700 1712
4210 4325
1536 1683
227 530
765 1926
1618 3697
5080 5688
906 4432
2584 2590
3912 4446
148 149
1381 4000
188 230
207 3908
413 664
420 1050
5032 5522
721 4902
594 1238
2902 4647
2757 5633
2786 5523
617 2541
285 4452
3295 5488
381 1600
882 5675
1707 3289
750 1167
255 2253
253 1607
680 3325
942 3890
3450 3929
156 183
1947 4181
3955 5079
1556 4630
1083 2094
2349 4481
2657 5314
2221 3339
169 881
877 3542
4499 4757
2791 4753
364 414
267 2149
261 338
2169 4357
5466 6000
4883 4952
2393 2720
2319 5668
1357 2895
197 262
262 878
2205 3775
1719 4622
220 310
670 5925
2923 3099
488 1294
436 2913
4791 5460
265 3460
1540 5763
1603 3493
1901 2898
390 835
1362 2891
2753 5849
1711 4910
2241 4320
1115 3287
253 399
703 770
2777 4613
4065 4476
1149 3308
2712 5142
1533 2255
1812 3607
939 2302
1910 5623
2589 3769
2519 4820
402 739
758 3645
738 1232
2229 4502
535 1803
1495 2841
4113 5449
525 5055
383 2322
1680 3068
463 1503
1833 3274
233 712
2290 4997
1535 4555
3512 4453
1825 2105
174 408
3436 5777
4092 4792
780 1851
5485 5615
548 655
413 637
2026 5354
3114 4283
1221 1231
492 5312
3631 4633
239 4615
1356 4550
2058 2707
1884 5812
1356 2118
530 4514
2848 4865
3996 4250
1192 2775
927 1468
763 2663
2042 4121
3805 3817
700 3032
2008 2152
1624 3680
2521 2824
3469 3774
4667 5126
5451 5561
2808 4745
965 1008
4757 4838
92 125
275 661
3273 5294
314 4548
955 3319
1897 2509
916 1237
2878 2949
227 4349
1067 2837
813 2161
1832 2036
1183 2270
3554 4920
3554 4597
219 1094
501 1406
4623 5147
1052 5293
4016 4019
5953 5977
2010 2088
883 1037
1348 1828
2657 3300
1628 1630
117 132
1886 3259
3959 5695
156 500
3123 5177
4085 4128
4376 4777
209 477
2142 3045
263 896
475 1269
979 5324
914 1949
898 2222
2037 2680
4377 4780
2539 3861
984 2682
356 568
1061 1124
556 2352
1128 1429
3773 3836
253 1846
2905 4445
283 4166
917 1986
329 2002
765 2833
3103 5408
1084 1666
3892 4590
1310 2437
1191 1507
2865 3440
333 1827
2368 2909
179 286
2025 2742
2982 4290
155 546
2730 4914
192 2673
773 2465
486 938
2069 5834
915 1549
1489 1896
1839 4174
301 374
668 1212
977 2545
1610 2417
1869 2717
3920 4057
2290 3935
702 5966
2387 5358
223 1011
3933 5906
4538 5918
1111 1165
2730 4955
283 2750
562 5838
1161 5378
1794 2953
4427 5621
386 618
1629 5981
571 5202
3110 4129
1717 4196
264 326
796 3808
2817 3152
1056 3835
652 970
2687 5043
4093 5908
3714 5599
2127 2702
894 2849
3316 4779
2749 4429
484 1663
957 4156
1559 2472
301 452
1698 2470
3198 3394
5006 5630
874 2564
167 1370
2006 5468
1294 5836
1967 2488
1398 5569
213 999
12 139
318 1541
824 1636
3672 4986
1367 3055
2923 3418
2056 4544
2521 4055
1962 2897
1711 2703
637 4980
864 4312
2672 2998
415 4202
838 983
690 1798
222 1074
2003 2204
1524 4277
581 1047
1592 3675
1064 1320
1779 1877
607 929
244 4420
354 2919
1869 1923
3519 3772
3471 3688
1091 2188
3542 5072
1126 2785
651 3575
1001 1264
2183 4614
295 1766
2130 3160
649 2605
981 1903
2624 4009
1728 4589
254 3417
1558 2667
1063 3056
4868 5172
384 1151
652 3344
1585 4540
552 1472
1083 2999
2076 3663
546 2342
535 597
1348 3904
856 1595
3147 4811
2473 3455
1849 3314
1181 5990
4330 5507
594 1360
611 3738
659 2167
623 4324
177 181
1371 5673
1269 2205
479 1179
2105 2151
723 1613
3373 3512
294 1062
3406 3882
3012 3664
2049 4154
420 2606
1647 1978
367 710
284 2835
4257 5350
4110 5323
634 1333
161 1343
3084 4828
454 577
1511 2351
1422 2988
1474 1571
2156 3878
249 1939
4131 5057
242 1326
423 441
4720 5700
103 114
829 1054
1414 2733
2382 2441
210 863
3878 4462
2501 5494
272 3549
149 168
378 1481
981 2634
1525 2015
445 1064
1332 2867
617 2727
1464 1474
981 5956
2360 4109
228 1678
925 5339
3367 3372
2916 4606
1940 2276
1880 3304
1004 3273
2692 5015
222 2303
149 156
386 1448
434 3730
375 544
367 788
5517 5858
939 1045
460 1172
2802 3133
784 2391
1161 4669
2086 2387
1539 4119
5559 5770
1896 5035
341 1914
2901 2939
5693 5866
737 2639
1280 3977
1335 2173
4093 4447
395 1741
209 254
404 4090
530 645
2928 5279
1541 1839
517 686
3341 3778
1055 1366
999 5374
150 360
1101 1990
1065 1465
2280 5426
2049 3773
2187 4756
275 457
1612 2119
889 1396
748 4667
1878 2760
435 1784
359 486
2249 2530
3332 3754
437 781
301 413
156 3181
1088 1476
1338 1934
218 547
2156 5164
2462 3034
330 398
3176 5620
1807 4014
149 177
763 997
672 4066
156 217
831 4988
744 5481
1939 2422
1423 1954
526 3571
454 2020
521 2584
1985 5959
965 1650
155 159
595 1540
1416 1907
3665 4311
314 420
3916 4091
1591 2117
270 1336
235 1512
2580 5628
3915 4610
1072 2535
5894 5955
1547 2371
20 63
161 206
45 123
2620 3432
1962 3959
4688 5200
543 5146
1408 2692
595 1420
396 4024
564 1639
4131 5290
2671 3559
615 3739
4280 4535
1582 5104
1253 2022
3622 4739
1880 4944
1901 2860
287 369
312 652
867 4298
2896 5594
1983 3497
2038 2716
5034 5269
811 1578
2209 5007
567 3704
318 2756
1423 3914
2346 3119
1711 2602
544 5376
3140 4152
1240 4425
1073 4922
3326 4363
1292 3857
1077 4682
5294 5510
551 5257
730 866
1624 1981
1523 2067
1141 1685
273 1273
5059 5277
402 2048
745 976
313 333
3758 3794
571 880
4758 5281
1024 1962
198 553
2521 2765
163 306
2875 3111
1011 4999
4177 5382
2766 5074
912 2058
471 2674
4751 5484
3329 3784
1704 2688
1216 2336
1028 1066
958 4255
2198 2840
311 2452
2867 3611
1137 4201
5471 5542
287 2537
229 723
1115 2210
2337 3146
2422 4666
94 116
471 2491
2323 4842
220 744
2877 5431
4085 5381
504 1295
1069 1249
807 2318
3593 4103
361 566
809 3457
273 422
1207 1892
159 450
3002 3677
769 813
1700 3814
3476 5573
2505 2741
3579 3945
639 1259
190 205
449 1790
2831 5585
864 1402
150 915
764 811
284 5689
491 3451
2209 2548
1209 1713
671 3540
2416 3555
163 220
1267 3356
825 3831
1158 4596
902 5299
2200 3093
1954 3320
399 1112
711 2267
3489 4505
2628 2723
734 3579
16 126
2902 4046
4014 5832
1371 1760
215 3922
152 481
80 128
1037 2973
321 4543
171 215
874 3207
3324 3781
2676 3689
1343 1422
141 143
2336 4609
1837 5697
270 1384
166 667
1235 1428
274 373
572 2599
795 4931
1117 3368
291 1006
149 163
226 680
3196 3197
512 1537
609 1454
2089 4626
3337 5926
819 3442
294 646
24 136
2404 3044
756 892
766 2034
711 5316
287 803
474 2083
1267 2127
4908 5672
3986 4012
861 3035
485 2261
1171 2304
1433 1688
3047 4623
2768 2887
1290 2016
110 128
521 1189
809 1916
402 1149
1542 3321
2253 5010
289 390
2021 2211
2538 3385
167 178
4665 5616
880 3501
616 5818
1532 3140
2532 4264
719 1446
1329 2531
414 965
2859 4268
4481 4989
401 668
1859 1913
438 498
4690 5741
2123 2944
11 18
276 714
1338 4730
3278 3828
261 2418
269 706
183 284
1263 2125
595 1895
3694 4430
862 2656
484 791
3426 4064
982 1005
725 827
184 4409
250 251
492 3115
273 2934
1573 2582
1608 5717
148 2525
196 692
2011 2804
4783 5170
1021 1058
1040 1543
215 599
1487 1498
1612 2113
775 1318
1606 1989
2781 4297
596 867
843 2220
1158 3699
1876 2317
966 2588
2129 4435
2261 4092
828 2075
3450 3921
992 5707
283 2591
1724 2458
1347 1660
259 687
153 2089
2985 3721
3828 5138
221 3753
1056 5245
1327 2690
1049 2071
2825 3853
2418 3048
839 902
554 639
2176 4258
606 809
1476 2843
1132 1847
705 4680
225 4042
239 265
1353 1691
3919 5389
1034 4893
1553 3279
382 2077
71 124
3757 5501
1068 4490
1745 3644
3836 4207
2 23
1877 5162
17 137
1952 5597
248 1478
623 1398
2013 2842
675 750
1171 1506
281 1220
261 593
594 1622
3179 4440
1871 2265
3860 5923
567 5228
2798 5458
990 2624
1125 2184
5185 5953
369 995
805 852
268 475
937 2475
434 1883
1068 2384
1157 4027
236 2462
1550 2382
255 421
2416 5321
606 659
5098 5917
1113 3934
280 1304
4804 5077
303 341
1183 1262
1247 1957
694 2908
4009 4139
368 523
1701 5486
2978 4901
538 3357
1233 2671
3051 3135
200 695
1422 2790
272 1826
303 317
1755 2711
427 480
354 376
1336 3080
771 3583
1144 1221
3301 4750
990 3813
4169 5225
107 141
214 342
942 1544
408 4706
1341 4949
2236 2679
2045 2635
1330 4699
164 225
365 1247
621 1065
268 417
352 510
2228 5088
2712 3275
2283 2406
174 1244
417 513
416 893
4110 5712
560 2130
1339 2445
1579 5862
3853 4300
2272 3118
267 1204
2266 2794
1390 1492
129 137
691 1001
3724 3915
446 1810
310 4876
296 2613
4071 4082
1143 3702
2482 5727
322 614
151 605
3316 4291
158 675
1509 1802
378 901
1368 3752
374 458
897 1449
734 741
1480 2510
170 2782
77 112
2007 5100
374 465
401 672
1831 2350
2198 5461
801 963
3522 4860
148 185
1959 4499
3166 5403
1382 4399
1426 2979
3254 3539
247 3889
233 1635
3367 4826
420 700
3641 4967
1423 1502
1317 5319
418 1432
703 2736
1617 2762
1294 1577
872 5217
4283 5456
998 5166
1082 1626
594 1272
3991 5414
371 944
1564 5470
668 1620
949 2512
3389 5130
2968 5355
265 3972
4137 4170
1712 3433
1593 5690
996 4800
770 1453
1229 1724
372 1458
571 810
972 4294
205 381
2726 3614
1827 4765
1408 5534
1757 2755
415 425
29 109
2937 4266
650 1134
2116 2789
1530 4334
2384 5819
1888 3815
4193 5033
4233 4794
290 4314
457 1794
2699 5665
159 190
2287 4624
379 1201
5412 5725
1090 2186
148 151
338 3768
2645 3298
2153 3803
1583 3744
2278 4603
3189 3605
359 402
222 362
363 4365
3538 3951
1891 2565
492 698
138 143
981 1791
1632 4036
161 445
2091 5766
1057 5447
217 2863
3327 3867
4152 5173
2255 4588
2959 5159
1688 2696
1432 1667
807 5976
1438 2780
3326 5466
3407 4089
2641 5432
1205 2783
5065 5361
637 1260
2464 5039
664 2288
1436 4834
934 2300
326 3944
1108 2135
174 328
805 2567
738 1082
1485 3612
656 931
272 1359
2650 3413
3981 4016
888 1627
1107 5516
638 1800
192 771
473 551
201 212
1456 4786
2586 5890
1290 4238
946 3343
4077 4131
341 371
1416 1742
299 3121
1892 4219
170 962
758 4620
1125 4054
1056 3175
1557 2142
861 2061
3842 3903
1639 2528
1432 5221
320 1554
1723 1973
234 318
2134 3142
3716 3936
359 708
684 836
287 518
2314 4237
164 2938
1707 5076
2410 3669
164 187
1922 4855
270 432
1219 5188
1365 2885
2865 3408
2960 4760
2494 5888
209 919
4943 5619
1119 1171
231 492
3340 4845
406 2006
515 1977
3594 3897
625 4858
51 132
361 2466
768 1335
2875 3178
1160 1445
295 1125
441 5550
1910 2014
824 2464
2921 2928
198 387
1524 2168
152 4379
1365 2886
22 63
424 494
1578 1858
145 146
2007 4217
586 4401
987 1250
1698 1758
3894 4621
3153 5709
653 847
5523 5801
1817 4179
4806 5416
1780 4519
59 146
215 370
3067 5719
4804 5158
922 1306
807 1303
4890 5933
2123 5745
791 2367
389 5998
1776 3167
312 2989
263 459
841 4390
701 3089
943 1338
4680 4697
156 2394
2970 5655
419 487
1403 1427
2228 3725
242 2697
2442 5222
154 603
1060 1776
916 4627
2138 3569
4464 5626
3411 4656
825 2008
3051 4218
244 746
326 817
2124 5139
1219 4969
74 92
3325 5435
4117 5368
160 1061
159 1297
588 2967
409 3414
256 1216
3670 3674
4268 4389
2114 3979
544 550
1070 1993
2027 4377
728 730
2634 4475
1934 2771
1971 3299
543 3117
1939 2974
1127 2187
791 2043
2945 3081
3068 3266
975 3155
2280 2405
189 1530
2099 3104
2362 2747
765 4805
446 1763
3905 5282
182 1039
392 3435
8 123
1695 4450
2336 4852
140 147
3238 4783
4240 5659
345 703
1090 1570
1158 2542
1228 1862
4327 5841
939 1787
1857 2483
3049 4221
2475 3190
2774 3726
281 1834
1862 1971
351 519
2007 3238
2991 4593
212 1182
543 1516
5102 5811
1476 3392
777 926
1409 3507
460 1239
1867 5762
1264 1546
1815 2809
257 478
221 253
1140 4634
1959 1966
867 985
2604 5348
86 144
373 442
243 296
264 726
3516 5509
347 1115
775 778
4461 5527
61 140
1191 2705
409 3469
938 1160
2514 3291
1439 4177
149 3673
495 828
2672 4497
281 1680
1078 1234
2503 2947
2763 5754
2470 2923
3911 4770
290 5459
347 621
241 249
3198 5397
3584 5450
2347 3619
448 704
425 2400
829 3438
1538 4222
169 1156
3342 5475
2756 3264
1007 1643
3580 4039
3312 3758
1670 2858
2756 3837
192 1818
1318 5252
50 128
2132 5584
3117 4677
342 467
557 3957
567 958
2814 5945
1429 1878
799 4712
2514 5002
149 427
2449 4743
796 914
695 1657
1392 2957
221 282
1733 3961
2271 2893
1270 5219
746 4175
929 4384
2442 4934
3182 5694
2826 3602
1821 2329
4382 4740
636 2644
2613 5683
673 1095
148 192
245 461
1218 2828
1552 4857
1029 2247
1242 2292
1801 2242
1286 3770
2006 4346
945 2337
2932 5073
399 3052
1705 3218
286 595
3712 4580
1172 2881
3512 4330
659 3018
3197 5705
2749 4116
531 927
369 1497
1067 5190
248 2536
4382 5515
876 1917
1893 4061
629 1665
1478 2386
786 4287
1414 3714
297 357
204 2559
3302 5940
172 1046
420 2132
1364 4227
703 1596
1316 2068
504 4724
1465 1547
283 3063
4288 4916
1232 3995
644 2340
2357 3419
3971 4883
937 5302
2106 4405
1854 4509
9 148
1642 4942
157 2795
3888 5892
2776 5685
545 3465
2814 5547
1737 4731
1859 5518
425 716
1416 4367
978 2190
1972 2767
3110 3746
4928 5234
2920 4819
1048 3377
2284 2787
1217 2508
382 4262
339 400
1727 2017
3815 5848
410 3400
637 731
274 463
2551 3240
3263 3534
67 129
873 3094
1293 5799
379 437
4630 5178
1545 3386
1678 4333
98 117
2328 2560
190 243
3124 3338
1144 2050
1827 2778
1780 3681
3843 5441
434 5051
1379 3066
522 534
342 4713
4004 5366
1024 1603
3940 5028
1207 1722
706 2146
1374 1579
1035 1120
209 1792
915 2207
2380 5997
1234 2084
1083 1845
1356 2234
1564 2110
1375 1659
924 1162
549 1229
823 1692
2043 2138
2537 2586
273 837
4726 5156
2431 2490
1207 1852
181 236
1001 1368
1761 4553
5539 5864
301 1087
3914 4815
213 426
2359 2626
406 454
3869 5384
561 1936
154 334
199 229
672 1415
570 1904
385 1356
2326 5546
535 2502
2976 3268
793 3006
422 755
1769 2358
846 1393
2226 3743
1899 2045
150 3696
1167 1797
2547 2693
4107 5053
375 4197
1316 3156
316 1436
1246 4151
2376 5865
64 128
217 276
957 1387
613 4339
371 857
363 4071
1339 2306
279 569
207 666
209 736
3292 4288
1167 3796
1916 2803
967 3402
194 281
3215 3234
758 5968
1402 1964
1594 2093
3028 5791
1132 2368
675 3024
5047 5794
392 440
546 1147
152 246
475 2616
2216 4319
919 1154
4017 4729
1492 5061
5780 5938
587 4112
1236 3008
3666 5274
308 1737
1838 2917
3217 4737
195 446
3024 5970
217 392
1635 2958
1967 2278
1642 2478
759 4213
949 5642
1923 5606
592 819
3431 4575
150 202
1085 2370
1086 2936
3225 3900
1116 2971
459 5017
959 1529
1370 2436
1581 3316
194 1386
1482 3727
3564 5905
1434 1704
198 204
303 3545
1751 1875
210 1674
1210 1367
3398 4642
305 954
262 1968
3332 3686
2589 4203
1616 5952
1442 3371
649 3141
658 1808
1043 4873
2705 4424
3928 4863
2400 4524
733 2786
683 2216
544 5363
650 2926
506 1412
507 4080
665 916
824 924
592 840
1216 2496
164 224
186 1375
893 2687
900 3429
462 705
151 235
422 3733
409 738
1062 5757
3669 4132
2881 3188
1301 2236
571 3322
185 283
257 690
429 4738
253 5124
4014 4184
299 3210
4313 5911
1614 2713
1243 1405
404 656
1439 1625
1912 5508
635 950
1815 4693
1028 3860
3363 5692
10 33
528 4371
3238 4635
4360 4708
682 1076
1045 1308
164 2362
2191 3151
3801 4888
1947 4383
2295 3256
3608 5743
2145 2722
830 4470
3558 4832
2579 3064
705 4200
900 1168
236 346
253 289
3461 3953
349 2158
1213 3250
462 557
2899 3638
1189 4866
4201 4885
4304 5877
2697 2718
3480 5883
2935 5893
173 5979
2933 3009
32 70
667 2781
227 2062
2238 3200
2643 2851
260 3270
2548 4037
359 1948
3112 5856
495 1736
1535 5046
240 350
2199 2649
281 1158
2706 5425
1132 4149
3951 4010
2664 3843
2797 3019
3374 4158
3163 5328
1699 4806
180 5336
3564 4488
185 506
437 1983
727 4839
1363 4649
340 4764
509 1000
989 1848
1962 2610
2093 5528
89 119
610 2097
1445 2532
2720 3172
2874 2946
245 4285
44 105
2867 4437
337 644
4635 5471
62 120
4198 5654
1165 4531
3165 3639
3987 5443
1427 2479
1915 2798
602 1081
218 5064
1543 3606
1208 1611
2689 2714
1953 3021
4351 4849
1281 1301
1240 1656
916 1228
319 600
2238 4120
523 3222
1610 4372
3195 5329
3192 5565
2283 4382
382 3978
1054 3130
593 609
190 193
1710 2030
1974 4790
1807 2865
644 3926
881 1775
1665 5874
707 3747
4279 4586
707 1796
200 242
681 685
4394 5943
942 3038
3684 4495
1915 4851
3211 4163
2910 3014
217 752
2998 5699
1560 3346
3003 3409
177 386
4329 5169
203 277
3616 4522
2463 2745
203 648
3499 3568
208 1619
2635 3036
2038 3525
130 143
679 4085
989 1801
164 4310
179 368
2166 2583
2549 3100
837 3966
735 3793
1348 2449
148 717
1697 2383
1065 4023
3176 3420
1006 1403
1289 4921
2352 3017
306 3447
1307 3692
2077 3741
188 575
2383 2429
855 1551
1094 1181
3013 5174
1186 2985
1736 5093
1775 5119
394 1321
368 559
228 774
3509 4280
1891 3189
931 1057
2387 4501
108 109
177 1695
767 2293
3623 3839
3011 3703
2347 2513
87 114
553 554
3481 3623
3196 4752
1074 1236
150 456
2511 2540
2091 5309
909 1286
3490 3609
1654 3033
730 1024
425 996
645 2396
2585 4279
1873 3131
258 3940
1720 4996
541 1859
148 2652
778 3586
2989 3756
4443 4541
1304 5032
799 851
722 3192
3380 4335
5546 5708
4347 4968
1053 2468
547 3624
189 493
1749 5288
4631 5886
330 2361
739 773
647 1379
2926 4466
524 1831
1791 5270
1410 3445
4768 4772
1152 4374
2059 2263
1260 2219
3960 5728
1547 3472
546 1102
4193 4373
651 882
845 2249
2751 3716
342 462
4800 5307
1340 2046
3152 4191
3173 5256
2483 3594
1762 2404
1379 2552
2195 3237
1187 4985
3065 4726
2274 3107
2337 5106
65 91
4851 5503
188 383
1928 3252
349 2920
203 818
983 3759
3311 4230
162 5746
2976 5636
1253 5524
1429 2823
975 1009
871 3376
2499 3937
510 1312
703 713
1000 4138
959 3532
1266 1612
1007 5698
160 3789
307 874
2073 2442
857 1947
302 4278
661 1241
502 1225
3112 4538
652 848
1521 3161
236 1016
1239 1245
622 2338
1385 1871
2658 4637
1380 2007
1580 4831
769 1361
1904 4375
1812 4995
1701 2106
1141 1426
771 1484
319 586
624 3306
1574 4587
3702 5286
172 5157
724 2201
2106 4911
176 582
301 2003
221 269
5385 5446
783 982
2304 3608
160 288
4385 5090
5548 5560
2289 4542
2359 3096
1801 2995
3530 5091
4688 4778
1398 3528
1122 1248
189 1138
2485 3330
286 753
836 3713
19 106
905 1780
3458 5490
783 3601
408 1096
534 1020
3819 4369
926 1041
1223 2984
3586 5144
1252 3830
256 298
2388 2859
1094 1150
2568 3109
1475 4167
297 858
880 5197
1736 4188
816 2666
1425 1455
1377 5025
109 128
995 1035
3972 4801
715 1565
3003 3518
629 1092
3547 5722
2889 4101
2041 2910
35 74
241 384
3191 3524
766 4904
4178 5929
2356 3143
267 1618
192 581
1665 2523
307 2668
30 93
2681 3986
1092 3544
100 125
205 5506
274 297
1958 2448
475 2044
1935 3504
1104 1523
1043 4428
4181 5845
2200 2880
4752 4812
1304 1952
2713 5912
589 4644
1080 1860
290 651
1363 1918
4028 5731
2446 2704
632 2179
1391 3340
144 146
2085 3370
5102 5180
36 118
2796 5937
3638 3724
279 623
2692 5060
2071 4299
944 1493
1115 3731
165 4515
4183 4228
590 1038
4405 4557
2049 3101
1065 1475
3430 4451
379 5239
614 1561
1689 2557
1015 2822
3189 5640
382 434
2440 5068
4684 5519
973 3541
185 275
486 1734
1798 5557
251 274
3133 5604
1111 3735
1195 1629
312 365
442 4932
930 1133
631 725
426 1995
2950 5638
3754 4353
4195 4271
3549 5418
357 4395
923 2148
902 1261
4653 5330
332 4763
799 1015
1919 4604
465 601
787 2571
1854 1996
4054 5134
31 89
3554 4592
1729 4088
327 2195
4151 4964
5453 5816
2333 3012
2534 2952
2315 3023
422 707
2807 5538
2397 4821
2109 4917
3116 3397
3058 4347
965 1175
3976 4267
4780 5868
1745 1866
1578 2784
284 585
1581 3453
248 1587
4798 5531
613 2751
232 869
1364 2447
822 4483
2083 2433
535 1727
1730 2070
671 957
480 2575
223 1623
395 1861
1215 1696
4046 4982
602 1329
1326 4060
602 3087
1596 5859
964 1477
165 2888
1564 3592
243 5362
1314 1332
1417 4020
3995 5114
1711 2830
154 625
