20 100
00011000011001100100 3
11010001011101111101 4
00111100011000111101 5
00001001000100110001 3
11110001011010110001 5
10101100000010000001 4
10111111010010110101 7
10010111110111100000 5
11011110101111001110 6
10000000011000010101 2
10001101001111000000 2
00000001010011101111 3
01011110101000110011 7
11000101001111101000 2
01101000000110011110 3
10110111001011000010 5
11111110110110110110 8
11010100001010000100 2
10010011011100100100 4
10010011001011001110 4
10001010011010001101 4
00001000000110101111 4
10111100000110111011 7
00100000101111011101 3
10100000111001110000 4
00010010001001000100 2
01001101111100000011 4
11101010011101101111 7
01010001111101100100 3
10111010010100011100 5
00011101001001100001 4
00011001101100000011 5
10010001001011010001 3
11111010011101011101 6
00100001101101101001 4
10000111110111110111 6
01110101100010110010 5
10010110111001111011 7
01011000100100001001 4
00000001001110101100 1
01000011000001010100 1
00010010101101100110 5
10010010010001011000 3
10111011110000000101 7
10000001100110110000 3
00010000000011001101 2
11001111101101111010 6
11010110011111011100 3
10110011110010011010 6
00000110000000011011 3
10110101010010010010 4
01001111111111101010 5
00101010010100101010 5
01010001111111010011 4
11100010011010101110 5
00011001011010011101 3
10010101011101010001 3
01011111011111111100 4
10010000011010110001 4
01100011010011001100 2
00101000001001001011 4
00110100101011111011 6
10010110010010101101 5
10110010100110101010 7
11001000101110101110 5
10011111110110110100 6
11001010011010111111 6
11000101010001001000 1
00001000010100001011 3
01111001010111100100 4
00010100010101100100 2
01101111001111110111 6
10010110101010011111 6
10010001010011011010 3
01011010111001100000 5
11011000000100111110 5
00010000100101100110 4
10001000001100000100 2
10111100001010110001 6
01100111011010100010 4
01001010001011000101 3
11001001001010110001 4
00101110010110111100 4
00011001101101011001 4
01001001100001101010 4
01100001100100100100 3
00111010101110101110 7
01010110011000000111 4
11000001111101100100 3
01111001000101111110 5
00000110011101000000 1
11111011111100001100 6
11111111001001001100 5
10011110000001000100 4
01001000011101101110 3
10000101110001111011 5
01010011101101100001 5
00001101010100100111 4
00111000100001010011 6
10011111100110000011 7
