250
28 86
240 246
96 123
235 249
124 134
27 104
117 132
217 218
219 220
199 200
60 119
129 137
212 213
151 152
180 181
141 143
77 112
26 83
171 172
230 231
176 177
42 43
43 148
134 138
178 179
4 88
38 146
237 241
128 147
100 125
14 83
155 156
125 139
53 57
46 75
18 31
110 128
3 100
115 119
8 123
220 221
121 134
234 237
211 212
167 168
170 171
118 128
163 164
206 207
131 147
242 243
22 63
10 33
73 78
70 97
168 169
35 74
12 139
86 144
225 226
92 125
196 197
116 122
48 63
34 74
190 191
224 225
153 154
112 131
203 204
202 203
31 89
41 47
99 110
182 183
103 114
84 98
144 146
139 144
161 162
221 222
210 211
39 134
233 234
119 146
218 219
165 166
209 210
9 148
140 147
32 70
114 146
150 151
193 194
214 215
197 198
97 99
120 141
24 136
184 185
20 63
213 214
101 110
5 51
17 137
90 145
2 23
148 149
237 239
105 120
76 103
30 93
195 196
215 216
44 105
192 193
51 132
55 115
179 180
137 145
204 205
19 106
63 73
156 157
183 184
62 120
205 206
243 248
175 176
222 223
235 242
234 238
191 192
15 41
154 155
106 127
66 117
164 165
152 153
33 134
231 232
36 118
13 136
78 147
75 141
146 147
29 109
79 128
107 141
158 159
7 32
21 119
37 117
123 140
200 201
177 178
133 143
169 170
91 139
136 139
93 125
74 92
50 128
67 129
149 150
147 148
65 91
102 110
6 92
98 117
45 123
95 107
94 116
174 175
235 247
109 128
189 190
132 134
198 199
23 110
89 119
241 245
80 128
181 182
16 126
72 105
127 141
226 227
135 141
242 244
194 195
162 163
126 140
232 233
187 188
111 137
81 116
172 173
59 146
228 229
71 124
57 69
223 224
216 217
58 95
166 167
40 110
82 112
142 148
61 140
83 89
159 160
113 135
122 147
208 209
49 50
244 250
229 230
88 99
227 228
188 189
143 145
56 144
69 97
185 186
234 235
1 60
138 143
85 147
157 158
201 202
25 123
235 236
87 114
104 130
64 128
52 59
130 143
108 109
186 187
207 208
54 67
235 240
145 146
68 123
47 137
160 161
173 174
11 18
